submission_date,state,tot_cases,conf_cases,prob_cases,new_case,pnew_case,tot_death,conf_death,prob_death,new_death,pnew_death,created_at,consent_cases,consent_deaths
2020/01/22,CO,0,,,0,,0,,,0,,3/26/2020 16:22,Agree,Agree
2020/01/23,CO,0,,,0,,0,,,0,,3/26/2020 16:22,Agree,Agree
2020/01/24,CO,0,,,0,,0,,,0,,3/26/2020 16:22,Agree,Agree
2020/01/25,CO,0,,,0,,0,,,0,,3/26/2020 16:22,Agree,Agree
2020/01/26,CO,0,,,0,,0,,,0,,3/26/2020 16:22,Agree,Agree
2020/01/27,CO,0,,,0,,0,,,0,,3/26/2020 16:22,Agree,Agree
2020/01/28,CO,0,,,0,,0,,,0,,3/26/2020 16:22,Agree,Agree
2020/01/29,CO,0,,,0,,0,,,0,,3/26/2020 16:22,Agree,Agree
2020/01/30,CO,0,,,0,,0,,,0,,3/26/2020 16:22,Agree,Agree
2020/01/31,CO,0,,,0,,0,,,0,,3/26/2020 16:22,Agree,Agree
2020/02/01,CO,0,,,0,,0,,,0,,3/26/2020 16:22,Agree,Agree
2020/02/02,CO,0,,,0,,0,,,0,,3/26/2020 16:22,Agree,Agree
2020/02/03,CO,0,,,0,,0,,,0,,3/26/2020 16:22,Agree,Agree
2020/02/04,CO,0,,,0,,0,,,0,,3/26/2020 16:22,Agree,Agree
2020/02/05,CO,0,,,0,,0,,,0,,3/26/2020 16:22,Agree,Agree
2020/02/06,CO,0,,,0,,0,,,0,,3/26/2020 16:22,Agree,Agree
2020/02/07,CO,0,,,0,,0,,,0,,3/26/2020 16:22,Agree,Agree
2020/02/08,CO,0,,,0,,0,,,0,,3/26/2020 16:22,Agree,Agree
2020/02/09,CO,0,,,0,,0,,,0,,3/26/2020 16:22,Agree,Agree
2020/02/10,CO,0,,,0,,0,,,0,,3/26/2020 16:22,Agree,Agree
2020/02/11,CO,0,,,0,,0,,,0,,3/26/2020 16:22,Agree,Agree
2020/02/12,CO,0,,,0,,0,,,0,,3/26/2020 16:22,Agree,Agree
2020/02/13,CO,0,,,0,,0,,,0,,3/26/2020 16:22,Agree,Agree
2020/02/14,CO,0,,,0,,0,,,0,,3/26/2020 16:22,Agree,Agree
2020/02/15,CO,0,,,0,,0,,,0,,3/26/2020 16:22,Agree,Agree
2020/02/16,CO,0,,,0,,0,,,0,,3/26/2020 16:22,Agree,Agree
2020/02/17,CO,0,,,0,,0,,,0,,3/26/2020 16:22,Agree,Agree
2020/02/18,CO,0,,,0,,0,,,0,,3/26/2020 16:22,Agree,Agree
2020/02/19,CO,0,,,0,,0,,,0,,3/26/2020 16:22,Agree,Agree
2020/02/20,CO,0,,,0,,0,,,0,,3/26/2020 16:22,Agree,Agree
2020/02/21,CO,0,,,0,,0,,,0,,3/26/2020 16:22,Agree,Agree
2020/02/22,CO,0,,,0,,0,,,0,,3/26/2020 16:22,Agree,Agree
2020/02/23,CO,0,,,0,,0,,,0,,3/26/2020 16:22,Agree,Agree
2020/02/24,CO,0,,,0,,0,,,0,,3/26/2020 16:22,Agree,Agree
2020/02/25,CO,0,,,0,,0,,,0,,3/26/2020 16:22,Agree,Agree
2020/02/26,CO,0,,,0,,0,,,0,,3/26/2020 16:22,Agree,Agree
2020/02/27,CO,0,,,0,,0,,,0,,3/26/2020 16:22,Agree,Agree
2020/02/28,CO,0,,,0,,0,,,0,,3/26/2020 16:22,Agree,Agree
2020/02/29,CO,0,,,0,,0,,,0,,3/26/2020 16:22,Agree,Agree
2020/03/01,CO,0,,,0,,0,,,0,,3/26/2020 16:22,Agree,Agree
2020/03/02,CO,0,,,0,,0,,,0,,3/26/2020 16:22,Agree,Agree
2020/03/03,CO,0,,,0,,0,,,0,,3/26/2020 16:22,Agree,Agree
2020/03/04,CO,0,,,0,,0,,,0,,3/26/2020 16:22,Agree,Agree
2020/03/05,CO,1,,,1,,0,,,0,,3/26/2020 16:22,Agree,Agree
2020/03/06,CO,2,,,1,,0,,,0,,3/26/2020 16:22,Agree,Agree
2020/03/07,CO,8,,,6,,0,,,0,,3/26/2020 16:22,Agree,Agree
2020/03/08,CO,8,,,0,,0,,,0,,3/26/2020 16:22,Agree,Agree
2020/03/09,CO,12,,,4,,0,,,0,,3/26/2020 16:22,Agree,Agree
2020/03/10,CO,17,,,5,,0,,,0,,3/26/2020 16:22,Agree,Agree
2020/03/11,CO,34,,,17,,0,,,0,,3/26/2020 16:22,Agree,Agree
2020/03/12,CO,49,,,15,,0,,,0,,3/26/2020 16:22,Agree,Agree
2020/03/13,CO,49,,,0,,0,,,0,,3/26/2020 16:22,Agree,Agree
2020/03/14,CO,49,,,0,,0,,,0,,3/26/2020 16:22,Agree,Agree
2020/03/15,CO,144,,,95,,1,,,1,,3/26/2020 16:22,Agree,Agree
2020/03/16,CO,160,,,16,,1,,,0,,3/26/2020 16:22,Agree,Agree
2020/03/17,CO,183,,,23,,2,,,1,,3/26/2020 16:22,Agree,Agree
2020/03/18,CO,216,,,33,,2,,,0,,3/26/2020 16:22,Agree,Agree
2020/03/19,CO,277,,,61,,2,,,0,,3/26/2020 16:22,Agree,Agree
2020/03/20,CO,363,,,86,,4,,,2,,3/26/2020 16:22,Agree,Agree
2020/03/21,CO,475,,,112,,5,,,1,,3/26/2020 16:22,Agree,Agree
2020/03/22,CO,591,,,116,,6,,,1,,3/26/2020 16:22,Agree,Agree
2020/03/23,CO,720,,,129,,7,,,1,,3/26/2020 16:22,Agree,Agree
2020/03/24,CO,921,,,201,,11,,,4,,3/26/2020 16:22,Agree,Agree
2020/03/25,CO,1086,,,165,,19,,,8,,3/26/2020 16:22,Agree,Agree
2020/03/26,CO,1430,,,344,,24,,,5,,3/26/2020 16:22,Agree,Agree
2020/03/27,CO,1734,,,304,,31,,,7,,3/26/2020 16:22,Agree,Agree
2020/03/28,CO,2061,,,327,,44,,,13,,3/28/2020 16:22,Agree,Agree
2020/03/29,CO,2307,,,246,,47,,,3,,3/28/2020 16:22,Agree,Agree
2020/03/30,CO,2627,,,320,,51,,,4,,3/29/2020 16:22,Agree,Agree
2020/03/31,CO,2966,,,339,,69,,,18,,3/30/2020 16:22,Agree,Agree
2020/04/01,CO,3342,,,376,,80,,,11,,3/31/2020 16:22,Agree,Agree
2020/04/02,CO,3728,,,386,,97,,,17,,4/1/2020 16:22,Agree,Agree
2020/04/03,CO,4173,,,445,,111,,,14,,4/3/2020 16:22,Agree,Agree
2020/04/04,CO,4565,,,392,,126,,,15,,4/3/2020 16:22,Agree,Agree
2020/04/05,CO,4950,,,385,,140,,,14,,4/4/2020 16:22,Agree,Agree
2020/04/06,CO,5172,,,222,,150,,,10,,4/5/2020 16:22,Agree,Agree
2020/04/07,CO,5429,,,257,,179,,,29,,4/7/2020 16:22,Agree,Agree
2020/04/08,CO,5655,,,226,,193,,,14,,4/7/2020 16:22,Agree,Agree
2020/04/09,CO,6202,,,547,,226,,,33,,4/8/2020 16:22,Agree,Agree
2020/04/10,CO,6365,,,163,,250,,,24,,4/9/2020 16:22,Agree,Agree
2020/04/11,CO,6893,,,528,,274,,,24,,4/10/2020 16:22,Agree,Agree
2020/04/12,CO,7303,,,410,,290,,,16,,4/11/2020 16:22,Agree,Agree
2020/04/13,CO,7691,,,388,,308,,,18,,4/12/2020 16:22,Agree,Agree
2020/04/14,CO,7941,,,250,,329,,,21,,4/13/2020 16:22,Agree,Agree
2020/04/15,CO,8280,,,339,,357,,,28,,4/15/2020 16:22,Agree,Agree
2020/04/16,CO,8582,7941,641,302,641,373,363,10,16,10,4/16/2020 16:22,Agree,Agree
2020/04/17,CO,9047,,,465,,391,,,18,,4/17/2020 16:22,Agree,Agree
2020/04/18,CO,9433,,,386,,411,,,20,,4/18/2020 16:22,Agree,Agree
2020/04/19,CO,9634,8915,719,201,719,421,408,13,10,13,4/19/2020 16:22,Agree,Agree
2020/04/20,CO,10019,9260,759,385,40,448,435,13,27,0,4/20/2020 16:22,Agree,Agree
2020/04/21,CO,10368,9536,832,349,73,485,471,14,37,1,4/21/2020 16:22,Agree,Agree
2020/04/22,CO,10825,9878,947,457,115,507,491,16,22,2,4/22/2020 16:22,Agree,Agree
2020/04/23,CO,11182,10208,974,357,27,551,526,25,44,9,5/25/2020 15:38,Agree,Agree
2020/04/24,CO,12184,10995,1189,1002,215,672,551,121,121,96,5/25/2020 15:38,Agree,Agree
2020/04/25,CO,12868,11533,1335,684,146,670,564,106,-2,-15,5/25/2020 15:38,Agree,Agree
2020/04/26,CO,13350,11980,1370,482,35,679,572,107,9,1,5/25/2020 15:38,Agree,Agree
2020/04/27,CO,13798,12374,1424,448,54,706,595,111,27,4,5/25/2020 15:38,Agree,Agree
2020/04/28,CO,14238,12741,1497,440,73,736,617,119,30,8,4/29/2020 18:12,Agree,Agree
2020/04/29,CO,14675,13148,1527,437,30,766,642,124,30,5,4/30/2020 16:07,Agree,Agree
2020/04/30,CO,15182,13637,1545,507,18,777,652,125,11,1,5/1/2020 21:00,Agree,Agree
2020/05/01,CO,15668,14078,1590,486,45,820,693,127,43,2,5/2/2020 15:47,Agree,Agree
2020/05/02,CO,16120,14498,1622,452,32,832,701,131,12,4,5/3/2020 15:36,Agree,Agree
2020/05/03,CO,16534,14897,1637,414,15,842,705,137,10,6,5/4/2020 22:49,Agree,Agree
2020/05/04,CO,16878,15169,1709,344,72,851,712,139,9,2,5/5/2020 17:25,Agree,Agree
2020/05/05,CO,17317,15600,1717,439,8,903,762,141,52,2,5/6/2020 16:23,Agree,Agree
2020/05/06,CO,17738,16012,1726,421,9,921,778,143,18,2,5/7/2020 22:59,Agree,Agree
2020/05/07,CO,18318,16532,1786,580,60,944,800,144,23,1,5/8/2020 21:26,Agree,Agree
2020/05/08,CO,18793,16969,1824,475,38,960,817,143,16,-1,5/9/2020 21:26,Agree,Agree
2020/05/09,CO,19316,17491,1825,523,1,967,824,143,7,0,5/10/2020 21:26,Agree,Agree
2020/05/10,CO,19632,17809,1823,316,-2,971,828,143,4,0,5/11/2020 21:26,Agree,Agree
2020/05/11,CO,19735,17893,1842,103,19,986,842,144,15,1,5/12/2020 17:26,Agree,Agree
2020/05/12,CO,20091,18211,1880,356,38,1006,855,151,20,7,5/13/2020 15:26,Agree,Agree
2020/05/13,CO,20401,18461,1940,310,60,1059,881,178,53,27,5/14/2020 17:25,Agree,Agree
2020/05/14,CO,20762,18804,1958,361,18,1090,906,184,31,6,5/15/2020 16:11,Agree,Agree
2020/05/15,CO,21131,19151,1980,369,22,1150,944,206,60,22,5/16/2020 15:46,Agree,Agree
2020/05/16,CO,21511,19507,2004,380,24,1192,963,229,42,23,5/17/2020 15:27,Agree,Agree
2020/05/17,CO,21797,19773,2024,286,20,1215,966,249,23,20,5/18/2020 16:01,Agree,Agree
2020/05/18,CO,22095,20028,2067,298,43,1224,975,249,9,0,5/19/2020 15:45,Agree,Agree
2020/05/19,CO,22399,20304,2095,304,28,1257,1001,256,33,7,5/20/2020 15:28,Agree,Agree
2020/05/20,CO,22752,20595,2157,353,62,1299,1026,273,42,17,5/21/2020 15:41,Agree,Agree
2020/05/21,CO,23121,20903,2218,369,61,1309,1036,273,10,0,5/22/2020 15:31,Agree,Agree
2020/05/22,CO,23455,21202,2253,334,35,1323,1048,275,14,2,5/23/2020 17:58,Agree,Agree
2020/05/23,CO,23937,21657,2280,482,27,1327,1052,275,4,0,5/24/2020 14:15,Agree,Agree
2020/05/24,CO,24137,21857,2280,200,0,1330,1055,275,3,0,5/25/2020 14:12,Agree,Agree
2020/05/25,CO,24226,21941,2285,89,5,1331,1056,275,1,0,5/26/2020 14:23,Agree,Agree
2020/05/26,CO,24503,22208,2295,277,10,1350,1075,275,19,0,5/27/2020 15:37,Agree,Agree
2020/05/27,CO,24995,22640,2355,492,60,1392,1096,296,42,21,5/28/2020 15:12,Agree,Agree
2020/05/28,CO,25121,22758,2363,126,8,1421,1115,306,29,10,5/29/2020 14:19,Agree,Agree
2020/05/29,CO,25613,23172,2441,492,78,1436,1129,307,15,1,5/30/2020 15:47,Agree,Agree
2020/05/30,CO,26098,23667,2431,485,-10,1443,1138,305,7,-2,5/31/2020 14:43,Agree,Agree
2020/05/31,CO,26378,23949,2429,280,-2,1445,1140,305,2,0,6/1/2020 14:17,Agree,Agree
2020/06/01,CO,26577,24109,2468,199,39,1458,1152,306,13,1,6/2/2020 14:16,Agree,Agree
2020/06/02,CO,26788,24311,2477,211,9,1474,1162,312,16,6,6/3/2020 14:11,Agree,Agree
2020/06/03,CO,27060,24557,2503,272,26,1494,1182,312,20,0,6/4/2020 15:03,Agree,Agree
2020/06/04,CO,27360,24848,2512,300,9,1512,1195,317,18,5,6/5/2020 15:17,Agree,Agree
2020/06/05,CO,27615,25099,2516,255,4,1524,1205,319,12,2,6/6/2020 14:31,Agree,Agree
2020/06/06,CO,27848,25319,2529,233,13,1527,1209,318,3,-1,6/7/2020 14:23,Agree,Agree
2020/06/07,CO,28001,25457,2544,153,15,1527,1209,318,0,0,6/8/2020 14:55,Agree,Agree
2020/06/08,CO,28183,25627,2556,182,12,1543,1224,319,16,1,6/9/2020 16:49,Agree,Agree
2020/06/09,CO,28347,25787,2560,164,4,1553,1233,320,10,1,6/10/2020 20:56,Agree,Agree
2020/06/10,CO,28499,25915,2584,152,24,1573,1250,323,20,3,6/11/2020 14:48,Agree,Agree
2020/06/11,CO,28647,26040,2607,148,23,1583,1258,325,10,2,6/12/2020 14:17,Agree,Agree
2020/06/12,CO,28822,26215,2607,175,0,1595,1268,327,12,2,6/13/2020 17:46,Agree,Agree
2020/06/13,CO,29017,26408,2609,195,2,1598,1272,326,3,-1,6/14/2020 14:19,Agree,Agree
2020/06/14,CO,29130,26523,2607,113,-2,1599,1273,326,1,0,6/15/2020 14:33,Agree,Agree
2020/06/15,CO,29299,26666,2633,169,26,1605,1279,326,6,0,6/16/2020 14:10,Agree,Agree
2020/06/16,CO,29442,26795,2647,143,14,1617,1291,326,12,0,6/17/2020 15:06,Agree,Agree
2020/06/17,CO,29673,27003,2670,231,23,1631,1299,332,14,6,6/18/2020 17:16,Agree,Agree
2020/06/18,CO,29901,27218,2683,228,13,1638,1303,335,7,3,6/19/2020 15:01,Agree,Agree
2020/06/19,CO,30187,27453,2734,286,51,1643,1306,337,5,2,6/20/2020 14:15,Agree,Agree
2020/06/20,CO,30349,27608,2741,162,7,1647,1310,337,4,0,6/21/2020 14:32,Agree,Agree
2020/06/21,CO,30539,27800,2739,190,-2,1647,1310,337,0,0,6/22/2020 15:24,Agree,Agree
2020/06/22,CO,30705,27959,2746,166,7,1651,1314,337,4,0,6/23/2020 14:28,Agree,Agree
2020/06/23,CO,30893,28138,2755,188,9,1665,1330,335,14,-2,6/24/2020 15:03,Agree,Agree
2020/06/24,CO,31155,28374,2781,262,26,1667,1335,332,2,-3,6/25/2020 14:07,Agree,Agree
2020/06/25,CO,31479,28674,2805,324,24,1669,1337,332,2,0,6/26/2020 19:18,Agree,Agree
2020/06/26,CO,31796,28972,2824,317,19,1673,1342,331,4,-1,6/27/2020 17:51,Agree,Agree
2020/06/27,CO,32022,29194,2828,226,4,1674,1343,331,1,0,6/28/2020 14:59,Agree,Agree
2020/06/28,CO,32307,29476,2831,285,3,1676,1344,332,2,1,6/29/2020 14:37,Agree,Agree
2020/06/29,CO,32511,29651,2860,204,29,1682,1350,332,6,0,6/30/2020 15:27,Agree,Agree
2020/06/30,CO,32715,29844,2871,204,11,1690,1355,335,8,3,7/1/2020 15:45,Agree,Agree
2020/07/01,CO,33029,30133,2896,314,25,1697,1362,335,7,0,7/2/2020 15:10,Agree,Agree
2020/07/02,CO,33352,30453,2899,323,3,1701,1365,336,4,1,7/3/2020 15:01,Agree,Agree
2020/07/03,CO,33612,30715,2897,260,-2,1701,1365,336,0,0,7/4/2020 15:30,Agree,Agree
2020/07/04,CO,33866,30970,2896,254,-1,1701,1365,336,0,0,7/5/2020 15:00,Agree,Agree
2020/07/05,CO,34065,31168,2897,199,1,1701,1365,336,0,0,7/6/2020 15:16,Agree,Agree
2020/07/06,CO,34257,31368,2889,192,-8,1691,1367,324,-10,-12,7/7/2020 14:58,Agree,Agree
2020/07/07,CO,34664,31736,2928,407,39,1696,1372,324,5,0,7/8/2020 14:12,Agree,Agree
2020/07/08,CO,35116,32138,2978,452,50,1704,1377,327,8,3,7/9/2020 15:14,Agree,Agree
2020/07/09,CO,35525,32546,2979,409,1,1706,1379,327,2,0,7/10/2020 15:35,Agree,Agree
2020/07/10,CO,36191,33189,3002,666,23,1724,1397,327,18,0,7/11/2020 18:25,Agree,Agree
2020/07/11,CO,36591,33587,3004,400,2,1725,1398,327,1,0,7/12/2020 15:13,Agree,Agree
2020/07/12,CO,36913,33911,3002,322,-2,1725,1398,327,0,0,7/13/2020 15:19,Agree,Agree
2020/07/13,CO,37242,34229,3013,329,11,1727,1400,327,2,0,7/14/2020 15:13,Agree,Agree
2020/07/14,CO,37686,34663,3023,444,10,1738,1408,330,11,3,7/15/2020 15:05,Agree,Agree
2020/07/15,CO,38155,35126,3029,469,6,1744,1413,331,6,1,7/16/2020 14:22,Agree,Agree
2020/07/16,CO,38726,35690,3036,571,7,1745,1413,332,1,1,7/17/2020 14:31,Agree,Agree
2020/07/17,CO,39344,36260,3084,618,48,1751,1419,332,6,0,7/18/2020 16:14,Agree,Agree
2020/07/18,CO,39788,36698,3090,444,6,1752,1420,332,1,0,7/19/2020 15:05,Agree,Agree
2020/07/19,CO,40142,37041,3101,354,11,1752,1420,332,0,0,7/20/2020 14:35,Agree,Agree
2020/07/20,CO,40566,37471,3095,424,-6,1758,1426,332,6,0,7/21/2020 14:50,Agree,Agree
2020/07/21,CO,41059,37947,3112,493,17,1763,1430,333,5,1,7/22/2020 14:51,Agree,Agree
2020/07/22,CO,41698,38562,3136,639,24,1771,1435,336,8,3,7/23/2020 14:48,Agree,Agree
2020/07/23,CO,42314,39163,3151,616,15,1786,1450,336,15,0,7/24/2020 14:18,Agree,Agree
2020/07/24,CO,42980,39822,3158,666,7,1790,1454,336,4,0,7/25/2020 17:40,Agree,Agree
2020/07/25,CO,43789,40628,3161,809,3,1794,1458,336,4,0,7/26/2020 15:17,Agree,Agree
2020/07/26,CO,44336,41174,3162,547,1,1794,1458,336,0,0,7/27/2020 14:16,Agree,Agree
2020/07/27,CO,44565,41400,3165,229,3,1799,1463,336,5,0,7/28/2020 14:21,Agree,Agree
2020/07/28,CO,45314,42149,3165,749,0,1807,1470,337,8,1,7/29/2020 14:34,Agree,Agree
2020/07/29,CO,45796,42626,3170,482,5,1822,1483,339,15,2,7/30/2020 14:42,Agree,Agree
2020/07/30,CO,46204,43032,3172,408,2,1822,1483,339,0,0,7/31/2020 14:35,Agree,Agree
2020/07/31,CO,46809,43626,3183,605,11,1838,1498,340,16,1,8/1/2020 14:38,Agree,Agree
2020/08/01,CO,47267,44077,3190,458,7,1844,1501,343,6,3,8/2/2020 14:54,Agree,Agree
2020/08/02,CO,47716,44527,3189,449,-1,1844,1502,342,0,-1,8/3/2020 14:31,Agree,Agree
2020/08/03,CO,47968,44773,3195,252,6,1844,1503,341,0,-1,8/4/2020 14:09,Agree,Agree
2020/08/04,CO,48394,45177,3217,426,22,1849,1508,341,5,0,8/5/2020 14:13,Agree,Agree
2020/08/05,CO,48988,45755,3233,594,16,1851,1510,341,2,0,8/6/2020 14:12,Agree,Agree
2020/08/06,CO,49436,46200,3236,448,3,1852,1511,341,1,0,8/7/2020 23:57,Agree,Agree
2020/08/07,CO,49893,46656,3237,457,1,1857,1516,341,5,0,8/8/2020 14:58,Agree,Agree
2020/08/08,CO,50324,47083,3241,431,4,1857,1516,341,0,0,8/9/2020 14:03,Agree,Agree
2020/08/09,CO,50660,47367,3293,336,52,1858,1517,341,1,0,8/10/2020 14:23,Agree,Agree
2020/08/10,CO,51039,47651,3388,379,95,1863,1522,341,5,0,8/11/2020 14:16,Agree,Agree
2020/08/11,CO,51441,48008,3433,402,45,1875,1533,342,12,1,8/12/2020 13:50,Agree,Agree
2020/08/12,CO,51756,48262,3494,315,61,1875,1533,342,0,0,8/13/2020 14:12,Agree,Agree
2020/08/13,CO,52129,48677,3452,373,-42,1882,1539,343,7,1,8/14/2020 14:30,Agree,Agree
2020/08/14,CO,52538,48985,3553,409,101,1888,1545,343,6,0,8/15/2020 14:02,Agree,Agree
2020/08/15,CO,52838,49278,3560,300,7,1896,1552,344,8,1,8/16/2020 14:57,Agree,Agree
2020/08/16,CO,53176,49611,3565,338,5,1896,1552,344,0,0,8/17/2020 14:26,Agree,Agree
2020/08/17,CO,53370,49801,3569,194,4,1896,1552,344,0,0,8/18/2020 14:26,Agree,Agree
2020/08/18,CO,53631,50050,3581,261,12,1899,1555,344,3,0,8/19/2020 14:23,Agree,Agree
2020/08/19,CO,53901,50313,3588,270,7,1900,1556,344,1,0,8/20/2020 15:11,Agree,Agree
2020/08/20,CO,54230,50627,3603,329,15,1903,1559,344,3,0,8/21/2020 14:27,Agree,Agree
2020/08/21,CO,54586,50967,3619,356,16,1910,1566,344,7,0,8/22/2020 14:21,Agree,Agree
2020/08/22,CO,54883,51258,3625,297,6,1918,1573,345,8,1,8/23/2020 14:15,Agree,Agree
2020/08/23,CO,55133,51505,3628,250,3,1918,1573,345,0,0,8/24/2020 13:54,Agree,Agree
2020/08/24,CO,55341,51676,3665,208,37,1919,1574,345,1,0,8/25/2020 14:02,Agree,Agree
2020/08/25,CO,55800,52074,3726,459,61,1926,1580,346,7,1,8/26/2020 13:51,Agree,Agree
2020/08/26,CO,55994,52229,3765,194,39,1927,1581,346,1,0,8/27/2020 13:42,Agree,Agree
2020/08/27,CO,56343,52562,3781,349,16,1931,1585,346,4,0,8/28/2020 13:43,Agree,Agree
2020/08/28,CO,56773,52958,3815,430,34,1937,1591,346,6,0,8/29/2020 13:42,Agree,Agree
2020/08/29,CO,57041,53209,3832,268,17,1944,1596,348,7,2,8/30/2020 14:49,Agree,Agree
2020/08/30,CO,57223,53394,3829,182,-3,1944,1596,348,0,0,8/31/2020 14:05,Agree,Agree
2020/08/31,CO,57424,53579,3845,201,16,1945,1597,348,1,0,9/1/2020 14:09,Agree,Agree
2020/09/01,CO,57775,53878,3897,351,52,1946,1598,348,1,0,9/2/2020 13:49,Agree,Agree
2020/09/02,CO,58019,54109,3910,244,13,1952,1604,348,6,0,9/3/2020 14:18,Agree,Agree
2020/09/03,CO,58287,54367,3920,268,10,1955,1606,349,3,1,9/4/2020 13:36,Agree,Agree
2020/09/04,CO,58655,54709,3946,368,26,1966,1617,349,11,0,9/5/2020 14:09,Agree,Agree
2020/09/05,CO,58989,54980,4009,334,63,1971,1622,349,5,0,9/6/2020 14:09,Agree,Agree
2020/09/06,CO,59274,55256,4018,285,9,1972,1623,349,1,0,9/7/2020 13:37,Agree,Agree
2020/09/07,CO,59487,55458,4029,213,11,1973,1623,350,1,1,9/8/2020 14:47,Agree,Agree
2020/09/08,CO,59674,55642,4032,187,3,1973,1623,350,0,0,9/9/2020 13:47,Agree,Agree
2020/09/09,CO,59920,55866,4054,246,22,1977,1627,350,4,0,9/10/2020 14:02,Agree,Agree
2020/09/10,CO,60185,56113,4072,265,18,1979,1629,350,2,0,9/11/2020 13:51,Agree,Agree
2020/09/11,CO,60492,56378,4114,307,42,1985,1634,351,6,1,9/12/2020 14:12,Agree,Agree
2020/09/12,CO,60907,56704,4203,415,89,1988,1637,351,3,0,9/13/2020 16:17,Agree,Agree
2020/09/13,CO,61324,57099,4225,417,22,1988,1637,351,0,0,9/14/2020 14:01,Agree,Agree
2020/09/14,CO,61699,57453,4246,375,21,1990,1639,351,2,0,9/15/2020 14:03,Agree,Agree
2020/09/15,CO,62099,57805,4294,400,48,1996,1645,351,6,0,9/16/2020 13:53,Agree,Agree
2020/09/16,CO,62686,58257,4429,587,135,2002,1651,351,6,0,9/17/2020 13:45,Agree,Agree
2020/09/17,CO,63145,58671,4474,459,45,2006,1655,351,4,0,9/18/2020 13:48,Agree,Agree
2020/09/18,CO,63750,59236,4514,605,40,2009,1658,351,3,0,9/19/2020 14:00,Agree,Agree
2020/09/19,CO,64356,59782,4574,606,60,2013,1662,351,4,0,9/20/2020 13:53,Agree,Agree
2020/09/20,CO,64857,60256,4601,501,27,2014,1663,351,1,0,9/21/2020 13:47,Agree,Agree
2020/09/21,CO,65399,60792,4607,542,6,2018,1666,352,4,1,9/22/2020 13:51,Agree,Agree
2020/09/22,CO,66053,61394,4659,654,52,2025,1672,353,7,1,9/23/2020 13:51,Agree,Agree
2020/09/23,CO,66669,61983,4686,616,27,2030,1676,354,5,1,9/24/2020 13:54,Agree,Agree
2020/09/24,CO,67217,62520,4697,548,11,2033,1678,355,3,1,9/25/2020 13:54,Agree,Agree
2020/09/25,CO,67926,63137,4789,709,92,2037,1682,355,4,0,9/26/2020 13:46,Agree,Agree
2020/01/22,FL,0,,,0,,0,,,0,,3/26/2020 16:22,Not agree,Not agree
2020/01/23,FL,0,,,0,,0,,,0,,3/26/2020 16:22,Not agree,Not agree
2020/01/24,FL,0,,,0,,0,,,0,,3/26/2020 16:22,Not agree,Not agree
2020/01/25,FL,0,,,0,,0,,,0,,3/26/2020 16:22,Not agree,Not agree
2020/01/26,FL,0,,,0,,0,,,0,,3/26/2020 16:22,Not agree,Not agree
2020/01/27,FL,0,,,0,,0,,,0,,3/26/2020 16:22,Not agree,Not agree
2020/01/28,FL,0,,,0,,0,,,0,,3/26/2020 16:22,Not agree,Not agree
2020/01/29,FL,0,,,0,,0,,,0,,3/26/2020 16:22,Not agree,Not agree
2020/01/30,FL,0,,,0,,0,,,0,,3/26/2020 16:22,Not agree,Not agree
2020/01/31,FL,0,,,0,,0,,,0,,3/26/2020 16:22,Not agree,Not agree
2020/02/01,FL,0,,,0,,0,,,0,,3/26/2020 16:22,Not agree,Not agree
2020/02/02,FL,0,,,0,,0,,,0,,3/26/2020 16:22,Not agree,Not agree
2020/02/03,FL,0,,,0,,0,,,0,,3/26/2020 16:22,Not agree,Not agree
2020/02/04,FL,0,,,0,,0,,,0,,3/26/2020 16:22,Not agree,Not agree
2020/02/05,FL,0,,,0,,0,,,0,,3/26/2020 16:22,Not agree,Not agree
2020/02/06,FL,0,,,0,,0,,,0,,3/26/2020 16:22,Not agree,Not agree
2020/02/07,FL,0,,,0,,0,,,0,,3/26/2020 16:22,Not agree,Not agree
2020/02/08,FL,0,,,0,,0,,,0,,3/26/2020 16:22,Not agree,Not agree
2020/02/09,FL,0,,,0,,0,,,0,,3/26/2020 16:22,Not agree,Not agree
2020/02/10,FL,0,,,0,,0,,,0,,3/26/2020 16:22,Not agree,Not agree
2020/02/11,FL,0,,,0,,0,,,0,,3/26/2020 16:22,Not agree,Not agree
2020/02/12,FL,0,,,0,,0,,,0,,3/26/2020 16:22,Not agree,Not agree
2020/02/13,FL,0,,,0,,0,,,0,,3/26/2020 16:22,Not agree,Not agree
2020/02/14,FL,0,,,0,,0,,,0,,3/26/2020 16:22,Not agree,Not agree
2020/02/15,FL,0,,,0,,0,,,0,,3/26/2020 16:22,Not agree,Not agree
2020/02/16,FL,0,,,0,,0,,,0,,3/26/2020 16:22,Not agree,Not agree
2020/02/17,FL,0,,,0,,0,,,0,,3/26/2020 16:22,Not agree,Not agree
2020/02/18,FL,0,,,0,,0,,,0,,3/26/2020 16:22,Not agree,Not agree
2020/02/19,FL,0,,,0,,0,,,0,,3/26/2020 16:22,Not agree,Not agree
2020/02/20,FL,0,,,0,,0,,,0,,3/26/2020 16:22,Not agree,Not agree
2020/02/21,FL,0,,,0,,0,,,0,,3/26/2020 16:22,Not agree,Not agree
2020/02/22,FL,0,,,0,,0,,,0,,3/26/2020 16:22,Not agree,Not agree
2020/02/23,FL,0,,,0,,0,,,0,,3/26/2020 16:22,Not agree,Not agree
2020/02/24,FL,0,,,0,,0,,,0,,3/26/2020 16:22,Not agree,Not agree
2020/02/25,FL,0,,,0,,0,,,0,,3/26/2020 16:22,Not agree,Not agree
2020/02/26,FL,0,,,0,,0,,,0,,3/26/2020 16:22,Not agree,Not agree
2020/02/27,FL,0,,,0,,0,,,0,,3/26/2020 16:22,Not agree,Not agree
2020/02/28,FL,0,,,0,,0,,,0,,3/26/2020 16:22,Not agree,Not agree
2020/02/29,FL,0,,,0,,0,,,0,,3/26/2020 16:22,Not agree,Not agree
2020/03/01,FL,0,,,0,,0,,,0,,3/26/2020 16:22,Not agree,Not agree
2020/03/02,FL,1,,,1,,0,,,0,,3/26/2020 16:22,Not agree,Not agree
2020/03/03,FL,2,,,1,,0,,,0,,3/26/2020 16:22,Not agree,Not agree
2020/03/04,FL,2,,,0,,0,,,0,,3/26/2020 16:22,Not agree,Not agree
2020/03/05,FL,3,,,1,,0,,,0,,3/26/2020 16:22,Not agree,Not agree
2020/03/06,FL,3,,,0,,0,,,0,,3/26/2020 16:22,Not agree,Not agree
2020/03/07,FL,6,,,3,,0,,,0,,3/26/2020 16:22,Not agree,Not agree
2020/03/08,FL,6,,,0,,0,,,0,,3/26/2020 16:22,Not agree,Not agree
2020/03/09,FL,19,,,13,,2,,,2,,3/26/2020 16:22,Not agree,Not agree
2020/03/10,FL,19,,,0,,2,,,0,,3/26/2020 16:22,Not agree,Not agree
2020/03/11,FL,26,,,7,,2,,,0,,3/26/2020 16:22,Not agree,Not agree
2020/03/12,FL,31,,,5,,2,,,0,,3/26/2020 16:22,Not agree,Not agree
2020/03/13,FL,31,,,0,,2,,,0,,3/26/2020 16:22,Not agree,Not agree
2020/03/14,FL,55,,,24,,3,,,1,,3/26/2020 16:22,Not agree,Not agree
2020/03/15,FL,136,,,81,,4,,,1,,3/26/2020 16:22,Not agree,Not agree
2020/03/16,FL,142,,,6,,5,,,1,,3/26/2020 16:22,Not agree,Not agree
2020/03/17,FL,195,,,53,,7,,,2,,3/26/2020 16:22,Not agree,Not agree
2020/03/18,FL,299,,,104,,8,,,1,,3/26/2020 16:22,Not agree,Not agree
2020/03/19,FL,393,,,94,,9,,,1,,3/26/2020 16:22,Not agree,Not agree
2020/03/20,FL,510,,,117,,11,,,2,,3/26/2020 16:22,Not agree,Not agree
2020/03/21,FL,706,,,196,,12,,,1,,3/26/2020 16:22,Not agree,Not agree
2020/03/22,FL,937,,,231,,13,,,1,,3/26/2020 16:22,Not agree,Not agree
2020/03/23,FL,1141,,,204,,17,,,4,,3/26/2020 16:22,Not agree,Not agree
2020/03/24,FL,1373,,,232,,20,,,3,,3/26/2020 16:22,Not agree,Not agree
2020/03/25,FL,1861,,,488,,23,,,3,,3/26/2020 16:22,Not agree,Not agree
2020/03/26,FL,2352,,,491,,29,,,6,,3/26/2020 16:22,Not agree,Not agree
2020/03/27,FL,3054,,,702,,46,,,17,,3/26/2020 16:22,Not agree,Not agree
2020/03/28,FL,3877,,,823,,56,,,10,,3/28/2020 16:22,Not agree,Not agree
2020/03/29,FL,4768,,,891,,60,,,4,,3/28/2020 16:22,Not agree,Not agree
2020/03/30,FL,5489,,,721,,71,,,11,,3/29/2020 16:22,Not agree,Not agree
2020/03/31,FL,6490,,,1001,,85,,,14,,3/30/2020 16:22,Not agree,Not agree
2020/04/01,FL,7495,,,1005,,101,,,16,,3/31/2020 16:22,Not agree,Not agree
2020/04/02,FL,8694,,,1199,,144,,,43,,4/1/2020 16:22,Not agree,Not agree
2020/04/03,FL,9925,,,1231,,170,,,26,,4/3/2020 16:22,Not agree,Not agree
2020/04/04,FL,11173,,,1248,,195,,,25,,4/3/2020 16:22,Not agree,Not agree
2020/04/05,FL,11961,,,788,,221,,,26,,4/4/2020 16:22,Not agree,Not agree
2020/04/06,FL,13214,,,1253,,254,,,33,,4/5/2020 16:22,Not agree,Not agree
2020/04/07,FL,14302,,,1088,,296,,,42,,4/7/2020 16:22,Not agree,Not agree
2020/04/08,FL,15234,,,932,,323,,,27,,4/7/2020 16:22,Not agree,Not agree
2020/04/09,FL,16323,,,1089,,371,,,48,,4/8/2020 16:22,Not agree,Not agree
2020/04/10,FL,17448,,,1125,,419,,,48,,4/9/2020 16:22,Not agree,Not agree
2020/04/11,FL,18445,,,997,,446,,,27,,4/10/2020 16:22,Not agree,Not agree
2020/04/12,FL,19337,,,892,,461,,,15,,4/11/2020 16:22,Not agree,Not agree
2020/04/13,FL,20394,,,1057,,499,,,38,,4/12/2020 16:22,Not agree,Not agree
2020/04/14,FL,20984,,,590,,571,,,72,,4/13/2020 16:22,Not agree,Not agree
2020/04/15,FL,21865,,,881,,614,,,43,,4/15/2020 16:22,Not agree,Not agree
2020/04/16,FL,22674,,,809,,668,,,54,,4/16/2020 16:22,Not agree,Not agree
2020/04/17,FL,24066,,,1392,,726,,,58,,4/17/2020 16:22,Not agree,Not agree
2020/04/18,FL,24797,,,731,,748,,,22,,4/18/2020 16:22,Not agree,Not agree
2020/04/19,FL,25598,,,801,0,774,,,26,0,4/19/2020 16:22,Not agree,Not agree
2020/04/20,FL,26329,,,731,0,823,,,49,0,4/20/2020 16:22,Not agree,Not agree
2020/04/21,FL,27127,,,798,0,867,,,44,0,4/21/2020 16:22,Not agree,Not agree
2020/04/22,FL,27791,,,664,0,927,,,60,0,4/22/2020 16:22,Not agree,Not agree
2020/04/23,FL,28843,,,1052,0,987,,,60,0,5/25/2020 15:38,Not agree,Not agree
2020/04/24,FL,29707,,,864,0,1046,,,59,0,5/25/2020 15:38,Not agree,Not agree
2020/04/25,FL,29996,,,289,0,1055,,,9,0,5/25/2020 15:38,Not agree,Not agree
2020/04/26,FL,30680,,,684,0,1074,,,19,0,5/25/2020 15:38,Not agree,Not agree
2020/04/27,FL,31290,,,610,0,1088,,,14,0,5/25/2020 15:38,Not agree,Not agree
2020/04/28,FL,31986,,,696,0,1171,,,83,0,4/29/2020 18:12,Not agree,Not agree
2020/04/29,FL,32318,,,332,0,1218,,,47,0,4/30/2020 16:07,Not agree,Not agree
2020/04/30,FL,33690,,,1372,0,1268,,,50,0,5/1/2020 21:00,Not agree,Not agree
2020/05/01,FL,34728,,,1038,0,1314,,,46,0,5/2/2020 15:47,Not agree,Not agree
2020/05/02,FL,35463,,,735,0,1364,,,50,0,5/3/2020 15:36,Not agree,Not agree
2020/05/03,FL,35969,,,506,0,1399,,,35,0,5/4/2020 22:49,Not agree,Not agree
2020/05/04,FL,36897,,,928,0,1399,,,0,0,5/5/2020 17:25,Not agree,Not agree
2020/05/05,FL,37439,,,542,0,1471,,,72,0,5/6/2020 16:23,Not agree,Not agree
2020/05/06,FL,38002,,,563,0,1539,,,68,0,5/7/2020 22:59,Not agree,Not agree
2020/05/07,FL,38828,,,826,0,1600,,,61,0,5/8/2020 21:26,Not agree,Not agree
2020/05/08,FL,39199,,,371,0,1669,,,69,0,5/9/2020 21:26,Not agree,Not agree
2020/05/09,FL,40001,,,802,0,1715,,,46,0,5/10/2020 21:26,Not agree,Not agree
2020/05/10,FL,39888,,,-113,0,1735,,,20,0,5/11/2020 21:26,Not agree,Not agree
2020/05/11,FL,40982,,,1094,0,1735,,,0,0,5/12/2020 17:26,Not agree,Not agree
2020/05/12,FL,41923,,,941,0,1779,,,44,0,5/13/2020 15:26,Not agree,Not agree
2020/05/13,FL,42402,,,479,0,1827,,,48,0,5/14/2020 17:25,Not agree,Not agree
2020/05/14,FL,43210,,,808,0,1875,,,48,0,5/15/2020 16:11,Not agree,Not agree
2020/05/15,FL,42940,,,-270,0,1917,,,42,0,5/16/2020 15:46,Not agree,Not agree
2020/05/16,FL,44811,,,1871,0,1964,,,47,0,5/17/2020 15:27,Not agree,Not agree
2020/05/17,FL,45588,,,777,0,1973,,,9,0,5/18/2020 16:01,Not agree,Not agree
2020/05/18,FL,46442,,,854,0,1997,,,24,0,5/19/2020 15:45,Not agree,Not agree
2020/05/19,FL,46944,,,502,0,2052,,,55,0,5/20/2020 15:28,Not agree,Not agree
2020/05/20,FL,47471,,,527,0,2096,,,44,0,5/21/2020 15:41,Not agree,Not agree
2020/05/21,FL,48675,,,1204,0,2144,,,48,0,5/22/2020 15:31,Not agree,Not agree
2020/05/22,FL,49451,,,776,0,2190,,,46,0,5/23/2020 17:58,Not agree,Not agree
2020/05/23,FL,50127,,,676,0,2233,,,43,0,5/24/2020 14:15,Not agree,Not agree
2020/05/24,FL,50867,,,740,0,2237,,,4,0,5/25/2020 14:12,Not agree,Not agree
2020/05/25,FL,51746,,,879,0,2252,,,15,0,5/26/2020 14:23,Not agree,Not agree
2020/05/26,FL,52255,,,509,0,2259,,,7,0,5/27/2020 15:37,Not agree,Not agree
2020/05/27,FL,52634,,,379,0,2319,,,60,0,5/28/2020 15:12,Not agree,Not agree
2020/05/28,FL,51918,,,-716,0,2364,,,45,0,5/29/2020 14:19,Not agree,Not agree
2020/05/29,FL,53114,,,1196,0,2413,,,49,0,5/30/2020 15:47,Not agree,Not agree
2020/05/30,FL,54029,,,915,0,2447,,,34,0,5/31/2020 14:43,Not agree,Not agree
2020/05/31,FL,54764,,,735,0,2451,,,4,0,6/1/2020 14:17,Not agree,Not agree
2020/06/01,FL,55415,,,651,0,2460,,,9,0,6/2/2020 14:16,Not agree,Not agree
2020/06/02,FL,56001,,,586,0,2530,,,70,0,6/3/2020 14:11,Not agree,Not agree
2020/06/03,FL,57293,,,1292,0,2566,,,36,0,6/4/2020 15:03,Not agree,Not agree
2020/06/04,FL,58701,,,1408,0,2607,,,41,0,6/5/2020 15:17,Not agree,Not agree
2020/06/05,FL,59993,,,1292,0,2660,,,53,0,6/6/2020 14:31,Not agree,Not agree
2020/06/06,FL,61246,,,1253,0,2688,,,28,0,6/7/2020 14:23,Not agree,Not agree
2020/06/07,FL,62416,,,1170,0,2700,,,12,0,6/8/2020 14:55,Not agree,Not agree
2020/06/08,FL,63378,,,962,0,2712,,,12,0,6/9/2020 16:49,Not agree,Not agree
2020/06/09,FL,64448,,,1070,0,2765,,,53,0,6/10/2020 20:56,Not agree,Not agree
2020/06/10,FL,65779,,,1331,0,2801,,,36,0,6/11/2020 14:48,Not agree,Not agree
2020/06/11,FL,67456,,,1677,0,2848,,,47,0,6/12/2020 14:17,Not agree,Not agree
2020/06/12,FL,69341,,,1885,0,2877,,,29,0,6/13/2020 17:46,Not agree,Not agree
2020/06/13,FL,71589,,,2248,0,2925,,,48,0,6/14/2020 14:19,Not agree,Not agree
2020/06/14,FL,73650,,,2061,0,2931,,,6,0,6/15/2020 14:33,Not agree,Not agree
2020/06/15,FL,75388,,,1738,0,2938,,,7,0,6/16/2020 14:10,Not agree,Not agree
2020/06/16,FL,78128,,,2740,0,2993,,,55,0,6/17/2020 15:06,Not agree,Not agree
2020/06/17,FL,80676,,,2548,0,3018,,,25,0,6/18/2020 17:16,Not agree,Not agree
2020/06/18,FL,83854,,,3178,0,3061,,,43,0,6/19/2020 15:01,Not agree,Not agree
2020/06/19,FL,87643,,,3789,0,3104,,,43,0,6/20/2020 14:15,Not agree,Not agree
2020/06/20,FL,91670,,,4027,0,3144,,,40,0,6/21/2020 14:32,Not agree,Not agree
2020/06/21,FL,95139,,,3469,0,3161,,,17,0,6/22/2020 15:24,Not agree,Not agree
2020/06/22,FL,98047,,,2908,0,3173,,,12,0,6/23/2020 14:28,Not agree,Not agree
2020/06/23,FL,101303,,,3256,0,3238,,,65,0,6/24/2020 15:03,Not agree,Not agree
2020/06/24,FL,106743,,,5440,0,3281,,,43,0,6/25/2020 14:07,Not agree,Not agree
2020/06/25,FL,111724,,,4981,0,3327,,,46,0,6/26/2020 19:18,Not agree,Not agree
2020/06/26,FL,120574,,,8850,0,3366,,,39,0,6/27/2020 17:51,Not agree,Not agree
2020/06/27,FL,130092,,,9518,0,3390,,,24,0,6/28/2020 14:59,Not agree,Not agree
2020/06/28,FL,138567,,,8475,0,3419,,,29,0,6/29/2020 14:37,Not agree,Not agree
2020/06/29,FL,143805,,,5238,0,3447,,,28,0,6/30/2020 15:27,Not agree,Not agree
2020/06/30,FL,149781,,,5976,0,3505,,,58,0,7/1/2020 15:45,Not agree,Not agree
2020/07/01,FL,156288,,,6507,0,3550,,,45,0,7/2/2020 15:10,Not agree,Not agree
2020/07/02,FL,166303,,,10015,0,3617,,,67,0,7/3/2020 15:01,Not agree,Not agree
2020/07/03,FL,175718,,,9415,0,3684,,,67,0,7/4/2020 15:30,Not agree,Not agree
2020/07/04,FL,187090,,,11372,698,3702,,,18,1,7/5/2020 15:00,Not agree,Not agree
2020/07/05,FL,197076,,,9986,0,3731,,,29,-1,7/6/2020 15:16,Not agree,Not agree
2020/07/06,FL,203376,,,6300,9,3778,,,47,1,7/7/2020 14:58,Not agree,Not agree
2020/07/07,FL,210594,,,7218,80,3841,,,63,1,7/8/2020 14:12,Not agree,Not agree
2020/07/08,FL,220476,,,9882,66,3953,,,112,1,7/9/2020 15:14,Not agree,Not agree
2020/07/09,FL,229367,,,8891,52,4009,,,56,1,7/10/2020 15:35,Not agree,Not agree
2020/07/10,FL,240710,,,11343,-905,4102,,,93,-4,7/11/2020 18:25,Not agree,Not agree
2020/07/11,FL,250984,,,10274,1014,4197,,,95,4,7/12/2020 15:13,Not agree,Not agree
2020/07/12,FL,266119,,,15135,31,4242,,,45,0,7/13/2020 15:19,Not agree,Not agree
2020/07/13,FL,278667,,,12548,170,4277,,,35,0,7/14/2020 15:13,Not agree,Not agree
2020/07/14,FL,287789,,,9122,60,4409,,,132,1,7/15/2020 15:05,Not agree,Not agree
2020/07/15,FL,297876,,,10087,74,4521,,,112,0,7/16/2020 14:22,Not agree,Not agree
2020/07/16,FL,311640,,,13764,85,4677,,,156,3,7/17/2020 14:31,Not agree,Not agree
2020/07/17,FL,323002,,,11362,131,4805,,,128,1,7/18/2020 16:14,Not agree,Not agree
2020/07/18,FL,333201,,,10199,91,4895,,,90,-1,7/19/2020 15:05,Not agree,Not agree
2020/07/19,FL,345612,,,12411,-1656,4982,,,87,-8,7/20/2020 14:35,Not agree,Not agree
2020/07/20,FL,355899,,,10287,1782,5072,,,90,10,7/21/2020 14:50,Not agree,Not agree
2020/07/21,FL,365244,,,9345,84,5206,,,134,0,7/22/2020 14:51,Not agree,Not agree
2020/07/22,FL,374920,,,9676,46,5345,,,139,1,7/23/2020 14:48,Not agree,Not agree
2020/07/23,FL,385091,,,10171,132,5518,,,173,0,7/24/2020 14:18,Not agree,Not agree
2020/07/24,FL,397470,,,12379,257,5653,,,135,1,7/25/2020 17:40,Not agree,Not agree
2020/07/25,FL,409585,,,12115,72,5777,,,124,1,7/26/2020 15:17,Not agree,Not agree
2020/07/26,FL,418844,,,9259,41,5854,,,77,0,7/27/2020 14:16,Not agree,Not agree
2020/07/27,FL,427698,,,8854,95,5931,,,77,0,7/28/2020 14:21,Not agree,Not agree
2020/07/28,FL,436867,,,9169,189,6117,,,186,2,7/29/2020 14:34,Not agree,Not agree
2020/07/29,FL,446251,,,9384,225,6333,,,216,1,7/30/2020 14:42,Not agree,Not agree
2020/07/30,FL,456105,,,9854,0,6586,,,253,0,7/31/2020 14:35,Not agree,Not agree
2020/07/31,FL,465030,,,8925,467,6843,,,257,4,8/1/2020 14:38,Not agree,Not agree
2020/08/01,FL,474621,,,9591,116,7022,,,179,2,8/2/2020 14:54,Not agree,Not agree
2020/08/02,FL,481668,,,7047,4,7084,,,62,0,8/3/2020 14:31,Not agree,Not agree
2020/08/03,FL,486426,,,4758,51,7292,,,208,1,8/4/2020 14:09,Not agree,Not agree
2020/08/04,FL,491773,,,5347,146,7402,,,110,0,8/5/2020 14:13,Not agree,Not agree
2020/08/05,FL,497181,,,5408,220,7627,,,225,1,8/6/2020 14:12,Not agree,Not agree
2020/08/06,FL,504768,,,7587,208,7747,,,120,6,8/7/2020 23:57,Not agree,Not agree
2020/08/07,FL,512421,,,7653,327,7927,,,180,2,8/8/2020 14:58,Not agree,Not agree
2020/08/08,FL,520846,,,8425,156,8109,,,182,2,8/9/2020 14:03,Not agree,Not agree
2020/08/09,FL,527036,,,6190,49,8186,,,77,1,8/10/2020 14:23,Not agree,Not agree
2020/08/10,FL,531188,,,4152,68,8359,,,173,3,8/11/2020 14:16,Not agree,Not agree
2020/08/11,FL,536981,,,5793,153,8553,,,194,1,8/12/2020 13:50,Not agree,Not agree
2020/08/12,FL,545040,,,8059,145,8765,,,212,0,8/13/2020 14:12,Not agree,Not agree
2020/08/13,FL,551232,,,6192,172,8913,,,148,0,8/14/2020 14:30,Not agree,Not agree
2020/08/14,FL,557337,,,6105,132,9141,,,228,2,8/15/2020 14:02,Not agree,Not agree
2020/08/15,FL,563628,,,6291,120,9345,,,204,3,8/16/2020 14:57,Not agree,Not agree
2020/08/16,FL,567375,,,3747,17,9452,,,107,2,8/17/2020 14:26,Not agree,Not agree
2020/08/17,FL,570024,,,2649,22,9539,,,87,2,8/18/2020 14:26,Not agree,Not agree
2020/08/18,FL,573811,,,3787,154,9758,,,219,1,8/19/2020 14:23,Not agree,Not agree
2020/08/19,FL,577891,,,4080,162,9932,,,174,2,8/20/2020 15:11,Not agree,Not agree
2020/08/20,FL,582407,,,4516,280,10049,,,117,1,8/21/2020 14:27,Not agree,Not agree
2020/08/21,FL,587023,,,4616,343,10168,,,119,4,8/22/2020 14:21,Not agree,Not agree
2020/08/22,FL,591283,,,4260,168,10274,,,106,1,8/23/2020 14:15,Not agree,Not agree
2020/08/23,FL,594287,,,3004,55,10325,,,51,0,8/24/2020 13:54,Not agree,Not agree
2020/08/24,FL,596511,,,2224,262,10397,,,72,1,8/25/2020 14:02,Not agree,Not agree
2020/08/25,FL,599176,,,2665,267,10580,,,183,2,8/26/2020 13:51,Not agree,Not agree
2020/08/26,FL,602113,,,2937,322,10733,,,153,0,8/27/2020 13:42,Not agree,Not agree
2020/08/27,FL,605342,,,3229,325,10868,,,135,2,8/28/2020 13:43,Not agree,Not agree
2020/08/28,FL,609074,,,3732,258,10957,,,89,3,8/29/2020 13:42,Not agree,Not agree
2020/08/29,FL,612206,,,3132,0,11105,,,148,0,8/30/2020 14:49,Not agree,Not agree
2020/08/30,FL,614753,,,2547,325,11119,,,14,2,8/31/2020 14:05,Not agree,Not agree
2020/08/31,FL,616629,,,1876,103,11187,,,68,0,9/1/2020 14:09,Not agree,Not agree
2020/09/01,FL,624116,,,7487,356,11374,,,187,1,9/2/2020 13:49,Not agree,Not agree
2020/09/02,FL,626426,,,2310,317,11501,,,127,1,9/3/2020 14:18,Not agree,Not agree
2020/09/03,FL,629913,,,3487,388,11650,,,149,4,9/4/2020 13:36,Not agree,Not agree
2020/09/04,FL,633060,,,3147,319,11750,,,100,7,9/5/2020 14:09,Not agree,Not agree
2020/09/05,FL,636653,,,3593,377,11811,,,61,1,9/6/2020 14:09,Not agree,Not agree
2020/09/06,FL,639166,,,2513,158,11849,,,38,2,9/7/2020 13:37,Not agree,Not agree
2020/09/07,FL,640978,,,1812,64,11871,,,22,0,9/8/2020 14:47,Not agree,Not agree
2020/09/08,FL,642775,,,1797,130,11915,,,44,0,9/9/2020 13:47,Not agree,Not agree
2020/09/09,FL,644781,,,2006,365,12115,,,200,5,9/10/2020 14:02,Not agree,Not agree
2020/09/10,FL,647318,,,2537,414,12326,,,211,2,9/11/2020 13:51,Not agree,Not agree
2020/09/11,FL,650922,,,3604,390,12502,,,176,4,9/12/2020 14:12,Not agree,Not agree
2020/09/12,FL,654090,,,3168,428,12600,,,98,2,9/13/2020 16:17,Not agree,Not agree
2020/09/13,FL,656485,,,2395,79,12608,,,8,0,9/14/2020 14:01,Not agree,Not agree
2020/09/14,FL,658203,,,1718,99,12642,,,34,0,9/15/2020 14:03,Not agree,Not agree
2020/09/15,FL,660946,,,2743,263,12787,,,145,7,9/16/2020 13:53,Not agree,Not agree
2020/09/16,FL,663234,,,2288,382,12939,,,152,3,9/17/2020 13:45,Not agree,Not agree
2020/09/17,FL,666507,,,3273,369,13086,,,147,5,9/18/2020 13:48,Not agree,Not agree
2020/09/18,FL,669684,,,3177,290,13225,,,139,3,9/19/2020 14:00,Not agree,Not agree
2020/09/19,FL,673194,,,3510,339,13287,,,62,9,9/20/2020 13:53,Not agree,Not agree
2020/09/20,FL,675691,,,2497,138,13296,,,9,1,9/21/2020 13:47,Not agree,Not agree
2020/09/21,FL,677362,,,1671,5,13317,,,21,-1,9/22/2020 13:51,Not agree,Not agree
2020/09/22,FL,679776,,,2414,392,13416,,,99,3,9/23/2020 13:51,Not agree,Not agree
2020/09/23,FL,682370,,,2594,447,13618,,,202,3,9/24/2020 13:54,Not agree,Not agree
2020/09/24,FL,684847,,,2477,362,13795,,,177,5,9/25/2020 13:54,Not agree,Not agree
2020/09/25,FL,687656,,,2809,0,13915,,,120,0,9/26/2020 13:46,Not agree,Not agree
2020/01/22,AZ,0,,,0,,0,,,0,,3/26/2020 16:22,Agree,Agree
2020/01/23,AZ,0,,,0,,0,,,0,,3/26/2020 16:22,Agree,Agree
2020/01/24,AZ,0,,,0,,0,,,0,,3/26/2020 16:22,Agree,Agree
2020/01/25,AZ,0,,,0,,0,,,0,,3/26/2020 16:22,Agree,Agree
2020/01/26,AZ,1,,,1,,0,,,0,,3/26/2020 16:22,Agree,Agree
2020/01/27,AZ,1,,,0,,0,,,0,,3/26/2020 16:22,Agree,Agree
2020/01/28,AZ,1,,,0,,0,,,0,,3/26/2020 16:22,Agree,Agree
2020/01/29,AZ,1,,,0,,0,,,0,,3/26/2020 16:22,Agree,Agree
2020/01/30,AZ,1,,,0,,0,,,0,,3/26/2020 16:22,Agree,Agree
2020/01/31,AZ,1,,,0,,0,,,0,,3/26/2020 16:22,Agree,Agree
2020/02/01,AZ,1,,,0,,0,,,0,,3/26/2020 16:22,Agree,Agree
2020/02/02,AZ,1,,,0,,0,,,0,,3/26/2020 16:22,Agree,Agree
2020/02/03,AZ,1,,,0,,0,,,0,,3/26/2020 16:22,Agree,Agree
2020/02/04,AZ,1,,,0,,0,,,0,,3/26/2020 16:22,Agree,Agree
2020/02/05,AZ,1,,,0,,0,,,0,,3/26/2020 16:22,Agree,Agree
2020/02/06,AZ,1,,,0,,0,,,0,,3/26/2020 16:22,Agree,Agree
2020/02/07,AZ,1,,,0,,0,,,0,,3/26/2020 16:22,Agree,Agree
2020/02/08,AZ,1,,,0,,0,,,0,,3/26/2020 16:22,Agree,Agree
2020/02/09,AZ,1,,,0,,0,,,0,,3/26/2020 16:22,Agree,Agree
2020/02/10,AZ,1,,,0,,0,,,0,,3/26/2020 16:22,Agree,Agree
2020/02/11,AZ,1,,,0,,0,,,0,,3/26/2020 16:22,Agree,Agree
2020/02/12,AZ,1,,,0,,0,,,0,,3/26/2020 16:22,Agree,Agree
2020/02/13,AZ,1,,,0,,0,,,0,,3/26/2020 16:22,Agree,Agree
2020/02/14,AZ,1,,,0,,0,,,0,,3/26/2020 16:22,Agree,Agree
2020/02/15,AZ,1,,,0,,0,,,0,,3/26/2020 16:22,Agree,Agree
2020/02/16,AZ,1,,,0,,0,,,0,,3/26/2020 16:22,Agree,Agree
2020/02/17,AZ,1,,,0,,0,,,0,,3/26/2020 16:22,Agree,Agree
2020/02/18,AZ,1,,,0,,0,,,0,,3/26/2020 16:22,Agree,Agree
2020/02/19,AZ,1,,,0,,0,,,0,,3/26/2020 16:22,Agree,Agree
2020/02/20,AZ,1,,,0,,0,,,0,,3/26/2020 16:22,Agree,Agree
2020/02/21,AZ,1,,,0,,0,,,0,,3/26/2020 16:22,Agree,Agree
2020/02/22,AZ,1,,,0,,0,,,0,,3/26/2020 16:22,Agree,Agree
2020/02/23,AZ,1,,,0,,0,,,0,,3/26/2020 16:22,Agree,Agree
2020/02/24,AZ,1,,,0,,0,,,0,,3/26/2020 16:22,Agree,Agree
2020/02/25,AZ,1,,,0,,0,,,0,,3/26/2020 16:22,Agree,Agree
2020/02/26,AZ,1,,,0,,0,,,0,,3/26/2020 16:22,Agree,Agree
2020/02/27,AZ,1,,,0,,0,,,0,,3/26/2020 16:22,Agree,Agree
2020/02/28,AZ,1,,,0,,0,,,0,,3/26/2020 16:22,Agree,Agree
2020/02/29,AZ,1,,,0,,0,,,0,,3/26/2020 16:22,Agree,Agree
2020/03/01,AZ,1,,,0,,0,,,0,,3/26/2020 16:22,Agree,Agree
2020/03/02,AZ,1,,,0,,0,,,0,,3/26/2020 16:22,Agree,Agree
2020/03/03,AZ,2,,,1,,0,,,0,,3/26/2020 16:22,Agree,Agree
2020/03/04,AZ,2,,,0,,0,,,0,,3/26/2020 16:22,Agree,Agree
2020/03/05,AZ,3,,,1,,0,,,0,,3/26/2020 16:22,Agree,Agree
2020/03/06,AZ,3,,,0,,0,,,0,,3/26/2020 16:22,Agree,Agree
2020/03/07,AZ,5,,,2,,0,,,0,,3/26/2020 16:22,Agree,Agree
2020/03/08,AZ,5,,,0,,0,,,0,,3/26/2020 16:22,Agree,Agree
2020/03/09,AZ,6,,,1,,0,,,0,,3/26/2020 16:22,Agree,Agree
2020/03/10,AZ,8,,,2,,0,,,0,,3/26/2020 16:22,Agree,Agree
2020/03/11,AZ,9,,,1,,0,,,0,,3/26/2020 16:22,Agree,Agree
2020/03/12,AZ,9,,,0,,0,,,0,,3/26/2020 16:22,Agree,Agree
2020/03/13,AZ,10,,,1,,0,,,0,,3/26/2020 16:22,Agree,Agree
2020/03/14,AZ,12,,,2,,0,,,0,,3/26/2020 16:22,Agree,Agree
2020/03/15,AZ,13,,,1,,0,,,0,,3/26/2020 16:22,Agree,Agree
2020/03/16,AZ,18,,,5,,0,,,0,,3/26/2020 16:22,Agree,Agree
2020/03/17,AZ,18,,,0,,0,,,0,,3/26/2020 16:22,Agree,Agree
2020/03/18,AZ,27,,,9,,0,,,0,,3/26/2020 16:22,Agree,Agree
2020/03/19,AZ,44,,,17,,0,,,0,,3/26/2020 16:22,Agree,Agree
2020/03/20,AZ,63,,,19,,1,,,1,,3/26/2020 16:22,Agree,Agree
2020/03/21,AZ,104,,,41,,1,,,0,,3/26/2020 16:22,Agree,Agree
2020/03/22,AZ,152,,,48,,2,,,1,,3/26/2020 16:22,Agree,Agree
2020/03/23,AZ,253,,,101,,2,,,0,,3/26/2020 16:22,Agree,Agree
2020/03/24,AZ,326,,,73,,5,,,3,,3/26/2020 16:22,Agree,Agree
2020/03/25,AZ,401,,,75,,6,,,1,,3/26/2020 16:22,Agree,Agree
2020/03/26,AZ,508,,,107,,8,,,2,,3/26/2020 16:22,Agree,Agree
2020/03/27,AZ,665,,,157,,13,,,5,,3/26/2020 16:22,Agree,Agree
2020/03/28,AZ,773,,,108,,15,,,2,,3/28/2020 16:22,Agree,Agree
2020/03/29,AZ,919,,,146,,17,,,2,,3/28/2020 16:22,Agree,Agree
2020/03/30,AZ,1157,,,238,,20,,,3,,3/29/2020 16:22,Agree,Agree
2020/03/31,AZ,1289,,,132,,24,,,4,,3/30/2020 16:22,Agree,Agree
2020/04/01,AZ,1413,,,124,,29,,,5,,3/31/2020 16:22,Agree,Agree
2020/04/02,AZ,1598,,,185,,32,,,3,,4/1/2020 16:22,Agree,Agree
2020/04/03,AZ,1769,,,171,,41,,,9,,4/3/2020 16:22,Agree,Agree
2020/04/04,AZ,2019,,,250,,52,,,11,,4/3/2020 16:22,Agree,Agree
2020/04/05,AZ,2269,,,250,,64,,,12,,4/4/2020 16:22,Agree,Agree
2020/04/06,AZ,2456,,,187,,65,,,1,,4/5/2020 16:22,Agree,Agree
2020/04/07,AZ,2575,,,119,,73,,,8,,4/7/2020 16:22,Agree,Agree
2020/04/08,AZ,2726,,,151,,80,,,7,,4/7/2020 16:22,Agree,Agree
2020/04/09,AZ,3018,,,292,,89,,,9,,4/8/2020 16:22,Agree,Agree
2020/04/10,AZ,3112,,,94,,97,,,8,,4/9/2020 16:22,Agree,Agree
2020/04/11,AZ,3393,,,281,,108,,,11,,4/10/2020 16:22,Agree,Agree
2020/04/12,AZ,3539,,,146,,115,,,7,,4/11/2020 16:22,Agree,Agree
2020/04/13,AZ,3702,,,163,,122,,,7,,4/12/2020 16:22,Agree,Agree
2020/04/14,AZ,3806,,,104,,131,,,9,,4/13/2020 16:22,Agree,Agree
2020/04/15,AZ,3962,,,156,,142,,,11,,4/15/2020 16:22,Agree,Agree
2020/04/16,AZ,4234,,,272,,150,,,8,,4/16/2020 16:22,Agree,Agree
2020/04/17,AZ,4507,,,273,,169,,,19,,4/17/2020 16:22,Agree,Agree
2020/04/18,AZ,4719,,,212,,177,,,8,,4/18/2020 16:22,Agree,Agree
2020/04/19,AZ,4929,4929,0,210,0,184,184,0,7,0,4/19/2020 16:22,Agree,Agree
2020/04/20,AZ,5064,5064,0,135,0,187,187,0,3,0,4/20/2020 16:22,Agree,Agree
2020/04/21,AZ,5251,5251,0,187,0,208,208,0,21,0,4/21/2020 16:22,Agree,Agree
2020/04/22,AZ,5459,5459,0,208,0,229,229,0,21,0,4/22/2020 16:22,Agree,Agree
2020/04/23,AZ,5769,5769,0,310,0,249,249,0,20,0,5/25/2020 15:38,Agree,Agree
2020/04/24,AZ,6045,6045,0,276,0,266,266,0,17,0,5/25/2020 15:38,Agree,Agree
2020/04/25,AZ,6280,6280,0,235,0,273,273,0,7,0,5/25/2020 15:38,Agree,Agree
2020/04/26,AZ,6526,6526,0,246,0,275,275,0,2,0,5/25/2020 15:38,Agree,Agree
2020/04/27,AZ,6716,6716,0,190,0,275,275,0,0,0,5/25/2020 15:38,Agree,Agree
2020/04/28,AZ,6948,6948,0,232,0,293,293,0,18,0,4/29/2020 18:12,Agree,Agree
2020/04/29,AZ,7202,7202,0,254,0,254,254,0,-39,0,4/30/2020 16:07,Agree,Agree
2020/04/30,AZ,7648,7648,0,446,0,320,320,0,66,0,5/1/2020 21:00,Agree,Agree
2020/05/01,AZ,7962,7962,0,314,0,330,330,0,10,0,5/2/2020 15:47,Agree,Agree
2020/05/02,AZ,8364,8364,0,402,0,348,348,0,18,0,5/3/2020 15:36,Agree,Agree
2020/05/03,AZ,8640,8640,0,276,0,362,362,0,14,0,5/4/2020 22:49,Agree,Agree
2020/05/04,AZ,8919,8919,0,279,0,362,362,0,0,0,5/5/2020 17:25,Agree,Agree
2020/05/05,AZ,9305,9305,0,386,0,395,395,0,33,0,5/6/2020 16:23,Agree,Agree
2020/05/06,AZ,9707,9707,0,402,0,426,426,0,31,0,5/7/2020 22:59,Agree,Agree
2020/05/07,AZ,9945,9945,0,238,0,450,450,0,24,0,5/8/2020 21:26,Agree,Agree
2020/05/08,AZ,10526,10526,0,581,0,517,517,0,67,0,5/9/2020 21:26,Agree,Agree
2020/05/09,AZ,10960,10960,0,434,0,532,532,0,15,0,5/10/2020 21:26,Agree,Agree
2020/05/10,AZ,11119,11119,0,159,0,536,536,0,4,0,5/11/2020 21:26,Agree,Agree
2020/05/11,AZ,11380,11380,0,261,0,542,542,0,6,0,5/12/2020 17:26,Agree,Agree
2020/05/12,AZ,11736,11736,0,356,0,562,562,0,20,0,5/13/2020 15:26,Agree,Agree
2020/05/13,AZ,12176,12176,0,440,0,594,594,0,32,0,5/14/2020 17:25,Agree,Agree
2020/05/14,AZ,12674,12674,0,498,0,624,624,0,30,0,5/15/2020 16:11,Agree,Agree
2020/05/15,AZ,13169,13169,0,495,0,651,651,0,27,0,5/16/2020 15:46,Agree,Agree
2020/05/16,AZ,13631,13631,0,462,0,679,679,0,28,0,5/17/2020 15:27,Agree,Agree
2020/05/17,AZ,13937,13937,0,306,0,680,680,0,1,0,5/18/2020 16:01,Agree,Agree
2020/05/18,AZ,14170,14170,0,233,0,686,686,0,6,0,5/19/2020 15:45,Agree,Agree
2020/05/19,AZ,14566,14566,0,396,0,704,704,0,18,0,5/20/2020 15:28,Agree,Agree
2020/05/20,AZ,14897,14897,0,331,0,747,747,0,43,0,5/21/2020 15:41,Agree,Agree
2020/05/21,AZ,15315,15315,0,418,0,763,763,0,16,0,5/22/2020 15:31,Agree,Agree
2020/05/22,AZ,15608,15608,0,293,0,775,775,0,12,0,5/23/2020 17:58,Agree,Agree
2020/05/23,AZ,16039,16039,0,431,0,799,799,0,24,0,5/24/2020 14:15,Agree,Agree
2020/05/24,AZ,16339,16339,0,300,0,800,800,0,1,0,5/25/2020 14:12,Agree,Agree
2020/05/25,AZ,16561,16561,0,222,0,806,806,0,6,0,5/26/2020 14:23,Agree,Agree
2020/05/26,AZ,16783,16783,0,222,0,807,807,0,1,0,5/27/2020 15:37,Agree,Agree
2020/05/27,AZ,17262,17262,0,479,0,831,831,0,24,0,5/28/2020 15:12,Agree,Agree
2020/05/28,AZ,17763,17763,0,501,0,857,857,0,26,0,5/29/2020 14:19,Agree,Agree
2020/05/29,AZ,18465,18465,0,702,0,885,885,0,28,0,5/30/2020 15:47,Agree,Agree
2020/05/30,AZ,19255,19255,0,790,0,903,903,0,18,0,5/31/2020 14:43,Agree,Agree
2020/05/31,AZ,19936,19936,0,681,0,906,906,0,3,0,6/1/2020 14:17,Agree,Agree
2020/06/01,AZ,20123,20123,0,187,0,917,917,0,11,0,6/2/2020 14:16,Agree,Agree
2020/06/02,AZ,21250,20977,273,1127,273,941,879,62,24,62,6/3/2020 14:11,Agree,Agree
2020/06/03,AZ,22223,22223,0,973,-273,981,981,0,40,-62,6/4/2020 15:03,Agree,Agree
2020/06/04,AZ,22753,22753,0,530,0,996,996,0,15,0,6/5/2020 15:17,Agree,Agree
2020/06/05,AZ,24332,24055,277,1579,277,1012,948,64,16,64,6/6/2020 14:31,Agree,Agree
2020/06/06,AZ,25451,25451,0,1119,-277,1042,1042,0,30,-64,6/7/2020 14:23,Agree,Agree
2020/06/07,AZ,26889,26603,286,1438,286,1044,978,66,2,66,6/8/2020 14:55,Agree,Agree
2020/06/08,AZ,27678,27678,0,789,-286,1047,1047,0,3,-66,6/9/2020 16:49,Agree,Agree
2020/06/09,AZ,28296,27998,298,618,298,1070,1004,66,23,66,6/10/2020 20:56,Agree,Agree
2020/06/10,AZ,29852,29549,303,1556,5,1095,1029,66,25,0,6/11/2020 14:48,Agree,Agree
2020/06/11,AZ,31264,30955,309,1412,6,1127,1060,67,32,1,6/12/2020 14:17,Agree,Agree
2020/06/12,AZ,32918,32602,316,1654,7,1144,1077,67,17,0,6/13/2020 17:46,Agree,Agree
2020/06/13,AZ,34458,34146,312,1540,-4,1183,1116,67,39,0,6/14/2020 14:19,Agree,Agree
2020/06/14,AZ,35691,35374,317,1233,5,1186,1119,67,3,0,6/15/2020 14:33,Agree,Agree
2020/06/15,AZ,36705,36377,328,1014,11,1194,1127,67,8,0,6/16/2020 14:10,Agree,Agree
2020/06/16,AZ,39097,38754,343,2392,15,1219,1140,79,25,12,6/17/2020 15:06,Agree,Agree
2020/06/17,AZ,40924,40577,347,1827,4,1239,1159,80,20,1,6/18/2020 17:16,Agree,Agree
2020/06/18,AZ,43443,43085,358,2519,11,1271,1184,87,32,7,6/19/2020 15:01,Agree,Agree
2020/06/19,AZ,46689,46323,366,3246,8,1312,1224,88,41,1,6/20/2020 14:15,Agree,Agree
2020/06/20,AZ,49798,49426,372,3109,6,1338,1247,91,26,3,6/21/2020 14:32,Agree,Agree
2020/06/21,AZ,52390,52018,372,2592,0,1339,1248,91,1,0,6/22/2020 15:24,Agree,Agree
2020/06/22,AZ,54586,54214,372,2196,0,1342,1251,91,3,0,6/23/2020 14:28,Agree,Agree
2020/06/23,AZ,58179,57799,380,3593,8,1384,1291,93,42,2,6/24/2020 15:03,Agree,Agree
2020/06/24,AZ,59974,59586,388,1795,8,1463,1366,97,79,4,6/25/2020 14:07,Agree,Agree
2020/06/25,AZ,63030,62634,396,3056,8,1490,1393,97,27,0,6/26/2020 19:18,Agree,Agree
2020/06/26,AZ,66458,66055,403,3428,7,1535,1435,100,45,3,6/27/2020 17:51,Agree,Agree
2020/06/27,AZ,70051,69641,410,3593,7,1579,1479,100,44,0,6/28/2020 14:59,Agree,Agree
2020/06/28,AZ,73908,73497,411,3857,1,1588,1488,100,9,0,6/29/2020 14:37,Agree,Agree
2020/06/29,AZ,74533,74119,414,625,3,1588,1488,100,0,0,6/30/2020 15:27,Agree,Agree
2020/06/30,AZ,79215,78781,434,4682,20,1632,1529,103,44,3,7/1/2020 15:45,Agree,Agree
2020/07/01,AZ,84092,83645,447,4877,13,1720,1607,113,88,10,7/2/2020 15:10,Agree,Agree
2020/07/02,AZ,87425,86970,455,3333,8,1757,1642,115,37,2,7/3/2020 15:01,Agree,Agree
2020/07/03,AZ,91858,91396,462,4433,7,1788,1673,115,31,0,7/4/2020 15:30,Agree,Agree
2020/07/04,AZ,94553,94085,468,2695,6,1805,1690,115,17,0,7/5/2020 15:00,Agree,Agree
2020/07/05,AZ,98089,97611,478,3536,10,1809,1694,115,4,0,7/6/2020 15:16,Agree,Agree
2020/07/06,AZ,101441,100943,498,3352,20,1810,1695,115,1,0,7/7/2020 14:58,Agree,Agree
2020/07/07,AZ,105094,104572,522,3653,24,1927,1807,120,117,5,7/8/2020 14:12,Agree,Agree
2020/07/08,AZ,108614,108031,583,3520,61,1963,1842,121,36,1,7/9/2020 15:14,Agree,Agree
2020/07/09,AZ,112671,112028,643,4057,60,2038,1917,121,75,0,7/10/2020 15:35,Agree,Agree
2020/07/10,AZ,116892,116209,683,4221,40,2082,1961,121,44,0,7/11/2020 18:25,Agree,Agree
2020/07/11,AZ,119930,119233,697,3038,14,2151,2030,121,69,0,7/12/2020 15:13,Agree,Agree
2020/07/12,AZ,122467,121758,709,2537,12,2237,2114,123,86,2,7/13/2020 15:19,Agree,Agree
2020/07/13,AZ,123824,123101,723,1357,14,2245,2122,123,8,0,7/14/2020 15:13,Agree,Agree
2020/07/14,AZ,128097,127345,752,4273,29,2337,2208,129,92,6,7/15/2020 15:05,Agree,Agree
2020/07/15,AZ,131354,130576,778,3257,26,2434,2295,139,97,10,7/16/2020 14:22,Agree,Agree
2020/07/16,AZ,134613,133838,775,3259,-3,2492,2353,139,58,0,7/17/2020 14:31,Agree,Agree
2020/07/17,AZ,138523,138523,0,3910,-775,2583,2583,0,91,-139,7/18/2020 16:14,Agree,Agree
2020/07/18,AZ,141265,141265,0,2742,0,2730,2730,0,147,0,7/19/2020 15:05,Agree,Agree
2020/07/19,AZ,143624,143624,0,2359,0,2761,2761,0,31,0,7/20/2020 14:35,Agree,Agree
2020/07/20,AZ,145183,145183,0,1559,0,2784,2784,0,23,0,7/21/2020 14:50,Agree,Agree
2020/07/21,AZ,148683,148683,0,3500,0,2918,2918,0,134,0,7/22/2020 14:51,Agree,Agree
2020/07/22,AZ,150609,150609,0,1926,0,2974,2974,0,56,0,7/23/2020 14:48,Agree,Agree
2020/07/23,AZ,152944,152944,0,2335,0,3063,3063,0,89,0,7/24/2020 14:18,Agree,Agree
2020/07/24,AZ,156301,156301,0,3357,0,3142,3142,0,79,0,7/25/2020 17:40,Agree,Agree
2020/07/25,AZ,160041,160041,0,3740,0,3286,3286,0,144,0,7/26/2020 15:17,Agree,Agree
2020/07/26,AZ,162014,162014,0,1973,0,3305,3305,0,19,0,7/27/2020 14:16,Agree,Agree
2020/07/27,AZ,163827,163827,0,1813,0,3304,3304,0,-1,0,7/28/2020 14:21,Agree,Agree
2020/07/28,AZ,165934,165934,0,2107,0,3408,3408,0,104,0,7/29/2020 14:34,Agree,Agree
2020/07/29,AZ,168273,168273,0,2339,0,3454,3454,0,46,0,7/30/2020 14:42,Agree,Agree
2020/07/30,AZ,170798,170798,0,2525,0,3626,3626,0,172,0,7/31/2020 14:35,Agree,Agree
2020/07/31,AZ,174010,174010,0,3212,0,3694,3694,0,68,0,8/1/2020 14:38,Agree,Agree
2020/08/01,AZ,177022,177022,0,3012,0,3747,3747,0,53,0,8/2/2020 14:54,Agree,Agree
2020/08/02,AZ,178467,178467,0,1445,0,3765,3765,0,18,0,8/3/2020 14:31,Agree,Agree
2020/08/03,AZ,179497,179497,0,1030,0,3779,3779,0,14,0,8/4/2020 14:09,Agree,Agree
2020/08/04,AZ,180505,180505,0,1008,0,3845,3845,0,66,0,8/5/2020 14:13,Agree,Agree
2020/08/05,AZ,182203,182203,0,1698,0,3932,3932,0,87,0,8/6/2020 14:12,Agree,Agree
2020/08/06,AZ,183647,182408,1239,1444,1239,4002,3786,216,70,216,8/7/2020 23:57,Agree,Agree
2020/08/07,AZ,185053,183791,1262,1406,23,4081,3860,221,79,5,8/8/2020 14:58,Agree,Agree
2020/08/08,AZ,186107,184805,1302,1054,40,4137,3905,232,56,11,8/9/2020 14:03,Agree,Agree
2020/08/09,AZ,186923,185593,1330,816,28,4150,3918,232,13,0,8/10/2020 14:23,Agree,Agree
2020/08/10,AZ,187523,186180,1343,600,13,4154,3922,232,4,0,8/11/2020 14:16,Agree,Agree
2020/08/11,AZ,188737,187362,1375,1214,32,4199,3951,248,45,16,8/12/2020 13:50,Agree,Agree
2020/08/12,AZ,189443,188053,1390,706,15,4347,4095,252,148,4,8/13/2020 14:12,Agree,Agree
2020/08/13,AZ,190794,189386,1408,1351,18,4383,4130,253,36,1,8/14/2020 14:30,Agree,Agree
2020/08/14,AZ,191721,190292,1429,927,21,4423,4169,254,40,1,8/15/2020 14:02,Agree,Agree
2020/08/15,AZ,192654,191211,1443,933,14,4492,4238,254,69,0,8/16/2020 14:57,Agree,Agree
2020/08/16,AZ,193537,192062,1475,883,32,4506,4252,254,14,0,8/17/2020 14:26,Agree,Agree
2020/08/17,AZ,194005,192514,1491,468,16,4506,4252,254,0,0,8/18/2020 14:26,Agree,Agree
2020/08/18,AZ,194920,193416,1504,915,13,4529,4273,256,23,2,8/19/2020 14:23,Agree,Agree
2020/08/19,AZ,195557,194042,1515,637,11,4634,4378,256,105,0,8/20/2020 15:11,Agree,Agree
2020/08/20,AZ,196280,194734,1546,723,31,4684,4429,255,50,-1,8/21/2020 14:27,Agree,Agree
2020/08/21,AZ,196899,195331,1568,619,22,4688,4433,255,4,0,8/22/2020 14:21,Agree,Agree
2020/08/22,AZ,197895,196318,1577,996,9,4756,4500,256,68,1,8/23/2020 14:15,Agree,Agree
2020/08/23,AZ,198103,196521,1582,208,5,4771,4515,256,15,0,8/24/2020 13:54,Agree,Agree
2020/08/24,AZ,198414,196821,1593,311,11,4771,4514,257,0,1,8/25/2020 14:02,Agree,Agree
2020/08/25,AZ,199273,197671,1602,859,9,4792,4535,257,21,0,8/26/2020 13:51,Agree,Agree
2020/08/26,AZ,199459,197844,1615,186,13,4896,4640,256,104,-1,8/27/2020 13:42,Agree,Agree
2020/08/27,AZ,200139,198504,1635,680,20,4929,4673,256,33,0,8/28/2020 13:43,Agree,Agree
2020/08/28,AZ,200658,198978,1680,519,45,4978,4709,269,49,13,8/29/2020 13:42,Agree,Agree
2020/08/29,AZ,201287,199579,1708,629,28,5007,4738,269,29,0,8/30/2020 14:49,Agree,Agree
2020/08/30,AZ,201661,199948,1713,374,5,5030,4762,268,23,-1,8/31/2020 14:05,Agree,Agree
2020/08/31,AZ,201835,200104,1731,174,18,5029,4762,267,-1,-1,9/1/2020 14:09,Agree,Agree
2020/09/01,AZ,202342,200608,1734,507,3,5044,4777,267,15,0,9/2/2020 13:49,Agree,Agree
2020/09/02,AZ,202861,201111,1750,519,16,5065,4799,266,21,-1,9/3/2020 14:18,Agree,Agree
2020/09/03,AZ,203953,202183,1770,1092,20,5130,4861,269,65,3,9/4/2020 13:36,Agree,Agree
2020/09/04,AZ,204681,202895,1786,728,16,5171,4897,274,41,5,9/5/2020 14:09,Agree,Agree
2020/09/05,AZ,205516,203722,1794,835,8,5207,4933,274,36,0,9/6/2020 14:09,Agree,Agree
2020/09/06,AZ,205766,203969,1797,250,3,5221,4947,274,14,0,9/7/2020 13:37,Agree,Agree
2020/09/07,AZ,205964,204157,1807,198,10,5219,4945,274,-2,0,9/8/2020 14:47,Agree,Agree
2020/09/08,AZ,206045,204239,1806,81,-1,5221,4947,274,2,0,9/9/2020 13:47,Agree,Agree
2020/09/09,AZ,206541,204715,1826,496,20,5251,4978,273,30,-1,9/10/2020 14:02,Agree,Agree
2020/09/10,AZ,207002,205141,1861,461,35,5273,4999,274,22,1,9/11/2020 13:51,Agree,Agree
2020/09/11,AZ,207523,205642,1881,521,20,5288,5014,274,15,0,9/12/2020 14:12,Agree,Agree
2020/09/12,AZ,208128,206223,1905,605,24,5315,5041,274,27,0,9/13/2020 16:17,Agree,Agree
2020/09/13,AZ,208512,206611,1901,384,-4,5322,5049,273,7,-1,9/14/2020 14:01,Agree,Agree
2020/09/14,AZ,208725,206775,1950,213,49,5322,5049,273,0,0,9/15/2020 14:03,Agree,Agree
2020/09/15,AZ,209209,207220,1989,484,39,5344,5071,273,22,0,9/16/2020 13:53,Agree,Agree
2020/09/16,AZ,209907,207718,2189,698,200,5371,5098,273,27,0,9/17/2020 13:45,Agree,Agree
2020/09/17,AZ,211660,208894,2766,1753,577,5409,5135,274,38,1,9/18/2020 13:48,Agree,Agree
2020/09/18,AZ,212942,208777,4165,1282,1399,5451,5160,291,42,17,9/19/2020 14:00,Agree,Agree
2020/09/19,AZ,213551,209298,4253,609,88,5467,5176,291,16,0,9/20/2020 13:53,Agree,Agree
2020/09/20,AZ,214018,209701,4317,467,64,5476,5184,292,9,1,9/21/2020 13:47,Agree,Agree
2020/09/21,AZ,214251,209916,4335,233,18,5478,5186,292,2,0,9/22/2020 13:51,Agree,Agree
2020/09/22,AZ,214846,210610,4236,595,-99,5498,5230,268,20,-24,9/23/2020 13:51,Agree,Agree
2020/09/23,AZ,215284,210920,4364,438,128,5525,5258,267,27,-1,9/24/2020 13:54,Agree,Agree
2020/09/24,AZ,215852,211426,4426,568,62,5559,5291,268,34,1,9/25/2020 13:54,Agree,Agree
2020/09/25,AZ,216367,211946,4421,515,-5,5587,5319,268,28,0,9/26/2020 13:46,Agree,Agree
2020/01/22,SC,0,,,0,,0,,,0,,3/26/2020 16:22,Agree,Agree
2020/01/23,SC,0,,,0,,0,,,0,,3/26/2020 16:22,Agree,Agree
2020/01/24,SC,0,,,0,,0,,,0,,3/26/2020 16:22,Agree,Agree
2020/01/25,SC,0,,,0,,0,,,0,,3/26/2020 16:22,Agree,Agree
2020/01/26,SC,0,,,0,,0,,,0,,3/26/2020 16:22,Agree,Agree
2020/01/27,SC,0,,,0,,0,,,0,,3/26/2020 16:22,Agree,Agree
2020/01/28,SC,0,,,0,,0,,,0,,3/26/2020 16:22,Agree,Agree
2020/01/29,SC,0,,,0,,0,,,0,,3/26/2020 16:22,Agree,Agree
2020/01/30,SC,0,,,0,,0,,,0,,3/26/2020 16:22,Agree,Agree
2020/01/31,SC,0,,,0,,0,,,0,,3/26/2020 16:22,Agree,Agree
2020/02/01,SC,0,,,0,,0,,,0,,3/26/2020 16:22,Agree,Agree
2020/02/02,SC,0,,,0,,0,,,0,,3/26/2020 16:22,Agree,Agree
2020/02/03,SC,0,,,0,,0,,,0,,3/26/2020 16:22,Agree,Agree
2020/02/04,SC,0,,,0,,0,,,0,,3/26/2020 16:22,Agree,Agree
2020/02/05,SC,0,,,0,,0,,,0,,3/26/2020 16:22,Agree,Agree
2020/02/06,SC,0,,,0,,0,,,0,,3/26/2020 16:22,Agree,Agree
2020/02/07,SC,0,,,0,,0,,,0,,3/26/2020 16:22,Agree,Agree
2020/02/08,SC,0,,,0,,0,,,0,,3/26/2020 16:22,Agree,Agree
2020/02/09,SC,0,,,0,,0,,,0,,3/26/2020 16:22,Agree,Agree
2020/02/10,SC,0,,,0,,0,,,0,,3/26/2020 16:22,Agree,Agree
2020/02/11,SC,0,,,0,,0,,,0,,3/26/2020 16:22,Agree,Agree
2020/02/12,SC,0,,,0,,0,,,0,,3/26/2020 16:22,Agree,Agree
2020/02/13,SC,0,,,0,,0,,,0,,3/26/2020 16:22,Agree,Agree
2020/02/14,SC,0,,,0,,0,,,0,,3/26/2020 16:22,Agree,Agree
2020/02/15,SC,0,,,0,,0,,,0,,3/26/2020 16:22,Agree,Agree
2020/02/16,SC,0,,,0,,0,,,0,,3/26/2020 16:22,Agree,Agree
2020/02/17,SC,0,,,0,,0,,,0,,3/26/2020 16:22,Agree,Agree
2020/02/18,SC,0,,,0,,0,,,0,,3/26/2020 16:22,Agree,Agree
2020/02/19,SC,0,,,0,,0,,,0,,3/26/2020 16:22,Agree,Agree
2020/02/20,SC,0,,,0,,0,,,0,,3/26/2020 16:22,Agree,Agree
2020/02/21,SC,0,,,0,,0,,,0,,3/26/2020 16:22,Agree,Agree
2020/02/22,SC,0,,,0,,0,,,0,,3/26/2020 16:22,Agree,Agree
2020/02/23,SC,0,,,0,,0,,,0,,3/26/2020 16:22,Agree,Agree
2020/02/24,SC,0,,,0,,0,,,0,,3/26/2020 16:22,Agree,Agree
2020/02/25,SC,0,,,0,,0,,,0,,3/26/2020 16:22,Agree,Agree
2020/02/26,SC,0,,,0,,0,,,0,,3/26/2020 16:22,Agree,Agree
2020/02/27,SC,0,,,0,,0,,,0,,3/26/2020 16:22,Agree,Agree
2020/02/28,SC,0,,,0,,0,,,0,,3/26/2020 16:22,Agree,Agree
2020/02/29,SC,0,,,0,,0,,,0,,3/26/2020 16:22,Agree,Agree
2020/03/01,SC,0,,,0,,0,,,0,,3/26/2020 16:22,Agree,Agree
2020/03/02,SC,0,,,0,,0,,,0,,3/26/2020 16:22,Agree,Agree
2020/03/03,SC,0,,,0,,0,,,0,,3/26/2020 16:22,Agree,Agree
2020/03/04,SC,0,,,0,,0,,,0,,3/26/2020 16:22,Agree,Agree
2020/03/05,SC,0,,,0,,0,,,0,,3/26/2020 16:22,Agree,Agree
2020/03/06,SC,0,,,0,,0,,,0,,3/26/2020 16:22,Agree,Agree
2020/03/07,SC,2,,,2,,0,,,0,,3/26/2020 16:22,Agree,Agree
2020/03/08,SC,6,,,4,,0,,,0,,3/26/2020 16:22,Agree,Agree
2020/03/09,SC,7,,,1,,0,,,0,,3/26/2020 16:22,Agree,Agree
2020/03/10,SC,9,,,2,,0,,,0,,3/26/2020 16:22,Agree,Agree
2020/03/11,SC,10,,,1,,0,,,0,,3/26/2020 16:22,Agree,Agree
2020/03/12,SC,12,,,2,,0,,,0,,3/26/2020 16:22,Agree,Agree
2020/03/13,SC,12,,,0,,0,,,0,,3/26/2020 16:22,Agree,Agree
2020/03/14,SC,12,,,0,,0,,,0,,3/26/2020 16:22,Agree,Agree
2020/03/15,SC,28,,,16,,0,,,0,,3/26/2020 16:22,Agree,Agree
2020/03/16,SC,33,,,5,,1,,,1,,3/26/2020 16:22,Agree,Agree
2020/03/17,SC,47,,,14,,1,,,0,,3/26/2020 16:22,Agree,Agree
2020/03/18,SC,60,,,13,,1,,,0,,3/26/2020 16:22,Agree,Agree
2020/03/19,SC,81,,,21,,1,,,0,,3/26/2020 16:22,Agree,Agree
2020/03/20,SC,125,,,44,,3,,,2,,3/26/2020 16:22,Agree,Agree
2020/03/21,SC,173,,,48,,3,,,0,,3/26/2020 16:22,Agree,Agree
2020/03/22,SC,195,,,22,,3,,,0,,3/26/2020 16:22,Agree,Agree
2020/03/23,SC,298,,,103,,5,,,2,,3/26/2020 16:22,Agree,Agree
2020/03/24,SC,342,,,44,,7,,,2,,3/26/2020 16:22,Agree,Agree
2020/03/25,SC,424,,,82,,7,,,0,,3/26/2020 16:22,Agree,Agree
2020/03/26,SC,456,,,32,,9,,,2,,3/26/2020 16:22,Agree,Agree
2020/03/27,SC,539,,,83,,13,,,4,,3/26/2020 16:22,Agree,Agree
2020/03/28,SC,660,,,121,,15,,,2,,3/28/2020 16:22,Agree,Agree
2020/03/29,SC,774,,,114,,16,,,1,,3/28/2020 16:22,Agree,Agree
2020/03/30,SC,925,,,151,,18,,,2,,3/29/2020 16:22,Agree,Agree
2020/03/31,SC,1083,,,158,,22,,,4,,3/30/2020 16:22,Agree,Agree
2020/04/01,SC,1293,,,210,,26,,,4,,3/31/2020 16:22,Agree,Agree
2020/04/02,SC,1554,,,261,,31,,,5,,4/1/2020 16:22,Agree,Agree
2020/04/03,SC,1700,,,146,,34,,,3,,4/3/2020 16:22,Agree,Agree
2020/04/04,SC,1917,,,217,,40,,,6,,4/3/2020 16:22,Agree,Agree
2020/04/05,SC,2049,,,132,,44,,,4,,4/4/2020 16:22,Agree,Agree
2020/04/06,SC,2232,,,183,,48,,,4,,4/5/2020 16:22,Agree,Agree
2020/04/07,SC,2417,,,185,,51,,,3,,4/7/2020 16:22,Agree,Agree
2020/04/08,SC,2552,,,135,,63,,,12,,4/7/2020 16:22,Agree,Agree
2020/04/09,SC,2792,,,240,,67,,,4,,4/8/2020 16:22,Agree,Agree
2020/04/10,SC,3065,,,273,,72,,,5,,4/9/2020 16:22,Agree,Agree
2020/04/11,SC,3207,,,142,,80,,,8,,4/10/2020 16:22,Agree,Agree
2020/04/12,SC,3319,,,112,,82,,,2,,4/11/2020 16:22,Agree,Agree
2020/04/13,SC,3439,,,120,,87,,,5,,4/12/2020 16:22,Agree,Agree
2020/04/14,SC,3553,,,114,,97,,,10,,4/13/2020 16:22,Agree,Agree
2020/04/15,SC,3656,,,103,,107,,,10,,4/15/2020 16:22,Agree,Agree
2020/04/16,SC,3931,,,275,,109,,,2,,4/16/2020 16:22,Agree,Agree
2020/04/17,SC,4086,,,155,,116,,,7,,4/17/2020 16:22,Agree,Agree
2020/04/18,SC,4246,,,160,,119,,,3,,4/18/2020 16:22,Agree,Agree
2020/04/19,SC,4377,4377,0,131,0,120,120,0,1,0,4/19/2020 16:22,Agree,Agree
2020/04/20,SC,4439,4439,0,62,0,124,,,4,,4/20/2020 16:22,Agree,Agree
2020/04/21,SC,4608,4608,0,169,0,135,135,0,11,0,4/21/2020 16:22,Agree,Agree
2020/04/22,SC,4761,4761,0,153,0,140,140,0,5,0,4/22/2020 16:22,Agree,Agree
2020/04/23,SC,4917,4917,0,156,0,150,150,0,10,0,5/25/2020 15:38,Agree,Agree
2020/04/24,SC,5070,5070,0,153,0,157,157,0,7,0,5/25/2020 15:38,Agree,Agree
2020/04/25,SC,5253,5253,0,183,0,166,166,0,9,0,5/25/2020 15:38,Agree,Agree
2020/04/26,SC,5490,5490,0,237,0,174,174,0,8,0,5/25/2020 15:38,Agree,Agree
2020/04/27,SC,5613,5613,0,123,0,177,177,0,3,0,5/25/2020 15:38,Agree,Agree
2020/04/28,SC,5735,5735,0,122,0,192,192,0,15,0,4/29/2020 18:12,Agree,Agree
2020/04/29,SC,5881,5881,0,146,0,203,203,0,11,0,4/30/2020 16:07,Agree,Agree
2020/04/30,SC,6095,6095,0,214,0,244,244,0,41,0,5/1/2020 21:00,Agree,Agree
2020/05/01,SC,6258,6258,0,163,0,256,256,0,12,0,5/2/2020 15:47,Agree,Agree
2020/05/02,SC,6489,6489,0,231,0,267,267,0,11,0,5/3/2020 15:36,Agree,Agree
2020/05/03,SC,6626,6626,0,137,0,275,275,0,8,0,5/4/2020 22:49,Agree,Agree
2020/05/04,SC,6757,6757,0,131,0,283,283,0,8,0,5/5/2020 17:25,Agree,Agree
2020/05/05,SC,6841,6841,0,84,0,296,296,0,13,0,5/6/2020 16:23,Agree,Agree
2020/05/06,SC,6936,6936,0,95,0,305,305,0,9,0,5/7/2020 22:59,Agree,Agree
2020/05/07,SC,7142,7142,0,206,0,316,316,0,11,0,5/8/2020 21:26,Agree,Agree
2020/05/08,SC,7367,7367,0,225,0,320,320,0,4,0,5/9/2020 21:26,Agree,Agree
2020/05/09,SC,7531,7531,0,164,0,330,330,0,10,0,5/10/2020 21:26,Agree,Agree
2020/05/10,SC,7653,7653,0,122,0,331,331,0,1,0,5/11/2020 21:26,Agree,Agree
2020/05/11,SC,7792,7792,0,139,0,346,346,0,15,0,5/12/2020 17:26,Agree,Agree
2020/05/12,SC,7927,7927,0,135,0,355,355,0,9,0,5/13/2020 15:26,Agree,Agree
2020/05/13,SC,8030,8030,0,103,0,362,362,0,7,0,5/14/2020 17:25,Agree,Agree
2020/05/14,SC,8189,8189,0,159,0,371,371,0,9,0,5/15/2020 16:11,Agree,Agree
2020/05/15,SC,8407,8407,0,218,0,380,380,0,9,0,5/16/2020 15:46,Agree,Agree
2020/05/16,SC,8661,8661,0,254,0,380,380,0,0,0,5/17/2020 15:27,Agree,Agree
2020/05/17,SC,8816,8816,0,155,0,385,385,0,5,0,5/18/2020 16:01,Agree,Agree
2020/05/18,SC,8942,8942,0,126,0,391,391,0,6,0,5/19/2020 15:45,Agree,Agree
2020/05/19,SC,9056,9056,0,114,0,399,399,0,8,0,5/20/2020 15:28,Agree,Agree
2020/05/20,SC,9175,9175,0,119,0,407,407,0,8,0,5/21/2020 15:41,Agree,Agree
2020/05/21,SC,9379,9379,0,204,0,416,416,0,9,0,5/22/2020 15:31,Agree,Agree
2020/05/22,SC,9638,9638,0,259,0,419,419,0,3,0,5/23/2020 17:58,Agree,Agree
2020/05/23,SC,9895,9895,0,257,0,425,425,0,6,0,5/24/2020 14:15,Agree,Agree
2020/05/24,SC,10096,10096,0,201,0,435,435,0,10,0,5/25/2020 14:12,Agree,Agree
2020/05/25,SC,10178,10178,0,82,0,440,440,0,5,0,5/26/2020 14:23,Agree,Agree
2020/05/26,SC,10416,10416,0,238,0,446,446,0,6,0,5/27/2020 15:37,Agree,Agree
2020/05/27,SC,10623,10623,0,207,0,466,466,0,20,0,5/28/2020 15:12,Agree,Agree
2020/05/28,SC,10788,10788,0,165,0,470,470,0,4,0,5/29/2020 14:19,Agree,Agree
2020/05/29,SC,11131,11131,0,343,0,483,483,0,13,0,5/30/2020 15:47,Agree,Agree
2020/05/30,SC,11394,11394,0,263,0,487,487,0,4,0,5/31/2020 14:43,Agree,Agree
2020/05/31,SC,11861,11861,0,467,0,494,494,0,7,0,6/1/2020 14:17,Agree,Agree
2020/06/01,SC,12148,12148,0,287,0,500,500,0,6,0,6/2/2020 14:16,Agree,Agree
2020/06/02,SC,12415,12415,0,267,0,501,501,0,1,0,6/3/2020 14:11,Agree,Agree
2020/06/03,SC,12651,12651,0,236,0,518,518,0,17,0,6/4/2020 15:03,Agree,Agree
2020/06/04,SC,13005,13005,0,354,0,525,525,0,7,0,6/5/2020 15:17,Agree,Agree
2020/06/05,SC,13453,13453,0,448,0,538,538,0,13,0,6/6/2020 14:31,Agree,Agree
2020/06/06,SC,13916,13916,0,463,0,545,545,0,7,0,6/7/2020 14:23,Agree,Agree
2020/06/07,SC,14286,14286,0,370,0,546,546,0,1,0,6/8/2020 14:55,Agree,Agree
2020/06/08,SC,14800,14800,0,514,0,557,557,0,11,0,6/9/2020 16:49,Agree,Agree
2020/06/09,SC,15228,15228,0,428,0,568,568,0,11,0,6/10/2020 20:56,Agree,Agree
2020/06/10,SC,15759,15759,0,531,0,575,575,0,7,0,6/11/2020 14:48,Agree,Agree
2020/06/11,SC,16441,16441,0,682,0,588,588,0,13,0,6/12/2020 14:17,Agree,Agree
2020/06/12,SC,17170,17170,0,729,0,593,593,0,5,0,6/13/2020 17:46,Agree,Agree
2020/06/13,SC,17955,17955,0,785,0,599,599,0,6,0,6/14/2020 14:19,Agree,Agree
2020/06/14,SC,18795,18795,0,840,0,600,600,0,1,0,6/15/2020 14:33,Agree,Agree
2020/06/15,SC,19378,19378,0,583,0,602,602,0,2,0,6/16/2020 14:10,Agree,Agree
2020/06/16,SC,19990,19990,0,612,0,607,607,0,5,0,6/17/2020 15:06,Agree,Agree
2020/06/17,SC,20556,20551,5,566,5,617,617,0,10,0,6/18/2020 17:16,Agree,Agree
2020/06/18,SC,21548,21533,15,992,10,621,621,0,4,0,6/19/2020 15:01,Agree,Agree
2020/06/19,SC,22631,22608,23,1083,8,639,639,0,18,0,6/20/2020 14:15,Agree,Agree
2020/06/20,SC,23786,23756,30,1155,7,644,644,0,5,0,6/21/2020 14:32,Agree,Agree
2020/06/21,SC,24693,24661,32,907,2,653,653,0,9,0,6/22/2020 15:24,Agree,Agree
2020/06/22,SC,25701,25666,35,1008,3,659,659,0,6,0,6/23/2020 14:28,Agree,Agree
2020/06/23,SC,26613,26572,41,912,6,673,673,0,14,0,6/24/2020 15:03,Agree,Agree
2020/06/24,SC,27897,27842,55,1284,14,683,683,0,10,0,6/25/2020 14:07,Agree,Agree
2020/06/25,SC,29022,28962,60,1125,5,693,691,2,10,2,6/26/2020 19:18,Agree,Agree
2020/06/26,SC,30335,30263,72,1313,12,694,692,2,1,0,6/27/2020 17:51,Agree,Agree
2020/06/27,SC,31939,31850,89,1604,17,711,707,4,17,2,6/28/2020 14:59,Agree,Agree
2020/06/28,SC,33320,33221,99,1381,10,716,712,4,5,0,6/29/2020 14:37,Agree,Agree
2020/06/29,SC,34644,34546,98,1324,-1,720,717,3,4,-1,6/30/2020 15:27,Agree,Agree
2020/06/30,SC,36399,36297,102,1755,4,739,735,4,19,1,7/1/2020 15:45,Agree,Agree
2020/07/01,SC,37919,37809,110,1520,8,766,759,7,27,3,7/2/2020 15:10,Agree,Agree
2020/07/02,SC,39701,39587,114,1782,4,784,777,7,18,0,7/3/2020 15:01,Agree,Agree
2020/07/03,SC,41532,41413,119,1831,5,793,787,6,9,-1,7/4/2020 15:30,Agree,Agree
2020/07/04,SC,43386,43260,126,1854,7,813,806,7,20,1,7/5/2020 15:00,Agree,Agree
2020/07/05,SC,44847,44717,130,1461,4,820,813,7,7,0,7/6/2020 15:16,Agree,Agree
2020/07/06,SC,46380,46247,133,1533,3,827,819,8,7,1,7/7/2020 14:58,Agree,Agree
2020/07/07,SC,47352,47214,138,972,5,846,838,8,19,0,7/8/2020 14:12,Agree,Agree
2020/07/08,SC,48909,48770,139,1557,1,884,876,8,38,0,7/9/2020 15:14,Agree,Agree
2020/07/09,SC,50691,50548,143,1782,4,905,898,7,21,-1,7/10/2020 15:35,Agree,Agree
2020/07/10,SC,52419,52273,146,1728,3,929,922,7,24,0,7/11/2020 18:25,Agree,Agree
2020/07/11,SC,54699,54538,161,2280,15,951,940,11,22,4,7/12/2020 15:13,Agree,Agree
2020/07/12,SC,56648,56485,163,1949,2,961,950,11,10,0,7/13/2020 15:19,Agree,Agree
2020/07/13,SC,58168,58003,165,1520,2,972,961,11,11,0,7/14/2020 15:13,Agree,Agree
2020/07/14,SC,60389,60220,169,2221,4,993,984,9,21,-2,7/15/2020 15:05,Agree,Agree
2020/07/15,SC,62245,62071,174,1856,5,998,984,14,5,5,7/16/2020 14:22,Agree,Agree
2020/07/16,SC,64083,63880,203,1838,29,1070,1053,17,72,3,7/17/2020 14:31,Agree,Agree
2020/07/17,SC,66060,65857,203,1977,0,1096,1078,18,26,1,7/18/2020 16:14,Agree,Agree
2020/07/18,SC,67612,67396,216,1552,13,1135,1117,18,39,0,7/19/2020 15:05,Agree,Agree
2020/07/19,SC,69986,69765,221,2374,5,1155,1138,17,20,-1,7/20/2020 14:35,Agree,Agree
2020/07/20,SC,71445,71213,232,1459,11,1164,1147,17,9,0,7/21/2020 14:50,Agree,Agree
2020/07/21,SC,73337,73101,236,1892,4,1221,1203,18,57,1,7/22/2020 14:51,Agree,Agree
2020/07/22,SC,75042,74761,281,1705,45,1285,1242,43,64,25,7/23/2020 14:48,Agree,Agree
2020/07/23,SC,76606,76315,291,1564,10,1334,1294,40,49,-3,7/24/2020 14:18,Agree,Agree
2020/07/24,SC,78607,78298,309,2001,18,1385,1339,46,51,6,7/25/2020 17:40,Agree,Agree
2020/07/25,SC,80008,79674,334,1401,25,1465,1412,53,80,7,7/26/2020 15:17,Agree,Agree
2020/07/26,SC,81199,80856,343,1191,9,1491,1436,55,26,2,7/27/2020 14:16,Agree,Agree
2020/07/27,SC,82417,82071,346,1218,3,1506,1452,54,15,-1,7/28/2020 14:21,Agree,Agree
2020/07/28,SC,84109,83720,389,1692,43,1565,1505,60,59,6,7/29/2020 14:34,Agree,Agree
2020/07/29,SC,85846,85423,423,1737,34,1615,1551,64,50,4,7/30/2020 14:42,Agree,Agree
2020/07/30,SC,87572,87117,455,1726,32,1667,1600,67,52,3,7/31/2020 14:35,Agree,Agree
2020/07/31,SC,89016,88523,493,1444,38,1712,1647,65,45,-2,8/1/2020 14:38,Agree,Agree
2020/08/01,SC,90599,90076,523,1583,30,1751,1683,68,39,3,8/2/2020 14:54,Agree,Agree
2020/08/02,SC,91788,91257,531,1189,8,1777,1709,68,26,0,8/3/2020 14:31,Agree,Agree
2020/08/03,SC,92951,92404,547,1163,16,1793,1721,72,16,4,8/4/2020 14:09,Agree,Agree
2020/08/04,SC,94190,93604,586,1239,39,1847,1774,73,54,1,8/5/2020 14:13,Agree,Agree
2020/08/05,SC,95472,94837,635,1282,49,1894,1819,75,47,2,8/6/2020 14:12,Agree,Agree
2020/08/06,SC,96797,96132,665,1325,30,1943,1863,80,49,5,8/7/2020 23:57,Agree,Agree
2020/08/07,SC,98219,97554,665,1422,0,1962,1883,79,19,-1,8/8/2020 14:58,Agree,Agree
2020/08/08,SC,99460,98743,717,1241,52,2007,1931,76,45,-3,8/9/2020 14:03,Agree,Agree
2020/08/09,SC,100435,99713,722,975,5,2031,1949,82,24,6,8/10/2020 14:23,Agree,Agree
2020/08/10,SC,101159,100431,728,724,6,2049,1966,83,18,1,8/11/2020 14:16,Agree,Agree
2020/08/11,SC,102130,101360,770,971,42,2098,2012,86,49,3,8/12/2020 13:50,Agree,Agree
2020/08/12,SC,102974,102143,831,844,61,2144,2057,87,46,1,8/13/2020 14:12,Agree,Agree
2020/08/13,SC,103909,103051,858,935,27,2186,2089,97,42,10,8/14/2020 14:30,Agree,Agree
2020/08/14,SC,104841,103880,961,932,103,2204,2106,98,18,1,8/15/2020 14:02,Agree,Agree
2020/08/15,SC,105882,104874,1008,1041,47,2260,2156,104,56,6,8/16/2020 14:57,Agree,Agree
2020/08/16,SC,106497,105466,1031,615,23,2269,2165,104,9,0,8/17/2020 14:26,Agree,Agree
2020/08/17,SC,106953,105905,1048,456,17,2288,2185,103,19,-1,8/18/2020 14:26,Agree,Agree
2020/08/18,SC,107672,106574,1098,719,50,2343,2230,113,55,10,8/19/2020 14:23,Agree,Agree
2020/08/19,SC,108411,107274,1137,739,39,2360,2248,112,17,-1,8/20/2020 15:11,Agree,Agree
2020/08/20,SC,109320,108146,1174,909,37,2401,2289,112,41,0,8/21/2020 14:27,Agree,Agree
2020/08/21,SC,110378,109135,1243,1058,69,2459,2339,120,58,8,8/22/2020 14:21,Agree,Agree
2020/08/22,SC,111295,109962,1333,917,90,2493,2372,121,34,1,8/23/2020 14:15,Agree,Agree
2020/08/23,SC,111988,110658,1330,693,-3,2504,2380,124,11,3,8/24/2020 13:54,Agree,Agree
2020/08/24,SC,112551,111202,1349,563,19,2511,2387,124,7,0,8/25/2020 14:02,Agree,Agree
2020/08/25,SC,113488,112088,1400,937,51,2529,2408,121,18,-3,8/26/2020 13:51,Agree,Agree
2020/08/26,SC,114093,112643,1450,605,50,2573,2451,122,44,1,8/27/2020 13:42,Agree,Agree
2020/08/27,SC,114598,113107,1491,505,41,2628,2494,134,55,12,8/28/2020 13:43,Agree,Agree
2020/08/28,SC,115951,114400,1551,1353,60,2655,2521,134,27,0,8/29/2020 13:42,Agree,Agree
2020/08/29,SC,117249,115661,1588,1298,37,2698,2563,135,43,1,8/30/2020 14:49,Agree,Agree
2020/08/30,SC,118324,116697,1627,1075,39,2709,2574,135,11,0,8/31/2020 14:05,Agree,Agree
2020/08/31,SC,118992,117333,1659,668,32,2720,2588,132,11,-3,9/1/2020 14:09,Agree,Agree
2020/09/01,SC,119846,118116,1730,854,71,2757,2626,131,37,-1,9/2/2020 13:49,Agree,Agree
2020/09/02,SC,120503,118699,1804,657,74,2794,2652,142,37,11,9/3/2020 14:18,Agree,Agree
2020/09/03,SC,121696,119822,1874,1193,70,2807,2667,140,13,-2,9/4/2020 13:36,Agree,Agree
2020/09/04,SC,123325,121378,1947,1629,73,2846,2706,140,39,0,9/5/2020 14:09,Agree,Agree
2020/09/05,SC,124289,122313,1976,964,29,2877,2738,139,31,-1,9/6/2020 14:09,Agree,Agree
2020/09/06,SC,124952,122944,2008,663,32,2887,2748,139,10,0,9/7/2020 13:37,Agree,Agree
2020/09/07,SC,125607,123552,2055,655,47,2907,2767,140,20,1,9/8/2020 14:47,Agree,Agree
2020/09/08,SC,125908,123801,2107,301,52,2912,2772,140,5,0,9/9/2020 13:47,Agree,Agree
2020/09/09,SC,126213,124097,2116,305,9,2942,2800,142,30,2,9/10/2020 14:02,Agree,Agree
2020/09/10,SC,126592,124397,2195,379,79,2975,2823,152,33,10,9/11/2020 13:51,Agree,Agree
2020/09/11,SC,129046,126792,2254,2454,59,3028,2877,151,53,-1,9/12/2020 14:12,Agree,Agree
2020/09/12,SC,129978,127646,2332,932,78,3040,2891,149,12,-2,9/13/2020 16:17,Agree,Agree
2020/09/13,SC,131864,129484,2380,1886,48,3064,2915,149,24,0,9/14/2020 14:01,Agree,Agree
2020/09/14,SC,132680,130256,2424,816,44,3077,2922,155,13,6,9/15/2020 14:03,Agree,Agree
2020/09/15,SC,133470,130917,2553,790,129,3098,2943,155,21,0,9/16/2020 13:53,Agree,Agree
2020/09/16,SC,134122,131428,2694,652,141,3132,2968,164,34,9,9/17/2020 13:45,Agree,Agree
2020/09/17,SC,135446,132565,2881,1324,187,3158,2992,166,26,2,9/18/2020 13:48,Agree,Agree
2020/09/18,SC,136318,133310,3008,872,127,3177,3010,167,19,1,9/19/2020 14:00,Agree,Agree
2020/09/19,SC,137240,134052,3188,922,180,3188,3017,171,11,4,9/20/2020 13:53,Agree,Agree
2020/09/20,SC,137708,134494,3214,468,26,3199,3028,171,11,0,9/21/2020 13:47,Agree,Agree
2020/09/21,SC,138124,134884,3240,416,26,3212,3040,172,13,1,9/22/2020 13:51,Agree,Agree
2020/09/22,SC,140789,137406,3383,2665,143,3243,3067,176,31,4,9/23/2020 13:51,Agree,Agree
2020/09/23,SC,141686,138171,3515,897,132,3262,3085,177,19,1,9/24/2020 13:54,Agree,Agree
2020/09/24,SC,142707,139021,3686,1021,171,3279,3097,182,17,5,9/25/2020 13:54,Agree,Agree
2020/09/25,SC,143902,140056,3846,1195,160,3297,3114,183,18,1,9/26/2020 13:46,Agree,Agree
2020/01/22,CT,0,,,0,,0,,,0,,3/26/2020 16:22,Agree,Agree
2020/01/23,CT,0,,,0,,0,,,0,,3/26/2020 16:22,Agree,Agree
2020/01/24,CT,0,,,0,,0,,,0,,3/26/2020 16:22,Agree,Agree
2020/01/25,CT,0,,,0,,0,,,0,,3/26/2020 16:22,Agree,Agree
2020/01/26,CT,0,,,0,,0,,,0,,3/26/2020 16:22,Agree,Agree
2020/01/27,CT,0,,,0,,0,,,0,,3/26/2020 16:22,Agree,Agree
2020/01/28,CT,0,,,0,,0,,,0,,3/26/2020 16:22,Agree,Agree
2020/01/29,CT,0,,,0,,0,,,0,,3/26/2020 16:22,Agree,Agree
2020/01/30,CT,0,,,0,,0,,,0,,3/26/2020 16:22,Agree,Agree
2020/01/31,CT,0,,,0,,0,,,0,,3/26/2020 16:22,Agree,Agree
2020/02/01,CT,0,,,0,,0,,,0,,3/26/2020 16:22,Agree,Agree
2020/02/02,CT,0,,,0,,0,,,0,,3/26/2020 16:22,Agree,Agree
2020/02/03,CT,0,,,0,,0,,,0,,3/26/2020 16:22,Agree,Agree
2020/02/04,CT,0,,,0,,0,,,0,,3/26/2020 16:22,Agree,Agree
2020/02/05,CT,0,,,0,,0,,,0,,3/26/2020 16:22,Agree,Agree
2020/02/06,CT,0,,,0,,0,,,0,,3/26/2020 16:22,Agree,Agree
2020/02/07,CT,0,,,0,,0,,,0,,3/26/2020 16:22,Agree,Agree
2020/02/08,CT,0,,,0,,0,,,0,,3/26/2020 16:22,Agree,Agree
2020/02/09,CT,0,,,0,,0,,,0,,3/26/2020 16:22,Agree,Agree
2020/02/10,CT,0,,,0,,0,,,0,,3/26/2020 16:22,Agree,Agree
2020/02/11,CT,0,,,0,,0,,,0,,3/26/2020 16:22,Agree,Agree
2020/02/12,CT,0,,,0,,0,,,0,,3/26/2020 16:22,Agree,Agree
2020/02/13,CT,0,,,0,,0,,,0,,3/26/2020 16:22,Agree,Agree
2020/02/14,CT,0,,,0,,0,,,0,,3/26/2020 16:22,Agree,Agree
2020/02/15,CT,0,,,0,,0,,,0,,3/26/2020 16:22,Agree,Agree
2020/02/16,CT,0,,,0,,0,,,0,,3/26/2020 16:22,Agree,Agree
2020/02/17,CT,0,,,0,,0,,,0,,3/26/2020 16:22,Agree,Agree
2020/02/18,CT,0,,,0,,0,,,0,,3/26/2020 16:22,Agree,Agree
2020/02/19,CT,0,,,0,,0,,,0,,3/26/2020 16:22,Agree,Agree
2020/02/20,CT,0,,,0,,0,,,0,,3/26/2020 16:22,Agree,Agree
2020/02/21,CT,0,,,0,,0,,,0,,3/26/2020 16:22,Agree,Agree
2020/02/22,CT,0,,,0,,0,,,0,,3/26/2020 16:22,Agree,Agree
2020/02/23,CT,0,,,0,,0,,,0,,3/26/2020 16:22,Agree,Agree
2020/02/24,CT,0,,,0,,0,,,0,,3/26/2020 16:22,Agree,Agree
2020/02/25,CT,0,,,0,,0,,,0,,3/26/2020 16:22,Agree,Agree
2020/02/26,CT,0,,,0,,0,,,0,,3/26/2020 16:22,Agree,Agree
2020/02/27,CT,0,,,0,,0,,,0,,3/26/2020 16:22,Agree,Agree
2020/02/28,CT,0,,,0,,0,,,0,,3/26/2020 16:22,Agree,Agree
2020/02/29,CT,0,,,0,,0,,,0,,3/26/2020 16:22,Agree,Agree
2020/03/01,CT,0,,,0,,0,,,0,,3/26/2020 16:22,Agree,Agree
2020/03/02,CT,0,,,0,,0,,,0,,3/26/2020 16:22,Agree,Agree
2020/03/03,CT,0,,,0,,0,,,0,,3/26/2020 16:22,Agree,Agree
2020/03/04,CT,0,,,0,,0,,,0,,3/26/2020 16:22,Agree,Agree
2020/03/05,CT,0,,,0,,0,,,0,,3/26/2020 16:22,Agree,Agree
2020/03/06,CT,0,,,0,,0,,,0,,3/26/2020 16:22,Agree,Agree
2020/03/07,CT,0,,,0,,0,,,0,,3/26/2020 16:22,Agree,Agree
2020/03/08,CT,1,,,1,,0,,,0,,3/26/2020 16:22,Agree,Agree
2020/03/09,CT,1,,,0,,0,,,0,,3/26/2020 16:22,Agree,Agree
2020/03/10,CT,2,,,1,,0,,,0,,3/26/2020 16:22,Agree,Agree
2020/03/11,CT,3,,,1,,0,,,0,,3/26/2020 16:22,Agree,Agree
2020/03/12,CT,7,,,4,,0,,,0,,3/26/2020 16:22,Agree,Agree
2020/03/13,CT,7,,,0,,0,,,0,,3/26/2020 16:22,Agree,Agree
2020/03/14,CT,7,,,0,,0,,,0,,3/26/2020 16:22,Agree,Agree
2020/03/15,CT,26,,,19,,0,,,0,,3/26/2020 16:22,Agree,Agree
2020/03/16,CT,41,,,15,,0,,,0,,3/26/2020 16:22,Agree,Agree
2020/03/17,CT,68,,,27,,0,,,0,,3/26/2020 16:22,Agree,Agree
2020/03/18,CT,96,,,28,,1,,,1,,3/26/2020 16:22,Agree,Agree
2020/03/19,CT,159,,,63,,3,,,2,,3/26/2020 16:22,Agree,Agree
2020/03/20,CT,194,,,35,,4,,,1,,3/26/2020 16:22,Agree,Agree
2020/03/21,CT,223,,,29,,5,,,1,,3/26/2020 16:22,Agree,Agree
2020/03/22,CT,327,,,104,,8,,,3,,3/26/2020 16:22,Agree,Agree
2020/03/23,CT,415,,,88,,10,,,2,,3/26/2020 16:22,Agree,Agree
2020/03/24,CT,618,,,203,,12,,,2,,3/26/2020 16:22,Agree,Agree
2020/03/25,CT,875,,,257,,19,,,7,,3/26/2020 16:22,Agree,Agree
2020/03/26,CT,1012,,,137,,21,,,2,,3/26/2020 16:22,Agree,Agree
2020/03/27,CT,1291,,,279,,27,,,6,,3/26/2020 16:22,Agree,Agree
2020/03/28,CT,1524,,,233,,33,,,6,,3/28/2020 16:22,Agree,Agree
2020/03/29,CT,1993,,,469,,34,,,1,,3/28/2020 16:22,Agree,Agree
2020/03/30,CT,2571,,,578,,36,,,2,,3/29/2020 16:22,Agree,Agree
2020/03/31,CT,3128,,,557,,69,,,33,,3/30/2020 16:22,Agree,Agree
2020/04/01,CT,3557,,,429,,85,,,16,,3/31/2020 16:22,Agree,Agree
2020/04/02,CT,3824,,,267,,112,,,27,,4/1/2020 16:22,Agree,Agree
2020/04/03,CT,4915,,,1091,,132,,,20,,4/3/2020 16:22,Agree,Agree
2020/04/04,CT,5276,,,361,,165,,,33,,4/3/2020 16:22,Agree,Agree
2020/04/05,CT,5675,,,399,,189,,,24,,4/4/2020 16:22,Agree,Agree
2020/04/06,CT,6906,,,1231,,206,,,17,,4/5/2020 16:22,Agree,Agree
2020/04/07,CT,7781,,,875,,277,,,71,,4/7/2020 16:22,Agree,Agree
2020/04/08,CT,8781,,,1000,,335,,,58,,4/7/2020 16:22,Agree,Agree
2020/04/09,CT,9784,,,1003,,380,,,45,,4/8/2020 16:22,Agree,Agree
2020/04/10,CT,10131,,,347,,444,,,64,,4/9/2020 16:22,Agree,Agree
2020/04/11,CT,11510,,,1379,,494,,,50,,4/10/2020 16:22,Agree,Agree
2020/04/12,CT,12035,,,525,,554,,,60,,4/11/2020 16:22,Agree,Agree
2020/04/13,CT,13381,,,1346,,602,,,48,,4/12/2020 16:22,Agree,Agree
2020/04/14,CT,13989,,,608,,608,,,6,,4/13/2020 16:22,Agree,Agree
2020/04/15,CT,14755,,,766,,868,,,260,,4/15/2020 16:22,Agree,Agree
2020/04/16,CT,15884,15884,0,1129,0,971,774,197,103,197,4/16/2020 16:22,Agree,Agree
2020/04/17,CT,16809,,,925,,1036,,,65,,4/17/2020 16:22,Agree,Agree
2020/04/18,CT,17550,,,741,,1086,,,50,,4/18/2020 16:22,Agree,Agree
2020/04/19,CT,17962,17962,0,412,0,1127,946,181,41,181,4/19/2020 16:22,Agree,Agree
2020/04/20,CT,19815,18495,1320,1853,1320,1331,984,347,204,166,4/20/2020 16:22,Agree,Agree
2020/04/21,CT,20360,18990,1370,545,50,1423,1052,371,92,24,4/21/2020 16:22,Agree,Agree
2020/04/22,CT,22469,21302,1167,2109,-203,1544,1178,366,121,-5,4/22/2020 16:22,Agree,Agree
2020/04/23,CT,23100,23100,0,631,-1167,1639,1639,0,95,-366,5/25/2020 15:38,Agree,Agree
2020/04/24,CT,23921,23921,0,821,0,1764,1764,0,125,0,5/25/2020 15:38,Agree,Agree
2020/04/25,CT,24582,24582,0,661,0,1862,1862,0,98,0,5/25/2020 15:38,Agree,Agree
2020/04/26,CT,25269,23853,1416,687,1416,1924,1448,476,62,476,5/25/2020 15:38,Agree,Agree
2020/04/27,CT,25997,25997,0,728,-1416,2012,2012,0,88,-476,5/25/2020 15:38,Agree,Agree
2020/04/28,CT,26312,24844,1468,315,1468,2089,1566,523,77,523,4/29/2020 18:12,Agree,Agree
2020/04/29,CT,26767,25265,1502,455,34,2168,1628,540,79,17,4/30/2020 16:07,Agree,Agree
2020/04/30,CT,27700,26140,1560,933,58,2257,1695,562,89,22,5/1/2020 21:00,Agree,Agree
2020/05/01,CT,28764,28764,0,1064,-1560,2339,2339,0,82,-562,5/2/2020 15:47,Agree,Agree
2020/05/02,CT,29287,29287,0,523,0,2436,2436,0,97,0,5/3/2020 15:36,Agree,Agree
2020/05/03,CT,29312,27552,1760,25,1760,2495,1853,642,59,642,5/4/2020 22:49,Agree,Agree
2020/05/04,CT,29973,28298,1675,661,-85,2556,1907,649,61,7,5/5/2020 17:25,Agree,Agree
2020/05/05,CT,30621,28881,1740,648,65,2633,1958,675,77,26,5/6/2020 16:23,Agree,Agree
2020/05/06,CT,30995,30995,0,374,-1740,2718,2718,0,85,-675,5/7/2020 22:59,Agree,Agree
2020/05/07,CT,31784,29908,1876,789,1876,2797,2062,735,79,735,5/8/2020 21:26,Agree,Agree
2020/05/08,CT,32411,32411,0,627,-1876,2874,2874,0,77,-735,5/9/2020 21:26,Agree,Agree
2020/05/09,CT,32984,31013,1971,573,1971,2932,2161,771,58,771,5/10/2020 21:26,Agree,Agree
2020/05/10,CT,33554,31714,1840,570,-131,2967,2243,724,35,-47,5/11/2020 21:26,Agree,Agree
2020/05/11,CT,33765,31955,1810,211,-30,3008,2294,714,41,-10,5/12/2020 17:26,Agree,Agree
2020/05/12,CT,34333,32461,1872,568,62,3041,2327,714,33,0,5/13/2020 15:26,Agree,Agree
2020/05/13,CT,34855,32878,1977,522,105,3125,2393,732,84,18,5/14/2020 17:25,Agree,Agree
2020/05/14,CT,35464,33427,2037,609,60,3219,2466,753,94,21,5/15/2020 16:11,Agree,Agree
2020/05/15,CT,36085,34059,2026,621,-11,3285,2524,761,66,8,5/16/2020 15:46,Agree,Agree
2020/05/16,CT,36703,34678,2025,618,-1,3339,2573,766,54,5,5/17/2020 15:27,Agree,Agree
2020/05/17,CT,37419,35474,1945,716,-80,3408,2636,772,69,6,5/18/2020 16:01,Agree,Agree
2020/05/18,CT,38116,36176,1940,697,-5,3449,2667,782,41,10,5/19/2020 15:45,Agree,Agree
2020/05/19,CT,38430,36486,1944,314,4,3472,2687,785,23,3,5/20/2020 15:28,Agree,Agree
2020/05/20,CT,39017,37037,1980,587,36,3529,2730,799,57,14,5/21/2020 15:41,Agree,Agree
2020/05/21,CT,39208,37189,2019,191,39,3582,2777,805,53,6,5/22/2020 15:31,Agree,Agree
2020/05/22,CT,39640,37576,2064,432,45,3637,2818,819,55,14,5/23/2020 17:58,Agree,Agree
2020/05/23,CT,40022,37971,2051,382,-13,3675,2845,830,38,11,5/24/2020 14:15,Agree,Agree
2020/05/24,CT,40468,38384,2084,446,33,3693,2861,832,18,2,5/25/2020 14:12,Agree,Agree
2020/05/25,CT,40873,38835,2038,405,-46,3742,2909,833,49,1,5/26/2020 14:23,Agree,Agree
2020/05/26,CT,41303,39024,2279,430,241,3769,2936,833,27,0,5/27/2020 15:37,Agree,Agree
2020/05/27,CT,41288,39295,1993,-15,-286,3803,2966,837,34,4,5/28/2020 15:12,Agree,Agree
2020/05/28,CT,41559,41559,0,271,-1993,3826,3826,0,23,-837,5/29/2020 14:19,Agree,Agree
2020/05/29,CT,41762,39756,2006,203,2006,3868,3020,848,42,848,5/30/2020 15:47,Agree,Agree
2020/05/30,CT,42022,40009,2013,260,7,3912,3055,857,44,9,5/31/2020 14:43,Agree,Agree
2020/05/31,CT,42201,40189,2012,179,-1,3944,3084,860,32,3,6/1/2020 14:17,Agree,Agree
2020/06/01,CT,42740,40670,2070,539,58,3964,3110,854,20,-6,6/2/2020 14:16,Agree,Agree
2020/06/02,CT,42979,40941,2038,239,-32,3972,3139,833,8,-21,6/3/2020 14:11,Agree,Agree
2020/06/03,CT,43091,41051,2040,112,2,3989,3156,833,17,0,6/4/2020 15:03,Agree,Agree
2020/06/04,CT,43239,41171,2068,148,28,4007,3171,836,18,3,6/5/2020 15:17,Agree,Agree
2020/06/05,CT,43460,41387,2073,221,5,4038,3196,842,31,6,6/6/2020 14:31,Agree,Agree
2020/06/06,CT,43818,41743,2075,358,2,4055,3218,837,17,-5,6/7/2020 14:23,Agree,Agree
2020/06/07,CT,43968,41895,2073,150,-2,4071,3229,842,16,5,6/8/2020 14:55,Agree,Agree
2020/06/08,CT,44092,42017,2075,124,2,4084,3239,845,13,3,6/9/2020 16:49,Agree,Agree
2020/06/09,CT,44179,42182,1997,87,-78,4097,3266,831,13,-14,6/10/2020 20:56,Agree,Agree
2020/06/10,CT,44347,42448,1899,168,-98,4120,3283,837,23,6,6/11/2020 14:48,Agree,Agree
2020/06/11,CT,44461,42557,1904,114,5,4146,3308,838,26,1,6/12/2020 14:17,Agree,Agree
2020/06/12,CT,44689,42788,1901,228,-3,4159,3321,838,13,0,6/13/2020 17:46,Agree,Agree
2020/06/13,CT,44994,43078,1916,305,15,4186,3342,844,27,6,6/14/2020 14:19,Agree,Agree
2020/06/14,CT,45088,43172,1916,94,0,4201,3355,846,15,2,6/15/2020 14:33,Agree,Agree
2020/06/15,CT,45235,43303,1932,147,16,4204,3356,848,3,2,6/16/2020 14:10,Agree,Agree
2020/06/16,CT,45349,43415,1934,114,2,4210,3362,848,6,0,6/17/2020 15:06,Agree,Agree
2020/06/17,CT,45429,43487,1942,80,8,4219,3373,846,9,-2,6/18/2020 17:16,Agree,Agree
2020/06/18,CT,45440,43493,1947,11,5,4226,3378,848,7,2,6/19/2020 15:01,Agree,Agree
2020/06/19,CT,45557,43610,1947,117,0,4238,3385,853,12,5,6/20/2020 14:15,Agree,Agree
2020/06/20,CT,45715,43763,1952,158,5,4251,3394,857,13,4,6/21/2020 14:32,Agree,Agree
2020/06/21,CT,45755,43802,1953,40,1,4260,3401,859,9,2,6/22/2020 15:24,Agree,Agree
2020/06/22,CT,45782,43820,1962,27,9,4263,3403,860,3,1,6/23/2020 14:28,Agree,Agree
2020/06/23,CT,45899,43941,1958,117,-4,4277,3414,863,14,3,6/24/2020 15:03,Agree,Agree
2020/06/24,CT,45913,43954,1959,14,1,4287,3423,864,10,1,6/25/2020 14:07,Agree,Agree
2020/06/25,CT,45994,44018,1976,81,17,4298,3434,864,11,0,6/26/2020 19:18,Agree,Agree
2020/06/26,CT,46059,44086,1973,65,-3,4307,3440,867,9,3,6/27/2020 17:51,Agree,Agree
2020/06/27,CT,46206,44225,1981,147,8,4311,3443,868,4,1,6/28/2020 14:59,Agree,Agree
2020/06/28,CT,46303,44324,1979,97,-2,4316,3448,868,5,0,6/29/2020 14:37,Agree,Agree
2020/06/29,CT,46362,44384,1978,59,-1,4320,3451,869,4,1,6/30/2020 15:27,Agree,Agree
2020/06/30,CT,46514,44534,1980,152,2,4322,3453,869,2,0,7/1/2020 15:45,Agree,Agree
2020/07/01,CT,46572,44593,1979,58,-1,4324,3457,867,2,-2,7/2/2020 15:10,Agree,Agree
2020/07/02,CT,46646,44672,1974,74,-5,4326,3459,867,2,0,7/3/2020 15:01,Agree,Agree
2020/07/03,CT,46717,44741,1976,71,2,4335,3463,872,9,5,7/4/2020 15:30,Agree,Agree
2020/07/04,CT,46717,44741,1976,0,0,4335,3463,872,0,0,7/5/2020 15:00,Agree,Agree
2020/07/05,CT,46717,44741,1976,0,0,4335,3463,872,0,0,7/6/2020 15:16,Agree,Agree
2020/07/06,CT,46976,44997,1979,259,3,4338,3466,872,3,0,7/7/2020 14:58,Agree,Agree
2020/07/07,CT,47033,45056,1977,57,-2,4338,3466,872,0,0,7/8/2020 14:12,Agree,Agree
2020/07/08,CT,47108,45129,1979,75,2,4343,3471,872,5,0,7/9/2020 15:14,Agree,Agree
2020/07/09,CT,47209,45224,1985,101,6,4348,3476,872,5,0,7/10/2020 15:35,Agree,Agree
2020/07/10,CT,47287,45308,1979,78,-6,4348,3476,872,0,0,7/11/2020 18:25,Agree,Agree
2020/07/11,CT,47287,45308,1979,0,0,4348,3476,872,0,0,7/12/2020 15:13,Agree,Agree
2020/07/12,CT,47287,45308,1979,0,0,4348,3476,872,0,0,7/13/2020 15:19,Agree,Agree
2020/07/13,CT,47510,45523,1987,223,8,4371,3492,879,23,7,7/14/2020 15:13,Agree,Agree
2020/07/14,CT,47530,45547,1983,20,-4,4372,3497,875,1,-4,7/15/2020 15:05,Agree,Agree
2020/07/15,CT,47636,45653,1983,106,0,4380,3505,875,8,0,7/16/2020 14:22,Agree,Agree
2020/07/16,CT,47750,45771,1979,114,-4,4389,3515,874,9,-1,7/17/2020 14:31,Agree,Agree
2020/07/17,CT,47893,45910,1983,143,4,4396,3519,877,7,3,7/18/2020 16:14,Agree,Agree
2020/07/18,CT,47893,45910,1983,0,0,4396,3519,877,0,0,7/19/2020 15:05,Agree,Agree
2020/07/19,CT,47893,45910,1983,0,0,4396,3519,877,0,0,7/20/2020 14:35,Agree,Agree
2020/07/20,CT,48055,46071,1984,162,1,4406,3525,881,10,4,7/21/2020 14:50,Agree,Agree
2020/07/21,CT,48096,46116,1980,41,-4,4406,3527,879,0,-2,7/22/2020 14:51,Agree,Agree
2020/07/22,CT,48223,46203,2020,127,40,4406,3527,879,0,0,7/23/2020 14:48,Agree,Agree
2020/07/23,CT,48232,46213,2019,9,-1,4410,3530,880,4,1,7/24/2020 14:18,Agree,Agree
2020/07/24,CT,48776,46806,1970,544,-49,4413,3531,882,3,2,7/25/2020 17:40,Agree,Agree
2020/07/25,CT,48776,46806,1970,0,0,4413,3531,882,0,0,7/26/2020 15:17,Agree,Agree
2020/07/26,CT,48776,46806,1970,0,0,4413,3531,882,0,0,7/27/2020 14:16,Agree,Agree
2020/07/27,CT,48983,46994,1989,207,19,4418,3536,882,5,0,7/28/2020 14:21,Agree,Agree
2020/07/28,CT,49077,47089,1988,94,-1,4423,3541,882,5,0,7/29/2020 14:34,Agree,Agree
2020/07/29,CT,49540,47581,1959,463,-29,4425,3544,881,2,-1,7/30/2020 14:42,Agree,Agree
2020/07/30,CT,49670,47717,1953,130,-6,4431,3550,881,6,0,7/31/2020 14:35,Agree,Agree
2020/07/31,CT,49810,47854,1956,140,3,4432,3551,881,1,0,8/1/2020 14:38,Agree,Agree
2020/08/01,CT,49810,47854,1956,0,0,4432,3551,881,0,0,8/2/2020 14:54,Agree,Agree
2020/08/02,CT,49810,47854,1956,0,0,4432,3551,881,0,0,8/3/2020 14:31,Agree,Agree
2020/08/03,CT,50062,48093,1969,252,13,4437,3555,882,5,1,8/4/2020 14:09,Agree,Agree
2020/08/04,CT,50110,48142,1968,48,-1,4437,3555,882,0,0,8/5/2020 14:13,Agree,Agree
2020/08/05,CT,50225,48258,1967,115,-1,4437,3555,882,0,0,8/6/2020 14:12,Agree,Agree
2020/08/06,CT,50245,48273,1972,20,5,4437,3555,882,0,0,8/7/2020 23:57,Agree,Agree
2020/08/07,CT,50320,48345,1975,75,3,4441,3558,883,4,1,8/8/2020 14:58,Agree,Agree
2020/08/08,CT,50320,48345,1975,0,0,4441,3558,883,0,0,8/9/2020 14:03,Agree,Agree
2020/08/09,CT,50320,48345,1975,0,0,4441,3558,883,0,0,8/10/2020 14:23,Agree,Agree
2020/08/10,CT,50567,48577,1990,247,15,4444,3560,884,3,1,8/11/2020 14:16,Agree,Agree
2020/08/11,CT,50684,48690,1994,117,4,4444,3561,883,0,-1,8/12/2020 13:50,Agree,Agree
2020/08/12,CT,50706,48705,2001,22,7,4450,3566,884,6,1,8/13/2020 14:12,Agree,Agree
2020/08/13,CT,50782,48774,2008,76,7,4450,3566,884,0,0,8/14/2020 14:30,Agree,Agree
2020/08/14,CT,50897,48887,2010,115,2,4453,3569,884,3,0,8/15/2020 14:02,Agree,Agree
2020/08/15,CT,50897,48887,2010,0,0,4453,3569,884,0,0,8/16/2020 14:57,Agree,Agree
2020/08/16,CT,50897,48887,2010,0,0,4453,3569,884,0,0,8/17/2020 14:26,Agree,Agree
2020/08/17,CT,51267,49251,2016,370,6,4456,3572,884,3,0,8/18/2020 14:26,Agree,Agree
2020/08/18,CT,51255,49236,2019,-12,3,4456,3571,885,0,1,8/19/2020 14:23,Agree,Agree
2020/08/19,CT,51314,49289,2025,59,6,4457,3572,885,1,0,8/20/2020 15:11,Agree,Agree
2020/08/20,CT,51432,49402,2030,118,5,4458,3572,886,1,1,8/21/2020 14:27,Agree,Agree
2020/08/21,CT,51519,49477,2042,87,12,4460,3574,886,2,0,8/22/2020 14:21,Agree,Agree
2020/08/22,CT,51519,49477,2042,0,0,4460,3574,886,0,0,8/23/2020 14:15,Agree,Agree
2020/08/23,CT,51519,49477,2042,0,0,4460,3574,886,0,0,8/24/2020 13:54,Agree,Agree
2020/08/24,CT,52011,49940,2071,492,29,4460,3574,886,0,0,8/25/2020 14:02,Agree,Agree
2020/08/25,CT,52040,49971,2069,29,-2,4463,3580,883,3,-3,8/26/2020 13:51,Agree,Agree
2020/08/26,CT,52220,50134,2086,180,17,4463,3579,884,0,1,8/27/2020 13:42,Agree,Agree
2020/08/27,CT,52350,50255,2095,130,9,4465,3579,886,2,2,8/28/2020 13:43,Agree,Agree
2020/08/28,CT,52495,50387,2108,145,13,4465,3579,886,0,0,8/29/2020 13:42,Agree,Agree
2020/08/29,CT,52495,50387,2108,0,0,4465,3579,886,0,0,8/30/2020 14:49,Agree,Agree
2020/08/30,CT,52495,50387,2108,0,0,4465,3579,886,0,0,8/31/2020 14:05,Agree,Agree
2020/08/31,CT,52879,50753,2126,384,18,4465,3580,885,0,-1,9/1/2020 14:09,Agree,Agree
2020/09/01,CT,53006,50883,2123,127,-3,4466,3581,885,1,0,9/2/2020 13:49,Agree,Agree
2020/09/02,CT,53108,50978,2130,102,7,4467,3582,885,1,0,9/3/2020 14:18,Agree,Agree
2020/09/03,CT,53209,51076,2133,101,3,4468,3583,885,1,0,9/4/2020 13:36,Agree,Agree
2020/09/04,CT,53365,51221,2144,156,11,4468,3583,885,0,0,9/5/2020 14:09,Agree,Agree
2020/09/05,CT,53365,51221,2144,0,0,4468,3583,885,0,0,9/6/2020 14:09,Agree,Agree
2020/09/06,CT,53365,51221,2144,0,0,4468,3583,885,0,0,9/7/2020 13:37,Agree,Agree
2020/09/07,CT,53365,51221,2144,0,0,4468,3583,885,0,0,9/8/2020 14:47,Agree,Agree
2020/09/08,CT,53782,51594,2188,417,44,4474,3589,885,6,0,9/9/2020 13:47,Agree,Agree
2020/09/09,CT,53871,51666,2205,89,17,4474,3589,885,0,0,9/10/2020 14:02,Agree,Agree
2020/09/10,CT,54093,51877,2216,222,11,4478,3593,885,4,0,9/11/2020 13:51,Agree,Agree
2020/09/11,CT,54326,52095,2231,233,15,4480,3595,885,2,0,9/12/2020 14:12,Agree,Agree
2020/09/12,CT,54326,52095,2231,0,0,4480,3595,885,0,0,9/13/2020 16:17,Agree,Agree
2020/09/13,CT,54326,52095,2231,0,0,4480,3595,885,0,0,9/14/2020 14:01,Agree,Agree
2020/09/14,CT,54895,52624,2271,569,40,4485,3590,895,5,10,9/15/2020 14:03,Agree,Agree
2020/09/15,CT,55031,52767,2264,136,-7,4485,3590,895,0,0,9/16/2020 13:53,Agree,Agree
2020/09/16,CT,55166,52878,2288,135,24,4487,3592,895,2,0,9/17/2020 13:45,Agree,Agree
2020/09/17,CT,55386,53087,2299,220,11,4488,3593,895,1,0,9/18/2020 13:48,Agree,Agree
2020/09/18,CT,55527,53218,2309,141,10,4492,3597,895,4,0,9/19/2020 14:00,Agree,Agree
2020/09/19,CT,55527,53218,2309,0,0,4492,3597,895,0,0,9/20/2020 13:53,Agree,Agree
2020/09/20,CT,55527,53218,2309,0,0,4492,3597,895,0,0,9/21/2020 13:47,Agree,Agree
2020/09/21,CT,56024,53692,2332,497,23,4495,3600,895,3,0,9/22/2020 13:51,Agree,Agree
2020/09/22,CT,56160,53814,2346,136,14,4496,3601,895,1,0,9/23/2020 13:51,Agree,Agree
2020/09/23,CT,56315,53969,2346,155,0,4497,3601,896,1,1,9/24/2020 13:54,Agree,Agree
2020/09/24,CT,56472,54113,2359,157,13,4499,3603,896,2,0,9/25/2020 13:54,Agree,Agree
2020/09/25,CT,56587,54216,2371,115,12,4501,3604,897,2,1,9/26/2020 13:46,Agree,Agree
2020/01/22,NE,0,,,0,,0,,,0,,3/26/2020 16:22,Not agree,Not agree
2020/01/23,NE,0,,,0,,0,,,0,,3/26/2020 16:22,Not agree,Not agree
2020/01/24,NE,0,,,0,,0,,,0,,3/26/2020 16:22,Not agree,Not agree
2020/01/25,NE,0,,,0,,0,,,0,,3/26/2020 16:22,Not agree,Not agree
2020/01/26,NE,0,,,0,,0,,,0,,3/26/2020 16:22,Not agree,Not agree
2020/01/27,NE,0,,,0,,0,,,0,,3/26/2020 16:22,Not agree,Not agree
2020/01/28,NE,0,,,0,,0,,,0,,3/26/2020 16:22,Not agree,Not agree
2020/01/29,NE,0,,,0,,0,,,0,,3/26/2020 16:22,Not agree,Not agree
2020/01/30,NE,0,,,0,,0,,,0,,3/26/2020 16:22,Not agree,Not agree
2020/01/31,NE,0,,,0,,0,,,0,,3/26/2020 16:22,Not agree,Not agree
2020/02/01,NE,0,,,0,,0,,,0,,3/26/2020 16:22,Not agree,Not agree
2020/02/02,NE,0,,,0,,0,,,0,,3/26/2020 16:22,Not agree,Not agree
2020/02/03,NE,0,,,0,,0,,,0,,3/26/2020 16:22,Not agree,Not agree
2020/02/04,NE,0,,,0,,0,,,0,,3/26/2020 16:22,Not agree,Not agree
2020/02/05,NE,0,,,0,,0,,,0,,3/26/2020 16:22,Not agree,Not agree
2020/02/06,NE,0,,,0,,0,,,0,,3/26/2020 16:22,Not agree,Not agree
2020/02/07,NE,0,,,0,,0,,,0,,3/26/2020 16:22,Not agree,Not agree
2020/02/08,NE,0,,,0,,0,,,0,,3/26/2020 16:22,Not agree,Not agree
2020/02/09,NE,0,,,0,,0,,,0,,3/26/2020 16:22,Not agree,Not agree
2020/02/10,NE,0,,,0,,0,,,0,,3/26/2020 16:22,Not agree,Not agree
2020/02/11,NE,0,,,0,,0,,,0,,3/26/2020 16:22,Not agree,Not agree
2020/02/12,NE,0,,,0,,0,,,0,,3/26/2020 16:22,Not agree,Not agree
2020/02/13,NE,0,,,0,,0,,,0,,3/26/2020 16:22,Not agree,Not agree
2020/02/14,NE,0,,,0,,0,,,0,,3/26/2020 16:22,Not agree,Not agree
2020/02/15,NE,0,,,0,,0,,,0,,3/26/2020 16:22,Not agree,Not agree
2020/02/16,NE,0,,,0,,0,,,0,,3/26/2020 16:22,Not agree,Not agree
2020/02/17,NE,0,,,0,,0,,,0,,3/26/2020 16:22,Not agree,Not agree
2020/02/18,NE,0,,,0,,0,,,0,,3/26/2020 16:22,Not agree,Not agree
2020/02/19,NE,0,,,0,,0,,,0,,3/26/2020 16:22,Not agree,Not agree
2020/02/20,NE,0,,,0,,0,,,0,,3/26/2020 16:22,Not agree,Not agree
2020/02/21,NE,0,,,0,,0,,,0,,3/26/2020 16:22,Not agree,Not agree
2020/02/22,NE,0,,,0,,0,,,0,,3/26/2020 16:22,Not agree,Not agree
2020/02/23,NE,0,,,0,,0,,,0,,3/26/2020 16:22,Not agree,Not agree
2020/02/24,NE,0,,,0,,0,,,0,,3/26/2020 16:22,Not agree,Not agree
2020/02/25,NE,0,,,0,,0,,,0,,3/26/2020 16:22,Not agree,Not agree
2020/02/26,NE,0,,,0,,0,,,0,,3/26/2020 16:22,Not agree,Not agree
2020/02/27,NE,0,,,0,,0,,,0,,3/26/2020 16:22,Not agree,Not agree
2020/02/28,NE,0,,,0,,0,,,0,,3/26/2020 16:22,Not agree,Not agree
2020/02/29,NE,0,,,0,,0,,,0,,3/26/2020 16:22,Not agree,Not agree
2020/03/01,NE,0,,,0,,0,,,0,,3/26/2020 16:22,Not agree,Not agree
2020/03/02,NE,0,,,0,,0,,,0,,3/26/2020 16:22,Not agree,Not agree
2020/03/03,NE,0,,,0,,0,,,0,,3/26/2020 16:22,Not agree,Not agree
2020/03/04,NE,0,,,0,,0,,,0,,3/26/2020 16:22,Not agree,Not agree
2020/03/05,NE,0,,,0,,0,,,0,,3/26/2020 16:22,Not agree,Not agree
2020/03/06,NE,1,,,1,,0,,,0,,3/26/2020 16:22,Not agree,Not agree
2020/03/07,NE,2,,,1,,0,,,0,,3/26/2020 16:22,Not agree,Not agree
2020/03/08,NE,2,,,0,,0,,,0,,3/26/2020 16:22,Not agree,Not agree
2020/03/09,NE,4,,,2,,0,,,0,,3/26/2020 16:22,Not agree,Not agree
2020/03/10,NE,4,,,0,,0,,,0,,3/26/2020 16:22,Not agree,Not agree
2020/03/11,NE,5,,,1,,0,,,0,,3/26/2020 16:22,Not agree,Not agree
2020/03/12,NE,10,,,5,,0,,,0,,3/26/2020 16:22,Not agree,Not agree
2020/03/13,NE,10,,,0,,0,,,0,,3/26/2020 16:22,Not agree,Not agree
2020/03/14,NE,10,,,0,,0,,,0,,3/26/2020 16:22,Not agree,Not agree
2020/03/15,NE,18,,,8,,0,,,0,,3/26/2020 16:22,Not agree,Not agree
2020/03/16,NE,18,,,0,,0,,,0,,3/26/2020 16:22,Not agree,Not agree
2020/03/17,NE,21,,,3,,0,,,0,,3/26/2020 16:22,Not agree,Not agree
2020/03/18,NE,27,,,6,,0,,,0,,3/26/2020 16:22,Not agree,Not agree
2020/03/19,NE,27,,,0,,0,,,0,,3/26/2020 16:22,Not agree,Not agree
2020/03/20,NE,38,,,11,,0,,,0,,3/26/2020 16:22,Not agree,Not agree
2020/03/21,NE,42,,,4,,0,,,0,,3/26/2020 16:22,Not agree,Not agree
2020/03/22,NE,50,,,8,,0,,,0,,3/26/2020 16:22,Not agree,Not agree
2020/03/23,NE,52,,,2,,0,,,0,,3/26/2020 16:22,Not agree,Not agree
2020/03/24,NE,53,,,1,,0,,,0,,3/26/2020 16:22,Not agree,Not agree
2020/03/25,NE,64,,,11,,0,,,0,,3/26/2020 16:22,Not agree,Not agree
2020/03/26,NE,73,,,9,,0,,,0,,3/26/2020 16:22,Not agree,Not agree
2020/03/27,NE,89,,,16,,2,,,2,,3/26/2020 16:22,Not agree,Not agree
2020/03/28,NE,108,,,19,,2,,,0,,3/28/2020 16:22,Not agree,Not agree
2020/03/29,NE,120,,,12,,2,,,0,,3/28/2020 16:22,Not agree,Not agree
2020/03/30,NE,145,,,25,,2,,,0,,3/29/2020 16:22,Not agree,Not agree
2020/03/31,NE,177,,,32,,3,,,1,,3/30/2020 16:22,Not agree,Not agree
2020/04/01,NE,214,,,37,,4,,,1,,3/31/2020 16:22,Not agree,Not agree
2020/04/02,NE,255,,,41,,5,,,1,,4/1/2020 16:22,Not agree,Not agree
2020/04/03,NE,285,,,30,,6,,,1,,4/3/2020 16:22,Not agree,Not agree
2020/04/04,NE,323,,,38,,8,,,2,,4/3/2020 16:22,Not agree,Not agree
2020/04/05,NE,367,,,44,,8,,,0,,4/4/2020 16:22,Not agree,Not agree
2020/04/06,NE,412,,,45,,8,,,0,,4/5/2020 16:22,Not agree,Not agree
2020/04/07,NE,478,,,66,,10,,,2,,4/7/2020 16:22,Not agree,Not agree
2020/04/08,NE,523,,,45,,14,,,4,,4/7/2020 16:22,Not agree,Not agree
2020/04/09,NE,577,,,54,,15,,,1,,4/8/2020 16:22,Not agree,Not agree
2020/04/10,NE,648,,,71,,17,,,2,,4/9/2020 16:22,Not agree,Not agree
2020/04/11,NE,704,,,56,,17,,,0,,4/10/2020 16:22,Not agree,Not agree
2020/04/12,NE,814,,,110,,17,,,0,,4/11/2020 16:22,Not agree,Not agree
2020/04/13,NE,871,,,57,,18,,,1,,4/12/2020 16:22,Not agree,Not agree
2020/04/14,NE,901,,,30,,20,,,2,,4/13/2020 16:22,Not agree,Not agree
2020/04/15,NE,952,,,51,,21,,,1,,4/15/2020 16:22,Not agree,Not agree
2020/04/16,NE,1066,,,114,,24,,,3,,4/16/2020 16:22,Not agree,Not agree
2020/04/17,NE,1138,,,72,,24,,,0,,4/17/2020 16:22,Not agree,Not agree
2020/04/18,NE,1287,,,149,,28,,,4,,4/18/2020 16:22,Not agree,Not agree
2020/04/19,NE,1474,,,187,0,28,,,0,0,4/19/2020 16:22,Not agree,Not agree
2020/04/20,NE,1648,,,174,0,33,,,5,0,4/20/2020 16:22,Not agree,Not agree
2020/04/21,NE,1722,,,74,0,38,,,5,0,4/21/2020 16:22,Not agree,Not agree
2020/04/22,NE,1813,,,91,0,42,,,4,0,4/22/2020 16:22,Not agree,Not agree
2020/04/23,NE,2124,,,311,0,47,,,5,0,5/25/2020 15:38,Not agree,Not agree
2020/04/24,NE,2421,,,297,0,50,,,3,0,5/25/2020 15:38,Not agree,Not agree
2020/04/25,NE,2732,,,311,0,53,,,3,0,5/25/2020 15:38,Not agree,Not agree
2020/04/26,NE,3028,,,296,0,56,,,3,0,5/25/2020 15:38,Not agree,Not agree
2020/04/27,NE,3358,,,330,0,55,,,-1,0,5/25/2020 15:38,Not agree,Not agree
2020/04/28,NE,3374,,,16,0,55,,,0,0,4/29/2020 18:12,Not agree,Not agree
2020/04/29,NE,3784,,,410,0,68,,,13,0,4/30/2020 16:07,Not agree,Not agree
2020/04/30,NE,4281,,,497,0,70,,,2,0,5/1/2020 21:00,Not agree,Not agree
2020/05/01,NE,4838,,,557,0,73,,,3,0,5/2/2020 15:47,Not agree,Not agree
2020/05/02,NE,5326,,,488,0,76,,,3,0,5/3/2020 15:36,Not agree,Not agree
2020/05/03,NE,5659,,,333,0,78,,,2,0,5/4/2020 22:49,Not agree,Not agree
2020/05/04,NE,6083,,,424,0,78,,,0,0,5/5/2020 17:25,Not agree,Not agree
2020/05/05,NE,6438,,,355,0,82,,,4,0,5/6/2020 16:23,Not agree,Not agree
2020/05/06,NE,6771,,,333,0,86,,,4,0,5/7/2020 22:59,Not agree,Not agree
2020/05/07,NE,7190,,,419,0,90,,,4,0,5/8/2020 21:26,Not agree,Not agree
2020/05/08,NE,7831,,,641,0,92,,,2,0,5/9/2020 21:26,Not agree,Not agree
2020/05/09,NE,8234,,,403,0,96,,,4,0,5/10/2020 21:26,Not agree,Not agree
2020/05/10,NE,8315,,,81,0,98,,,2,0,5/11/2020 21:26,Not agree,Not agree
2020/05/11,NE,8572,,,257,0,100,,,2,0,5/12/2020 17:26,Not agree,Not agree
2020/05/12,NE,8692,,,120,0,103,,,3,0,5/13/2020 15:26,Not agree,Not agree
2020/05/13,NE,9075,,,383,0,107,,,4,0,5/14/2020 17:25,Not agree,Not agree
2020/05/14,NE,9416,,,341,0,113,,,6,0,5/15/2020 16:11,Not agree,Not agree
2020/05/15,NE,9772,,,356,0,119,,,6,0,5/16/2020 15:46,Not agree,Not agree
2020/05/16,NE,10220,,,448,0,123,,,4,0,5/17/2020 15:27,Not agree,Not agree
2020/05/17,NE,10348,,,128,0,123,,,0,0,5/18/2020 16:01,Not agree,Not agree
2020/05/18,NE,10625,,,277,0,125,,,2,0,5/19/2020 15:45,Not agree,Not agree
2020/05/19,NE,10846,,,221,0,132,,,7,0,5/20/2020 15:28,Not agree,Not agree
2020/05/20,NE,11122,,,276,0,138,,,6,0,5/21/2020 15:41,Not agree,Not agree
2020/05/21,NE,11425,,,303,0,143,,,5,0,5/22/2020 15:31,Not agree,Not agree
2020/05/22,NE,11662,,,237,0,147,,,4,0,5/23/2020 17:58,Not agree,Not agree
2020/05/23,NE,11989,,,327,0,147,,,0,0,5/24/2020 14:15,Not agree,Not agree
2020/05/24,NE,12134,,,145,0,150,,,3,0,5/25/2020 14:12,Not agree,Not agree
2020/05/25,NE,12355,,,221,0,150,,,0,0,5/26/2020 14:23,Not agree,Not agree
2020/05/26,NE,12619,,,264,0,153,,,3,0,5/27/2020 15:37,Not agree,Not agree
2020/05/27,NE,12976,,,357,0,163,,,10,0,5/28/2020 15:12,Not agree,Not agree
2020/05/28,NE,13261,,,285,0,164,,,1,0,5/29/2020 14:19,Not agree,Not agree
2020/05/29,NE,13654,,,393,0,170,,,6,0,5/30/2020 15:47,Not agree,Not agree
2020/05/30,NE,13905,,,251,0,170,,,0,0,5/31/2020 14:43,Not agree,Not agree
2020/05/31,NE,14101,,,196,0,170,,,0,0,6/1/2020 14:17,Not agree,Not agree
2020/06/01,NE,14345,,,244,0,178,,,8,0,6/2/2020 14:16,Not agree,Not agree
2020/06/02,NE,14611,,,266,0,181,,,3,0,6/3/2020 14:11,Not agree,Not agree
2020/06/03,NE,14866,,,255,0,187,,,6,0,6/4/2020 15:03,Not agree,Not agree
2020/06/04,NE,15117,,,251,0,186,,,-1,0,6/5/2020 15:17,Not agree,Not agree
2020/06/05,NE,15379,,,262,0,186,,,0,0,6/6/2020 14:31,Not agree,Not agree
2020/06/06,NE,15543,,,164,0,188,,,2,0,6/7/2020 14:23,Not agree,Not agree
2020/06/07,NE,15634,,,91,0,188,,,0,0,6/8/2020 14:55,Not agree,Not agree
2020/06/08,NE,15752,,,118,0,188,,,0,0,6/9/2020 16:49,Not agree,Not agree
2020/06/09,NE,15883,,,131,0,191,,,3,0,6/10/2020 20:56,Not agree,Not agree
2020/06/10,NE,16025,,,142,0,195,,,4,0,6/11/2020 14:48,Not agree,Not agree
2020/06/11,NE,16315,,,290,0,212,,,17,0,6/12/2020 14:17,Not agree,Not agree
2020/06/12,NE,16513,,,198,0,216,,,4,0,6/13/2020 17:46,Not agree,Not agree
2020/06/13,NE,16633,,,120,0,216,,,0,0,6/14/2020 14:19,Not agree,Not agree
2020/06/14,NE,16725,,,92,0,216,,,0,0,6/15/2020 14:33,Not agree,Not agree
2020/06/15,NE,16851,,,126,0,220,,,4,0,6/16/2020 14:10,Not agree,Not agree
2020/06/16,NE,17031,,,180,0,231,,,11,0,6/17/2020 15:06,Not agree,Not agree
2020/06/17,NE,17226,,,195,0,234,,,3,0,6/18/2020 17:16,Not agree,Not agree
2020/06/18,NE,17415,,,189,0,240,,,6,0,6/19/2020 15:01,Not agree,Not agree
2020/06/19,NE,17591,,,176,0,244,,,4,0,6/20/2020 14:15,Not agree,Not agree
2020/06/20,NE,17707,,,116,0,244,,,0,0,6/21/2020 14:32,Not agree,Not agree
2020/06/21,NE,17810,,,103,0,244,,,0,0,6/22/2020 15:24,Not agree,Not agree
2020/06/22,NE,17957,,,147,0,249,,,5,0,6/23/2020 14:28,Not agree,Not agree
2020/06/23,NE,18092,,,135,0,256,,,7,0,6/24/2020 15:03,Not agree,Not agree
2020/06/24,NE,18221,,,129,0,257,,,1,0,6/25/2020 14:07,Not agree,Not agree
2020/06/25,NE,18346,,,125,0,260,,,3,0,6/26/2020 19:18,Not agree,Not agree
2020/06/26,NE,18524,,,178,0,266,,,6,0,6/27/2020 17:51,Not agree,Not agree
2020/06/27,NE,18775,,,251,0,267,,,1,0,6/28/2020 14:59,Not agree,Not agree
2020/06/28,NE,18899,,,124,0,267,,,0,0,6/29/2020 14:37,Not agree,Not agree
2020/06/29,NE,19042,,,143,0,269,,,2,0,6/30/2020 15:27,Not agree,Not agree
2020/06/30,NE,19177,,,135,0,274,,,5,0,7/1/2020 15:45,Not agree,Not agree
2020/07/01,NE,19310,,,133,0,276,,,2,0,7/2/2020 15:10,Not agree,Not agree
2020/07/02,NE,19452,,,142,0,282,,,6,0,7/3/2020 15:01,Not agree,Not agree
2020/07/03,NE,19660,,,208,0,284,,,2,0,7/4/2020 15:30,Not agree,Not agree
2020/07/04,NE,19827,,,167,0,284,,,0,0,7/5/2020 15:00,Not agree,Not agree
2020/07/05,NE,19929,,,102,0,284,,,0,0,7/6/2020 15:16,Not agree,Not agree
2020/07/06,NE,20046,,,117,0,283,,,-1,0,7/7/2020 14:58,Not agree,Not agree
2020/07/07,NE,20201,,,155,0,282,,,-1,0,7/8/2020 14:12,Not agree,Not agree
2020/07/08,NE,20425,,,224,0,282,,,0,0,7/9/2020 15:14,Not agree,Not agree
2020/07/09,NE,20623,,,198,0,284,,,2,0,7/10/2020 15:35,Not agree,Not agree
2020/07/10,NE,20777,,,154,0,286,,,2,0,7/11/2020 18:25,Not agree,Not agree
2020/07/11,NE,20998,,,221,0,285,,,-1,0,7/12/2020 15:13,Not agree,Not agree
2020/07/12,NE,21172,,,174,0,285,,,0,0,7/13/2020 15:19,Not agree,Not agree
2020/07/13,NE,21399,,,227,0,288,,,3,0,7/14/2020 15:13,Not agree,Not agree
2020/07/14,NE,21717,,,318,0,286,,,-2,0,7/15/2020 15:05,Not agree,Not agree
2020/07/15,NE,21979,,,262,0,291,,,5,0,7/16/2020 14:22,Not agree,Not agree
2020/07/16,NE,22134,,,155,0,299,,,8,0,7/17/2020 14:31,Not agree,Not agree
2020/07/17,NE,22361,,,227,0,301,,,2,0,7/18/2020 16:14,Not agree,Not agree
2020/07/18,NE,22481,,,120,0,301,,,0,0,7/19/2020 15:05,Not agree,Not agree
2020/07/19,NE,22583,,,102,0,301,,,0,0,7/20/2020 14:35,Not agree,Not agree
2020/07/20,NE,22847,,,264,0,313,,,12,0,7/21/2020 14:50,Not agree,Not agree
2020/07/21,NE,23190,,,343,0,310,,,-3,0,7/22/2020 14:51,Not agree,Not agree
2020/07/22,NE,23486,,,296,0,311,,,1,0,7/23/2020 14:48,Not agree,Not agree
2020/07/23,NE,23818,,,332,0,316,,,5,0,7/24/2020 14:18,Not agree,Not agree
2020/07/24,NE,24174,,,356,0,316,,,0,0,7/25/2020 17:40,Not agree,Not agree
2020/07/25,NE,24395,,,221,0,316,,,0,0,7/26/2020 15:17,Not agree,Not agree
2020/07/26,NE,24618,,,223,0,316,,,0,0,7/27/2020 14:16,Not agree,Not agree
2020/07/27,NE,24889,,,271,0,317,,,1,0,7/28/2020 14:21,Not agree,Not agree
2020/07/28,NE,25157,,,268,0,321,,,4,0,7/29/2020 14:34,Not agree,Not agree
2020/07/29,NE,25422,,,265,0,324,,,3,0,7/30/2020 14:42,Not agree,Not agree
2020/07/30,NE,25766,,,344,0,328,,,4,0,7/31/2020 14:35,Not agree,Not agree
2020/07/31,NE,26211,,,445,0,332,,,4,0,8/1/2020 14:38,Not agree,Not agree
2020/08/01,NE,26391,,,180,0,332,,,0,0,8/2/2020 14:54,Not agree,Not agree
2020/08/02,NE,26702,,,311,0,332,,,0,0,8/3/2020 14:31,Not agree,Not agree
2020/08/03,NE,26956,,,254,0,332,,,0,0,8/4/2020 14:09,Not agree,Not agree
2020/08/04,NE,27178,,,222,0,332,,,0,0,8/5/2020 14:13,Not agree,Not agree
2020/08/05,NE,27489,,,311,0,335,,,3,0,8/6/2020 14:12,Not agree,Not agree
2020/08/06,NE,27821,,,332,0,340,,,5,0,8/7/2020 23:57,Not agree,Not agree
2020/08/07,NE,28104,,,283,0,345,,,5,0,8/8/2020 14:58,Not agree,Not agree
2020/08/08,NE,28245,,,141,0,345,,,0,0,8/9/2020 14:03,Not agree,Not agree
2020/08/09,NE,28432,,,187,0,345,,,0,0,8/10/2020 14:23,Not agree,Not agree
2020/08/10,NE,28696,,,264,0,348,,,3,0,8/11/2020 14:16,Not agree,Not agree
2020/08/11,NE,29030,,,334,0,351,,,3,0,8/12/2020 13:50,Not agree,Not agree
2020/08/12,NE,29244,,,214,0,356,,,5,0,8/13/2020 14:12,Not agree,Not agree
2020/08/13,NE,29660,,,416,0,360,,,4,0,8/14/2020 14:30,Not agree,Not agree
2020/08/14,NE,29988,,,328,0,361,,,1,0,8/15/2020 14:02,Not agree,Not agree
2020/08/15,NE,30241,,,253,0,361,,,0,0,8/16/2020 14:57,Not agree,Not agree
2020/08/16,NE,30372,,,131,0,361,,,0,0,8/17/2020 14:26,Not agree,Not agree
2020/08/17,NE,30563,,,191,0,362,,,1,0,8/18/2020 14:26,Not agree,Not agree
2020/08/18,NE,30825,,,262,0,368,,,6,0,8/19/2020 14:23,Not agree,Not agree
2020/08/19,NE,31040,,,215,0,371,,,3,0,8/20/2020 15:11,Not agree,Not agree
2020/08/20,NE,31348,,,308,0,373,,,2,0,8/21/2020 14:27,Not agree,Not agree
2020/08/21,NE,31626,,,278,0,376,,,3,0,8/22/2020 14:21,Not agree,Not agree
2020/08/22,NE,31780,,,154,0,376,,,0,0,8/23/2020 14:15,Not agree,Not agree
2020/08/23,NE,31889,,,109,0,378,,,2,0,8/24/2020 13:54,Not agree,Not agree
2020/08/24,NE,32047,,,158,0,383,,,5,0,8/25/2020 14:02,Not agree,Not agree
2020/08/25,NE,32348,,,301,0,383,,,0,0,8/26/2020 13:51,Not agree,Not agree
2020/08/26,NE,32727,,,379,0,386,,,3,0,8/27/2020 13:42,Not agree,Not agree
2020/08/27,NE,33101,,,374,0,391,,,5,0,8/28/2020 13:43,Not agree,Not agree
2020/08/28,NE,33436,,,335,0,392,,,1,0,8/29/2020 13:42,Not agree,Not agree
2020/08/29,NE,33753,,,317,0,392,,,0,0,8/30/2020 14:49,Not agree,Not agree
2020/08/30,NE,34046,,,293,0,392,,,0,0,8/31/2020 14:05,Not agree,Not agree
2020/08/31,NE,34287,,,241,0,397,,,5,0,9/1/2020 14:09,Not agree,Not agree
2020/09/01,NE,34574,,,287,0,399,,,2,0,9/2/2020 13:49,Not agree,Not agree
2020/09/02,NE,34995,,,421,0,399,,,0,0,9/3/2020 14:18,Not agree,Not agree
2020/09/03,NE,35469,,,474,0,404,,,5,0,9/4/2020 13:36,Not agree,Not agree
2020/09/04,NE,35661,,,192,0,404,,,0,0,9/5/2020 14:09,Not agree,Not agree
2020/09/05,NE,35805,,,144,0,404,,,0,0,9/6/2020 14:09,Not agree,Not agree
2020/09/06,NE,35886,,,81,0,404,,,0,0,9/7/2020 13:37,Not agree,Not agree
2020/09/07,NE,35975,,,89,0,404,,,0,0,9/8/2020 14:47,Not agree,Not agree
2020/09/08,NE,36477,,,502,0,406,,,2,0,9/9/2020 13:47,Not agree,Not agree
2020/09/09,NE,36917,,,440,0,421,,,15,0,9/10/2020 14:02,Not agree,Not agree
2020/09/10,NE,37373,,,456,0,430,,,9,0,9/11/2020 13:51,Not agree,Not agree
2020/09/11,NE,37841,,,468,0,434,,,4,0,9/12/2020 14:12,Not agree,Not agree
2020/09/12,NE,38108,,,267,0,434,,,0,0,9/13/2020 16:17,Not agree,Not agree
2020/09/13,NE,38188,,,80,0,434,,,0,0,9/14/2020 14:01,Not agree,Not agree
2020/09/14,NE,38642,,,454,0,435,,,1,0,9/15/2020 14:03,Not agree,Not agree
2020/09/15,NE,38970,,,328,0,436,,,1,0,9/16/2020 13:53,Not agree,Not agree
2020/09/16,NE,39419,,,449,0,439,,,3,0,9/17/2020 13:45,Not agree,Not agree
2020/09/17,NE,39921,,,502,0,442,,,3,0,9/18/2020 13:48,Not agree,Not agree
2020/09/18,NE,40387,,,466,0,442,,,0,0,9/19/2020 14:00,Not agree,Not agree
2020/09/19,NE,40797,,,410,0,442,,,0,0,9/20/2020 13:53,Not agree,Not agree
2020/09/20,NE,41083,,,286,0,442,,,0,0,9/21/2020 13:47,Not agree,Not agree
2020/09/21,NE,41388,,,305,0,452,,,10,0,9/22/2020 13:51,Not agree,Not agree
2020/09/22,NE,41785,,,397,0,461,,,9,0,9/23/2020 13:51,Not agree,Not agree
2020/09/23,NE,42278,,,493,0,462,,,1,0,9/24/2020 13:54,Not agree,Not agree
2020/09/24,NE,42731,,,453,0,462,,,0,0,9/25/2020 13:54,Not agree,Not agree
2020/09/25,NE,43162,,,431,0,468,,,6,0,9/26/2020 13:46,Not agree,Not agree
2020/01/22,IA,0,,,0,,0,,,0,,3/26/2020 16:22,Not agree,Not agree
2020/01/23,IA,0,,,0,,0,,,0,,3/26/2020 16:22,Not agree,Not agree
2020/01/24,IA,0,,,0,,0,,,0,,3/26/2020 16:22,Not agree,Not agree
2020/01/25,IA,0,,,0,,0,,,0,,3/26/2020 16:22,Not agree,Not agree
2020/01/26,IA,0,,,0,,0,,,0,,3/26/2020 16:22,Not agree,Not agree
2020/01/27,IA,0,,,0,,0,,,0,,3/26/2020 16:22,Not agree,Not agree
2020/01/28,IA,0,,,0,,0,,,0,,3/26/2020 16:22,Not agree,Not agree
2020/01/29,IA,0,,,0,,0,,,0,,3/26/2020 16:22,Not agree,Not agree
2020/01/30,IA,0,,,0,,0,,,0,,3/26/2020 16:22,Not agree,Not agree
2020/01/31,IA,0,,,0,,0,,,0,,3/26/2020 16:22,Not agree,Not agree
2020/02/01,IA,0,,,0,,0,,,0,,3/26/2020 16:22,Not agree,Not agree
2020/02/02,IA,0,,,0,,0,,,0,,3/26/2020 16:22,Not agree,Not agree
2020/02/03,IA,0,,,0,,0,,,0,,3/26/2020 16:22,Not agree,Not agree
2020/02/04,IA,0,,,0,,0,,,0,,3/26/2020 16:22,Not agree,Not agree
2020/02/05,IA,0,,,0,,0,,,0,,3/26/2020 16:22,Not agree,Not agree
2020/02/06,IA,0,,,0,,0,,,0,,3/26/2020 16:22,Not agree,Not agree
2020/02/07,IA,0,,,0,,0,,,0,,3/26/2020 16:22,Not agree,Not agree
2020/02/08,IA,0,,,0,,0,,,0,,3/26/2020 16:22,Not agree,Not agree
2020/02/09,IA,0,,,0,,0,,,0,,3/26/2020 16:22,Not agree,Not agree
2020/02/10,IA,0,,,0,,0,,,0,,3/26/2020 16:22,Not agree,Not agree
2020/02/11,IA,0,,,0,,0,,,0,,3/26/2020 16:22,Not agree,Not agree
2020/02/12,IA,0,,,0,,0,,,0,,3/26/2020 16:22,Not agree,Not agree
2020/02/13,IA,0,,,0,,0,,,0,,3/26/2020 16:22,Not agree,Not agree
2020/02/14,IA,0,,,0,,0,,,0,,3/26/2020 16:22,Not agree,Not agree
2020/02/15,IA,0,,,0,,0,,,0,,3/26/2020 16:22,Not agree,Not agree
2020/02/16,IA,0,,,0,,0,,,0,,3/26/2020 16:22,Not agree,Not agree
2020/02/17,IA,0,,,0,,0,,,0,,3/26/2020 16:22,Not agree,Not agree
2020/02/18,IA,0,,,0,,0,,,0,,3/26/2020 16:22,Not agree,Not agree
2020/02/19,IA,0,,,0,,0,,,0,,3/26/2020 16:22,Not agree,Not agree
2020/02/20,IA,0,,,0,,0,,,0,,3/26/2020 16:22,Not agree,Not agree
2020/02/21,IA,0,,,0,,0,,,0,,3/26/2020 16:22,Not agree,Not agree
2020/02/22,IA,0,,,0,,0,,,0,,3/26/2020 16:22,Not agree,Not agree
2020/02/23,IA,0,,,0,,0,,,0,,3/26/2020 16:22,Not agree,Not agree
2020/02/24,IA,0,,,0,,0,,,0,,3/26/2020 16:22,Not agree,Not agree
2020/02/25,IA,0,,,0,,0,,,0,,3/26/2020 16:22,Not agree,Not agree
2020/02/26,IA,0,,,0,,0,,,0,,3/26/2020 16:22,Not agree,Not agree
2020/02/27,IA,0,,,0,,0,,,0,,3/26/2020 16:22,Not agree,Not agree
2020/02/28,IA,0,,,0,,0,,,0,,3/26/2020 16:22,Not agree,Not agree
2020/02/29,IA,0,,,0,,0,,,0,,3/26/2020 16:22,Not agree,Not agree
2020/03/01,IA,0,,,0,,0,,,0,,3/26/2020 16:22,Not agree,Not agree
2020/03/02,IA,0,,,0,,0,,,0,,3/26/2020 16:22,Not agree,Not agree
2020/03/03,IA,0,,,0,,0,,,0,,3/26/2020 16:22,Not agree,Not agree
2020/03/04,IA,0,,,0,,0,,,0,,3/26/2020 16:22,Not agree,Not agree
2020/03/05,IA,0,,,0,,0,,,0,,3/26/2020 16:22,Not agree,Not agree
2020/03/06,IA,0,,,0,,0,,,0,,3/26/2020 16:22,Not agree,Not agree
2020/03/07,IA,0,,,0,,0,,,0,,3/26/2020 16:22,Not agree,Not agree
2020/03/08,IA,3,,,3,,0,,,0,,3/26/2020 16:22,Not agree,Not agree
2020/03/09,IA,8,,,5,,0,,,0,,3/26/2020 16:22,Not agree,Not agree
2020/03/10,IA,13,,,5,,0,,,0,,3/26/2020 16:22,Not agree,Not agree
2020/03/11,IA,14,,,1,,0,,,0,,3/26/2020 16:22,Not agree,Not agree
2020/03/12,IA,16,,,2,,0,,,0,,3/26/2020 16:22,Not agree,Not agree
2020/03/13,IA,16,,,0,,0,,,0,,3/26/2020 16:22,Not agree,Not agree
2020/03/14,IA,16,,,0,,0,,,0,,3/26/2020 16:22,Not agree,Not agree
2020/03/15,IA,22,,,6,,0,,,0,,3/26/2020 16:22,Not agree,Not agree
2020/03/16,IA,23,,,1,,0,,,0,,3/26/2020 16:22,Not agree,Not agree
2020/03/17,IA,29,,,6,,0,,,0,,3/26/2020 16:22,Not agree,Not agree
2020/03/18,IA,38,,,9,,0,,,0,,3/26/2020 16:22,Not agree,Not agree
2020/03/19,IA,44,,,6,,0,,,0,,3/26/2020 16:22,Not agree,Not agree
2020/03/20,IA,45,,,1,,0,,,0,,3/26/2020 16:22,Not agree,Not agree
2020/03/21,IA,68,,,23,,0,,,0,,3/26/2020 16:22,Not agree,Not agree
2020/03/22,IA,90,,,22,,0,,,0,,3/26/2020 16:22,Not agree,Not agree
2020/03/23,IA,105,,,15,,0,,,0,,3/26/2020 16:22,Not agree,Not agree
2020/03/24,IA,124,,,19,,0,,,0,,3/26/2020 16:22,Not agree,Not agree
2020/03/25,IA,145,,,21,,1,,,1,,3/26/2020 16:22,Not agree,Not agree
2020/03/26,IA,179,,,34,,1,,,0,,3/26/2020 16:22,Not agree,Not agree
2020/03/27,IA,235,,,56,,3,,,2,,3/26/2020 16:22,Not agree,Not agree
2020/03/28,IA,298,,,63,,3,,,0,,3/28/2020 16:22,Not agree,Not agree
2020/03/29,IA,336,,,38,,4,,,1,,3/28/2020 16:22,Not agree,Not agree
2020/03/30,IA,424,,,88,,6,,,2,,3/29/2020 16:22,Not agree,Not agree
2020/03/31,IA,497,,,73,,7,,,1,,3/30/2020 16:22,Not agree,Not agree
2020/04/01,IA,549,,,52,,9,,,2,,3/31/2020 16:22,Not agree,Not agree
2020/04/02,IA,614,,,65,,11,,,2,,4/1/2020 16:22,Not agree,Not agree
2020/04/03,IA,699,,,85,,11,,,0,,4/3/2020 16:22,Not agree,Not agree
2020/04/04,IA,786,,,87,,14,,,3,,4/3/2020 16:22,Not agree,Not agree
2020/04/05,IA,868,,,82,,22,,,8,,4/4/2020 16:22,Not agree,Not agree
2020/04/06,IA,946,,,78,,25,,,3,,4/5/2020 16:22,Not agree,Not agree
2020/04/07,IA,1048,,,102,,26,,,1,,4/7/2020 16:22,Not agree,Not agree
2020/04/08,IA,1145,,,97,,27,,,1,,4/7/2020 16:22,Not agree,Not agree
2020/04/09,IA,1270,,,125,,29,,,2,,4/8/2020 16:22,Not agree,Not agree
2020/04/10,IA,1388,,,118,,31,,,2,,4/9/2020 16:22,Not agree,Not agree
2020/04/11,IA,1510,,,122,,34,,,3,,4/10/2020 16:22,Not agree,Not agree
2020/04/12,IA,1587,,,77,,41,,,7,,4/11/2020 16:22,Not agree,Not agree
2020/04/13,IA,1710,,,123,,43,,,2,,4/12/2020 16:22,Not agree,Not agree
2020/04/14,IA,1899,,,189,,49,,,6,,4/13/2020 16:22,Not agree,Not agree
2020/04/15,IA,1995,,,96,,53,,,4,,4/15/2020 16:22,Not agree,Not agree
2020/04/16,IA,2141,,,146,,60,,,7,,4/16/2020 16:22,Not agree,Not agree
2020/04/17,IA,2332,,,191,,64,,,4,,4/17/2020 16:22,Not agree,Not agree
2020/04/18,IA,2513,,,181,,74,,,10,,4/18/2020 16:22,Not agree,Not agree
2020/04/19,IA,2902,,,389,0,75,,,1,0,4/19/2020 16:22,Not agree,Not agree
2020/04/20,IA,3159,,,257,0,79,,,4,0,4/20/2020 16:22,Not agree,Not agree
2020/04/21,IA,3641,,,482,0,83,,,4,0,4/21/2020 16:22,Not agree,Not agree
2020/04/22,IA,3748,,,107,0,90,,,7,0,4/22/2020 16:22,Not agree,Not agree
2020/04/23,IA,3924,,,176,0,96,,,6,0,5/25/2020 15:38,Not agree,Not agree
2020/04/24,IA,4445,,,521,0,107,,,11,0,5/25/2020 15:38,Not agree,Not agree
2020/04/25,IA,5092,,,647,0,112,,,5,0,5/25/2020 15:38,Not agree,Not agree
2020/04/26,IA,5475,,,383,0,118,,,6,0,5/25/2020 15:38,Not agree,Not agree
2020/04/27,IA,5868,,,393,0,127,,,9,0,5/25/2020 15:38,Not agree,Not agree
2020/04/28,IA,6376,,,508,0,136,,,9,0,4/29/2020 18:12,Not agree,Not agree
2020/04/29,IA,6843,,,467,0,148,,,12,0,4/30/2020 16:07,Not agree,Not agree
2020/04/30,IA,7145,,,302,0,162,,,14,0,5/1/2020 21:00,Not agree,Not agree
2020/05/01,IA,7884,,,739,0,170,,,8,0,5/2/2020 15:47,Not agree,Not agree
2020/05/02,IA,8641,,,757,0,175,,,5,0,5/3/2020 15:36,Not agree,Not agree
2020/05/03,IA,9169,,,528,0,184,,,9,0,5/4/2020 22:49,Not agree,Not agree
2020/05/04,IA,9703,,,534,0,188,,,4,0,5/5/2020 17:25,Not agree,Not agree
2020/05/05,IA,10111,,,408,0,207,,,19,0,5/6/2020 16:23,Not agree,Not agree
2020/05/06,IA,10404,,,293,0,219,,,12,0,5/7/2020 22:59,Not agree,Not agree
2020/05/07,IA,11059,,,655,0,231,,,12,0,5/8/2020 21:26,Not agree,Not agree
2020/05/08,IA,11457,,,398,0,243,,,12,0,5/9/2020 21:26,Not agree,Not agree
2020/05/09,IA,11671,,,214,0,252,,,9,0,5/10/2020 21:26,Not agree,Not agree
2020/05/10,IA,11959,,,288,0,265,,,13,0,5/11/2020 21:26,Not agree,Not agree
2020/05/11,IA,12373,,,414,0,271,,,6,0,5/12/2020 17:26,Not agree,Not agree
2020/05/12,IA,12912,,,539,0,289,,,18,0,5/13/2020 15:26,Not agree,Not agree
2020/05/13,IA,13289,,,377,0,306,,,17,0,5/14/2020 17:25,Not agree,Not agree
2020/05/14,IA,13675,,,386,0,318,,,12,0,5/15/2020 16:11,Not agree,Not agree
2020/05/15,IA,14049,,,374,0,336,,,18,0,5/16/2020 15:46,Not agree,Not agree
2020/05/16,IA,14328,,,279,0,346,,,10,0,5/17/2020 15:27,Not agree,Not agree
2020/05/17,IA,14651,,,323,0,351,,,5,0,5/18/2020 16:01,Not agree,Not agree
2020/05/18,IA,15082,,,431,0,364,,,13,0,5/19/2020 15:45,Not agree,Not agree
2020/05/19,IA,15349,,,267,0,372,,,8,0,5/20/2020 15:28,Not agree,Not agree
2020/05/20,IA,15595,,,246,0,386,,,14,0,5/21/2020 15:41,Not agree,Not agree
2020/05/21,IA,16170,,,575,0,407,,,21,0,5/22/2020 15:31,Not agree,Not agree
2020/05/22,IA,16504,,,334,0,424,,,17,0,5/23/2020 17:58,Not agree,Not agree
2020/05/23,IA,16898,,,394,0,445,,,21,0,5/24/2020 14:15,Not agree,Not agree
2020/05/24,IA,17250,,,352,0,454,,,9,0,5/25/2020 14:12,Not agree,Not agree
2020/05/25,IA,17577,,,327,0,459,,,5,0,5/26/2020 14:23,Not agree,Not agree
2020/05/26,IA,17703,,,126,0,475,,,16,0,5/27/2020 15:37,Not agree,Not agree
2020/05/27,IA,18357,,,654,0,492,,,17,0,5/28/2020 15:12,Not agree,Not agree
2020/05/28,IA,18585,,,228,0,506,,,14,0,5/29/2020 14:19,Not agree,Not agree
2020/05/29,IA,18956,,,371,0,523,,,17,0,5/30/2020 15:47,Not agree,Not agree
2020/05/30,IA,19244,,,288,0,531,,,8,0,5/31/2020 14:43,Not agree,Not agree
2020/05/31,IA,19552,,,308,0,534,,,3,0,6/1/2020 14:17,Not agree,Not agree
2020/06/01,IA,19698,,,146,0,549,,,15,0,6/2/2020 14:16,Not agree,Not agree
2020/06/02,IA,20015,,,317,0,561,,,12,0,6/3/2020 14:11,Not agree,Not agree
2020/06/03,IA,20108,,,93,0,574,,,13,0,6/4/2020 15:03,Not agree,Not agree
2020/06/04,IA,20804,,,696,0,580,,,6,0,6/5/2020 15:17,Not agree,Not agree
2020/06/05,IA,21146,,,342,0,592,,,12,0,6/6/2020 14:31,Not agree,Not agree
2020/06/06,IA,21478,,,332,0,598,,,6,0,6/7/2020 14:23,Not agree,Not agree
2020/06/07,IA,21588,,,110,0,604,,,6,0,6/8/2020 14:55,Not agree,Not agree
2020/06/08,IA,21988,,,400,0,614,,,10,0,6/9/2020 16:49,Not agree,Not agree
2020/06/09,IA,22237,,,249,0,624,,,10,0,6/10/2020 20:56,Not agree,Not agree
2020/06/10,IA,22603,,,366,0,631,,,7,0,6/11/2020 14:48,Not agree,Not agree
2020/06/11,IA,22973,,,370,0,640,,,9,0,6/12/2020 14:17,Not agree,Not agree
2020/06/12,IA,23348,,,375,0,643,,,3,0,6/13/2020 17:46,Not agree,Not agree
2020/06/13,IA,23717,,,369,0,650,,,7,0,6/14/2020 14:19,Not agree,Not agree
2020/06/14,IA,23926,,,209,0,652,,,2,0,6/15/2020 14:33,Not agree,Not agree
2020/06/15,IA,24077,,,151,0,655,,,3,0,6/16/2020 14:10,Not agree,Not agree
2020/06/16,IA,24179,,,102,0,669,,,14,0,6/17/2020 15:06,Not agree,Not agree
2020/06/17,IA,24461,,,282,0,673,,,4,0,6/18/2020 17:16,Not agree,Not agree
2020/06/18,IA,24854,,,393,0,680,,,7,0,6/19/2020 15:01,Not agree,Not agree
2020/06/19,IA,25275,,,421,0,681,,,1,0,6/20/2020 14:15,Not agree,Not agree
2020/06/20,IA,25496,,,221,0,682,,,1,0,6/21/2020 14:32,Not agree,Not agree
2020/06/21,IA,25957,,,461,0,685,,,3,0,6/22/2020 15:24,Not agree,Not agree
2020/06/22,IA,26051,,,94,0,686,,,1,0,6/23/2020 14:28,Not agree,Not agree
2020/06/23,IA,26372,,,321,0,688,,,2,0,6/24/2020 15:03,Not agree,Not agree
2020/06/24,IA,26705,,,333,0,692,,,4,0,6/25/2020 14:07,Not agree,Not agree
2020/06/25,IA,27257,,,552,0,695,,,3,0,6/26/2020 19:18,Not agree,Not agree
2020/06/26,IA,27685,,,428,0,704,,,9,0,6/27/2020 17:51,Not agree,Not agree
2020/06/27,IA,28012,,,327,0,704,,,0,0,6/28/2020 14:59,Not agree,Not agree
2020/06/28,IA,28489,,,477,0,705,,,1,0,6/29/2020 14:37,Not agree,Not agree
2020/06/29,IA,28782,,,293,0,708,,,3,0,6/30/2020 15:27,Not agree,Not agree
2020/06/30,IA,28947,,,165,0,714,,,6,0,7/1/2020 15:45,Not agree,Not agree
2020/07/01,IA,29458,,,511,0,717,,,3,0,7/2/2020 15:10,Not agree,Not agree
2020/07/02,IA,30209,,,751,0,718,,,1,0,7/3/2020 15:01,Not agree,Not agree
2020/07/03,IA,30430,,,221,0,721,,,3,0,7/4/2020 15:30,Not agree,Not agree
2020/07/04,IA,31061,,,631,0,721,,,0,0,7/5/2020 15:00,Not agree,Not agree
2020/07/05,IA,31353,,,292,0,721,,,0,0,7/6/2020 15:16,Not agree,Not agree
2020/07/06,IA,31657,,,304,0,723,,,2,0,7/7/2020 14:58,Not agree,Not agree
2020/07/07,IA,32029,,,372,0,725,,,2,0,7/8/2020 14:12,Not agree,Not agree
2020/07/08,IA,32509,,,480,0,735,,,10,0,7/9/2020 15:14,Not agree,Not agree
2020/07/09,IA,33243,,,734,0,740,,,5,0,7/10/2020 15:35,Not agree,Not agree
2020/07/10,IA,33896,,,653,0,743,,,3,0,7/11/2020 18:25,Not agree,Not agree
2020/07/11,IA,34647,,,751,0,748,,,5,0,7/12/2020 15:13,Not agree,Not agree
2020/07/12,IA,35171,,,524,0,750,,,2,0,7/13/2020 15:19,Not agree,Not agree
2020/07/13,IA,35529,,,358,0,754,,,4,0,7/14/2020 15:13,Not agree,Not agree
2020/07/14,IA,35850,,,321,0,757,,,3,0,7/15/2020 15:05,Not agree,Not agree
2020/07/15,IA,36294,,,444,0,767,,,10,0,7/16/2020 14:22,Not agree,Not agree
2020/07/16,IA,37132,,,838,0,778,,,11,0,7/17/2020 14:31,Not agree,Not agree
2020/07/17,IA,37722,,,590,0,784,,,6,0,7/18/2020 16:14,Not agree,Not agree
2020/07/18,IA,38041,,,319,0,787,,,3,0,7/19/2020 15:05,Not agree,Not agree
2020/07/19,IA,38723,,,682,0,793,,,6,0,7/20/2020 14:35,Not agree,Not agree
2020/07/20,IA,39224,,,501,0,797,,,4,0,7/21/2020 14:50,Not agree,Not agree
2020/07/21,IA,39473,,,249,0,802,,,5,0,7/22/2020 14:51,Not agree,Not agree
2020/07/22,IA,40000,,,527,0,808,,,6,0,7/23/2020 14:48,Not agree,Not agree
2020/07/23,IA,40635,,,635,0,818,,,10,0,7/24/2020 14:18,Not agree,Not agree
2020/07/24,IA,41271,,,636,0,823,,,5,0,7/25/2020 17:40,Not agree,Not agree
2020/07/25,IA,41671,,,400,0,826,,,3,0,7/26/2020 15:17,Not agree,Not agree
2020/07/26,IA,42199,,,528,0,827,,,1,0,7/27/2020 14:16,Not agree,Not agree
2020/07/27,IA,42554,,,355,0,834,,,7,0,7/28/2020 14:21,Not agree,Not agree
2020/07/28,IA,42782,,,228,0,839,,,5,0,7/29/2020 14:34,Not agree,Not agree
2020/07/29,IA,43280,,,498,0,845,,,6,0,7/30/2020 14:42,Not agree,Not agree
2020/07/30,IA,44039,,,759,0,857,,,12,0,7/31/2020 14:35,Not agree,Not agree
2020/07/31,IA,44582,,,543,0,867,,,10,0,8/1/2020 14:38,Not agree,Not agree
2020/08/01,IA,44981,,,399,0,871,,,4,0,8/2/2020 14:54,Not agree,Not agree
2020/08/02,IA,45492,,,511,0,876,,,5,0,8/3/2020 14:31,Not agree,Not agree
2020/08/03,IA,45845,,,353,0,883,,,7,0,8/4/2020 14:09,Not agree,Not agree
2020/08/04,IA,46045,,,200,0,887,,,4,0,8/5/2020 14:13,Not agree,Not agree
2020/08/05,IA,46659,,,614,0,899,,,12,0,8/6/2020 14:12,Not agree,Not agree
2020/08/06,IA,47362,,,703,0,908,,,9,0,8/7/2020 23:57,Not agree,Not agree
2020/08/07,IA,47865,,,503,0,913,,,5,0,8/8/2020 14:58,Not agree,Not agree
2020/08/08,IA,48286,,,421,0,925,,,12,0,8/9/2020 14:03,Not agree,Not agree
2020/08/09,IA,48789,,,503,0,930,,,5,0,8/10/2020 14:23,Not agree,Not agree
2020/08/10,IA,49074,,,285,0,933,,,3,0,8/11/2020 14:16,Not agree,Not agree
2020/08/11,IA,49329,,,255,0,940,,,7,0,8/12/2020 13:50,Not agree,Not agree
2020/08/12,IA,49806,,,477,0,951,,,11,0,8/13/2020 14:12,Not agree,Not agree
2020/08/13,IA,50336,,,530,0,959,,,8,0,8/14/2020 14:30,Not agree,Not agree
2020/08/14,IA,50935,,,599,0,966,,,7,0,8/15/2020 14:02,Not agree,Not agree
2020/08/15,IA,51793,,,858,0,973,,,7,0,8/16/2020 14:57,Not agree,Not agree
2020/08/16,IA,52433,,,640,0,975,,,2,0,8/17/2020 14:26,Not agree,Not agree
2020/08/17,IA,52829,,,396,0,987,,,12,0,8/18/2020 14:26,Not agree,Not agree
2020/08/18,IA,52969,,,140,0,989,,,2,0,8/19/2020 14:23,Not agree,Not agree
2020/08/19,IA,53280,,,311,0,1005,,,16,0,8/20/2020 15:11,Not agree,Not agree
2020/08/20,IA,54533,,,1253,0,1016,,,11,0,8/21/2020 14:27,Not agree,Not agree
2020/08/21,IA,55006,,,473,0,1021,,,5,0,8/22/2020 14:21,Not agree,Not agree
2020/08/22,IA,55735,,,729,0,1030,,,9,0,8/23/2020 14:15,Not agree,Not agree
2020/08/23,IA,56275,,,540,0,1036,,,6,0,8/24/2020 13:54,Not agree,Not agree
2020/08/24,IA,56631,,,356,0,1044,,,8,0,8/25/2020 14:02,Not agree,Not agree
2020/08/25,IA,57294,,,663,0,1052,,,8,0,8/26/2020 13:51,Not agree,Not agree
2020/08/26,IA,58215,,,921,0,1066,,,14,0,8/27/2020 13:42,Not agree,Not agree
2020/08/27,IA,61484,,,3269,0,1091,,,25,0,8/28/2020 13:43,Not agree,Not agree
2020/08/28,IA,62828,,,1344,1450,1095,,,4,0,8/29/2020 13:42,Not agree,Not agree
2020/08/29,IA,63199,,,371,0,1108,,,13,0,8/30/2020 14:49,Not agree,Not agree
2020/08/30,IA,64208,,,1009,38,1113,,,5,0,8/31/2020 14:05,Not agree,Not agree
2020/08/31,IA,64823,,,615,12,1116,,,3,0,9/1/2020 14:09,Not agree,Not agree
2020/09/01,IA,65448,,,625,55,1122,,,6,0,9/2/2020 13:49,Not agree,Not agree
2020/09/02,IA,66266,,,818,49,1126,,,4,0,9/3/2020 14:18,Not agree,Not agree
2020/09/03,IA,67151,,,885,24,1135,,,9,0,9/4/2020 13:36,Not agree,Not agree
2020/09/04,IA,68256,,,1105,14,1141,,,6,0,9/5/2020 14:09,Not agree,Not agree
2020/09/05,IA,69247,,,991,19,1161,,,20,0,9/6/2020 14:09,Not agree,Not agree
2020/09/06,IA,70010,,,763,58,1165,,,4,0,9/7/2020 13:37,Not agree,Not agree
2020/09/07,IA,70403,,,393,0,1168,,,3,0,9/8/2020 14:47,Not agree,Not agree
2020/09/08,IA,70865,,,462,7,1179,,,11,0,9/9/2020 13:47,Not agree,Not agree
2020/09/09,IA,71265,,,400,36,1194,,,15,0,9/10/2020 14:02,Not agree,Not agree
2020/09/10,IA,72275,,,1010,94,1207,,,13,0,9/11/2020 13:51,Not agree,Not agree
2020/09/11,IA,73070,,,795,40,1212,,,5,0,9/12/2020 14:12,Not agree,Not agree
2020/09/12,IA,73697,,,627,95,1217,,,5,0,9/13/2020 16:17,Not agree,Not agree
2020/09/13,IA,74506,,,809,25,1218,,,1,0,9/14/2020 14:01,Not agree,Not agree
2020/09/14,IA,74935,,,429,15,1224,,,6,0,9/15/2020 14:03,Not agree,Not agree
2020/09/15,IA,75389,,,454,81,1234,,,10,0,9/16/2020 13:53,Not agree,Not agree
2020/09/16,IA,76679,,,1290,96,1248,,,14,0,9/17/2020 13:45,Not agree,Not agree
2020/09/17,IA,77315,,,636,41,1251,,,3,0,9/18/2020 13:48,Not agree,Not agree
2020/09/18,IA,78556,,,1241,66,1260,,,9,0,9/19/2020 14:00,Not agree,Not agree
2020/09/19,IA,79384,,,828,11,1264,,,4,0,9/20/2020 13:53,Not agree,Not agree
2020/09/20,IA,80048,,,664,42,1265,,,1,0,9/21/2020 13:47,Not agree,Not agree
2020/09/21,IA,80740,,,692,33,1274,,,9,0,9/22/2020 13:51,Not agree,Not agree
2020/09/22,IA,81301,,,561,15,1286,,,12,0,9/23/2020 13:51,Not agree,Not agree
2020/09/23,IA,82357,,,1056,18,1294,,,8,0,9/24/2020 13:54,Not agree,Not agree
2020/09/24,IA,83582,,,1225,77,1302,,,8,0,9/25/2020 13:54,Not agree,Not agree
2020/09/25,IA,84685,,,1103,129,1307,,,5,0,9/26/2020 13:46,Not agree,Not agree
2020/01/22,NM,0,,,0,,0,,,0,,3/26/2020 16:22,N/A,Not agree
2020/01/23,NM,0,,,0,,0,,,0,,3/26/2020 16:22,N/A,Not agree
2020/01/24,NM,0,,,0,,0,,,0,,3/26/2020 16:22,N/A,Not agree
2020/01/25,NM,0,,,0,,0,,,0,,3/26/2020 16:22,N/A,Not agree
2020/01/26,NM,0,,,0,,0,,,0,,3/26/2020 16:22,N/A,Not agree
2020/01/27,NM,0,,,0,,0,,,0,,3/26/2020 16:22,N/A,Not agree
2020/01/28,NM,0,,,0,,0,,,0,,3/26/2020 16:22,N/A,Not agree
2020/01/29,NM,0,,,0,,0,,,0,,3/26/2020 16:22,N/A,Not agree
2020/01/30,NM,0,,,0,,0,,,0,,3/26/2020 16:22,N/A,Not agree
2020/01/31,NM,0,,,0,,0,,,0,,3/26/2020 16:22,N/A,Not agree
2020/02/01,NM,0,,,0,,0,,,0,,3/26/2020 16:22,N/A,Not agree
2020/02/02,NM,0,,,0,,0,,,0,,3/26/2020 16:22,N/A,Not agree
2020/02/03,NM,0,,,0,,0,,,0,,3/26/2020 16:22,N/A,Not agree
2020/02/04,NM,0,,,0,,0,,,0,,3/26/2020 16:22,N/A,Not agree
2020/02/05,NM,0,,,0,,0,,,0,,3/26/2020 16:22,N/A,Not agree
2020/02/06,NM,0,,,0,,0,,,0,,3/26/2020 16:22,N/A,Not agree
2020/02/07,NM,0,,,0,,0,,,0,,3/26/2020 16:22,N/A,Not agree
2020/02/08,NM,0,,,0,,0,,,0,,3/26/2020 16:22,N/A,Not agree
2020/02/09,NM,0,,,0,,0,,,0,,3/26/2020 16:22,N/A,Not agree
2020/02/10,NM,0,,,0,,0,,,0,,3/26/2020 16:22,N/A,Not agree
2020/02/11,NM,0,,,0,,0,,,0,,3/26/2020 16:22,N/A,Not agree
2020/02/12,NM,0,,,0,,0,,,0,,3/26/2020 16:22,N/A,Not agree
2020/02/13,NM,0,,,0,,0,,,0,,3/26/2020 16:22,N/A,Not agree
2020/02/14,NM,0,,,0,,0,,,0,,3/26/2020 16:22,N/A,Not agree
2020/02/15,NM,0,,,0,,0,,,0,,3/26/2020 16:22,N/A,Not agree
2020/02/16,NM,0,,,0,,0,,,0,,3/26/2020 16:22,N/A,Not agree
2020/02/17,NM,0,,,0,,0,,,0,,3/26/2020 16:22,N/A,Not agree
2020/02/18,NM,0,,,0,,0,,,0,,3/26/2020 16:22,N/A,Not agree
2020/02/19,NM,0,,,0,,0,,,0,,3/26/2020 16:22,N/A,Not agree
2020/02/20,NM,0,,,0,,0,,,0,,3/26/2020 16:22,N/A,Not agree
2020/02/21,NM,0,,,0,,0,,,0,,3/26/2020 16:22,N/A,Not agree
2020/02/22,NM,0,,,0,,0,,,0,,3/26/2020 16:22,N/A,Not agree
2020/02/23,NM,0,,,0,,0,,,0,,3/26/2020 16:22,N/A,Not agree
2020/02/24,NM,0,,,0,,0,,,0,,3/26/2020 16:22,N/A,Not agree
2020/02/25,NM,0,,,0,,0,,,0,,3/26/2020 16:22,N/A,Not agree
2020/02/26,NM,0,,,0,,0,,,0,,3/26/2020 16:22,N/A,Not agree
2020/02/27,NM,0,,,0,,0,,,0,,3/26/2020 16:22,N/A,Not agree
2020/02/28,NM,0,,,0,,0,,,0,,3/26/2020 16:22,N/A,Not agree
2020/02/29,NM,0,,,0,,0,,,0,,3/26/2020 16:22,N/A,Not agree
2020/03/01,NM,0,,,0,,0,,,0,,3/26/2020 16:22,N/A,Not agree
2020/03/02,NM,0,,,0,,0,,,0,,3/26/2020 16:22,N/A,Not agree
2020/03/03,NM,0,,,0,,0,,,0,,3/26/2020 16:22,N/A,Not agree
2020/03/04,NM,0,,,0,,0,,,0,,3/26/2020 16:22,N/A,Not agree
2020/03/05,NM,0,,,0,,0,,,0,,3/26/2020 16:22,N/A,Not agree
2020/03/06,NM,0,,,0,,0,,,0,,3/26/2020 16:22,N/A,Not agree
2020/03/07,NM,0,,,0,,0,,,0,,3/26/2020 16:22,N/A,Not agree
2020/03/08,NM,0,,,0,,0,,,0,,3/26/2020 16:22,N/A,Not agree
2020/03/09,NM,0,,,0,,0,,,0,,3/26/2020 16:22,N/A,Not agree
2020/03/10,NM,0,,,0,,0,,,0,,3/26/2020 16:22,N/A,Not agree
2020/03/11,NM,3,,,3,,0,,,0,,3/26/2020 16:22,N/A,Not agree
2020/03/12,NM,5,,,2,,0,,,0,,3/26/2020 16:22,N/A,Not agree
2020/03/13,NM,5,,,0,,0,,,0,,3/26/2020 16:22,N/A,Not agree
2020/03/14,NM,7,,,2,,0,,,0,,3/26/2020 16:22,N/A,Not agree
2020/03/15,NM,17,,,10,,0,,,0,,3/26/2020 16:22,N/A,Not agree
2020/03/16,NM,21,,,4,,0,,,0,,3/26/2020 16:22,N/A,Not agree
2020/03/17,NM,23,,,2,,0,,,0,,3/26/2020 16:22,N/A,Not agree
2020/03/18,NM,28,,,5,,0,,,0,,3/26/2020 16:22,N/A,Not agree
2020/03/19,NM,35,,,7,,0,,,0,,3/26/2020 16:22,N/A,Not agree
2020/03/20,NM,43,,,8,,0,,,0,,3/26/2020 16:22,N/A,Not agree
2020/03/21,NM,57,,,14,,0,,,0,,3/26/2020 16:22,N/A,Not agree
2020/03/22,NM,65,,,8,,0,,,0,,3/26/2020 16:22,N/A,Not agree
2020/03/23,NM,83,,,18,,0,,,0,,3/26/2020 16:22,N/A,Not agree
2020/03/24,NM,100,,,17,,0,,,0,,3/26/2020 16:22,N/A,Not agree
2020/03/25,NM,112,,,12,,1,,,1,,3/26/2020 16:22,N/A,Not agree
2020/03/26,NM,136,,,24,,1,,,0,,3/26/2020 16:22,N/A,Not agree
2020/03/27,NM,191,,,55,,1,,,0,,3/26/2020 16:22,N/A,Not agree
2020/03/28,NM,208,,,17,,2,,,1,,3/28/2020 16:22,N/A,Not agree
2020/03/29,NM,237,,,29,,2,,,0,,3/28/2020 16:22,N/A,Not agree
2020/03/30,NM,281,,,44,,4,,,2,,3/29/2020 16:22,N/A,Not agree
2020/03/31,NM,315,,,34,,5,,,1,,3/30/2020 16:22,N/A,Not agree
2020/04/01,NM,363,,,48,,6,,,1,,3/31/2020 16:22,N/A,Not agree
2020/04/02,NM,403,,,40,,7,,,1,,4/1/2020 16:22,N/A,Not agree
2020/04/03,NM,495,,,92,,10,,,3,,4/3/2020 16:22,N/A,Not agree
2020/04/04,NM,543,,,48,,11,,,1,,4/3/2020 16:22,N/A,Not agree
2020/04/05,NM,624,,,81,,12,,,1,,4/4/2020 16:22,N/A,Not agree
2020/04/06,NM,686,,,62,,12,,,0,,4/5/2020 16:22,N/A,Not agree
2020/04/07,NM,794,,,108,,13,,,1,,4/7/2020 16:22,N/A,Not agree
2020/04/08,NM,865,,,71,,16,,,3,,4/7/2020 16:22,N/A,Not agree
2020/04/09,NM,989,,,124,,17,,,1,,4/8/2020 16:22,N/A,Not agree
2020/04/10,NM,1091,,,102,,19,,,2,,4/9/2020 16:22,N/A,Not agree
2020/04/11,NM,1174,,,83,,20,,,1,,4/10/2020 16:22,N/A,Not agree
2020/04/12,NM,1245,,,71,,26,,,6,,4/11/2020 16:22,N/A,Not agree
2020/04/13,NM,1345,,,100,,31,,,5,,4/12/2020 16:22,N/A,Not agree
2020/04/14,NM,1407,,,62,,36,,,5,,4/13/2020 16:22,N/A,Not agree
2020/04/15,NM,1484,,,77,,36,,,0,,4/15/2020 16:22,N/A,Not agree
2020/04/16,NM,1597,,,113,,44,,,8,,4/16/2020 16:22,N/A,Not agree
2020/04/17,NM,1711,,,114,,51,,,7,,4/17/2020 16:22,N/A,Not agree
2020/04/18,NM,1798,,,87,,53,,,2,,4/18/2020 16:22,N/A,Not agree
2020/04/19,NM,1845,,,47,0,55,,,2,0,4/19/2020 16:22,N/A,Not agree
2020/04/20,NM,1971,,,126,0,58,,,3,0,4/20/2020 16:22,N/A,Not agree
2020/04/21,NM,2072,,,101,0,65,,,7,0,4/21/2020 16:22,N/A,Not agree
2020/04/22,NM,2210,,,138,0,71,,,6,0,4/22/2020 16:22,N/A,Not agree
2020/04/23,NM,2379,,,169,0,78,,,7,0,5/25/2020 15:38,N/A,Not agree
2020/04/24,NM,2521,,,142,0,84,,,6,0,5/25/2020 15:38,N/A,Not agree
2020/04/25,NM,2660,,,139,0,93,,,9,0,5/25/2020 15:38,N/A,Not agree
2020/04/26,NM,2726,,,66,0,99,,,6,0,5/25/2020 15:38,N/A,Not agree
2020/04/27,NM,2823,,,97,0,104,,,5,0,5/25/2020 15:38,N/A,Not agree
2020/04/28,NM,2974,,,151,0,110,,,6,0,4/29/2020 18:12,N/A,Not agree
2020/04/29,NM,3213,,,239,0,112,,,2,0,4/30/2020 16:07,N/A,Not agree
2020/04/30,NM,3411,,,198,0,123,,,11,0,5/1/2020 21:00,N/A,Not agree
2020/05/01,NM,3513,,,102,0,131,,,8,0,5/2/2020 15:47,N/A,Not agree
2020/05/02,NM,3732,,,219,0,139,,,8,0,5/3/2020 15:36,N/A,Not agree
2020/05/03,NM,3850,,,118,0,151,,,12,0,5/4/2020 22:49,N/A,Not agree
2020/05/04,NM,4031,,,181,0,156,,,5,0,5/5/2020 17:25,N/A,Not agree
2020/05/05,NM,4138,,,107,0,162,,,6,1,5/6/2020 16:23,N/A,Not agree
2020/05/06,NM,4291,,,153,0,169,,,7,-1,5/7/2020 22:59,N/A,Not agree
2020/05/07,NM,4493,,,202,0,172,,,3,1,5/8/2020 21:26,N/A,Not agree
2020/05/08,NM,4673,,,180,0,181,,,9,0,5/9/2020 21:26,N/A,Not agree
2020/05/09,NM,4778,,,105,0,191,,,10,0,5/10/2020 21:26,N/A,Not agree
2020/05/10,NM,4863,,,85,0,200,,,9,0,5/11/2020 21:26,N/A,Not agree
2020/05/11,NM,5069,,,206,0,208,,,8,0,5/12/2020 17:26,N/A,Not agree
2020/05/12,NM,5212,,,143,0,219,,,11,0,5/13/2020 15:26,N/A,Not agree
2020/05/13,NM,5364,,,152,0,231,,,12,0,5/14/2020 17:25,N/A,Not agree
2020/05/14,NM,5503,,,139,0,242,,,11,0,5/15/2020 16:11,N/A,Not agree
2020/05/15,NM,5662,,,159,0,253,,,11,0,5/16/2020 15:46,N/A,Not agree
2020/05/16,NM,5847,,,185,0,259,,,6,-1,5/17/2020 15:27,N/A,Not agree
2020/05/17,NM,5938,,,91,0,265,,,6,1,5/18/2020 16:01,N/A,Not agree
2020/05/18,NM,6096,,,158,0,270,,,5,1,5/19/2020 15:45,N/A,Not agree
2020/05/19,NM,6192,,,96,0,276,,,6,0,5/20/2020 15:28,N/A,Not agree
2020/05/20,NM,6317,,,125,0,283,,,7,2,5/21/2020 15:41,N/A,Not agree
2020/05/21,NM,6472,,,155,0,294,,,11,0,5/22/2020 15:31,N/A,Not agree
2020/05/22,NM,6625,,,153,0,302,,,8,0,5/23/2020 17:58,N/A,Not agree
2020/05/23,NM,6795,,,170,0,308,,,6,0,5/24/2020 14:15,N/A,Not agree
2020/05/24,NM,6943,,,148,0,317,,,9,0,5/25/2020 14:12,N/A,Not agree
2020/05/25,NM,7026,,,83,0,320,,,3,0,5/26/2020 14:23,N/A,Not agree
2020/05/26,NM,7130,,,104,0,325,,,5,0,5/27/2020 15:37,N/A,Not agree
2020/05/27,NM,7252,,,122,0,329,,,4,0,5/28/2020 15:12,N/A,Not agree
2020/05/28,NM,7364,,,112,0,335,,,6,0,5/29/2020 14:19,N/A,Not agree
2020/05/29,NM,7493,,,129,0,344,,,9,0,5/30/2020 15:47,N/A,Not agree
2020/05/30,NM,7624,,,131,0,351,,,7,0,5/31/2020 14:43,N/A,Not agree
2020/05/31,NM,7689,,,65,0,356,,,5,0,6/1/2020 14:17,N/A,Not agree
2020/06/01,NM,7800,,,111,0,362,,,6,3,6/2/2020 14:16,N/A,Not agree
2020/06/02,NM,8024,,,224,0,367,,,5,1,6/3/2020 14:11,N/A,Not agree
2020/06/03,NM,8140,,,116,0,375,,,8,0,6/4/2020 15:03,N/A,Not agree
2020/06/04,NM,8353,,,213,0,383,,,8,0,6/5/2020 15:17,N/A,Not agree
2020/06/05,NM,8672,,,319,0,387,,,4,0,6/6/2020 14:31,N/A,Not agree
2020/06/06,NM,8800,,,128,0,392,,,5,0,6/7/2020 14:23,N/A,Not agree
2020/06/07,NM,8940,,,140,0,396,,,4,0,6/8/2020 14:55,N/A,Not agree
2020/06/08,NM,9062,,,122,0,400,,,4,0,6/9/2020 16:49,N/A,Not agree
2020/06/09,NM,9105,,,43,0,404,,,4,0,6/10/2020 20:56,N/A,Not agree
2020/06/10,NM,9250,,,145,0,410,,,6,0,6/11/2020 14:48,N/A,Not agree
2020/06/11,NM,9367,,,117,0,420,,,10,0,6/12/2020 14:17,N/A,Not agree
2020/06/12,NM,9526,,,159,0,426,,,6,0,6/13/2020 17:46,N/A,Not agree
2020/06/13,NM,9621,,,95,0,431,,,5,0,6/14/2020 14:19,N/A,Not agree
2020/06/14,NM,9723,,,102,0,435,,,4,0,6/15/2020 14:33,N/A,Not agree
2020/06/15,NM,9845,,,122,0,440,,,5,0,6/16/2020 14:10,N/A,Not agree
2020/06/16,NM,9933,,,88,0,447,,,7,-8,6/17/2020 15:06,N/A,Not agree
2020/06/17,NM,10065,,,132,0,452,,,5,8,6/18/2020 17:16,N/A,Not agree
2020/06/18,NM,10153,,,88,0,456,,,4,0,6/19/2020 15:01,N/A,Not agree
2020/06/19,NM,10260,,,107,0,464,,,8,0,6/20/2020 14:15,N/A,Not agree
2020/06/20,NM,10430,,,170,0,466,,,2,0,6/21/2020 14:32,N/A,Not agree
2020/06/21,NM,10565,,,135,0,469,,,3,0,6/22/2020 15:24,N/A,Not agree
2020/06/22,NM,10694,,,129,0,469,,,0,0,6/23/2020 14:28,N/A,Not agree
2020/06/23,NM,10838,,,144,0,476,,,7,0,6/24/2020 15:03,N/A,Not agree
2020/06/24,NM,10990,,,152,0,480,,,4,0,6/25/2020 14:07,N/A,Not agree
2020/06/25,NM,11192,,,202,0,485,,,5,0,6/26/2020 19:18,N/A,Not agree
2020/06/26,NM,11408,,,216,0,489,,,4,0,6/27/2020 17:51,N/A,Not agree
2020/06/27,NM,11619,,,211,0,491,,,2,0,6/28/2020 14:59,N/A,Not agree
2020/06/28,NM,11809,,,190,0,492,,,1,0,6/29/2020 14:37,N/A,Not agree
2020/06/29,NM,11982,,,173,0,493,,,1,0,6/30/2020 15:27,N/A,Not agree
2020/06/30,NM,12147,,,165,0,497,,,4,0,7/1/2020 15:45,N/A,Not agree
2020/07/01,NM,12276,,,129,0,500,,,3,0,7/2/2020 15:10,N/A,Not agree
2020/07/02,NM,12520,,,244,0,503,,,3,-8,7/3/2020 15:01,N/A,Not agree
2020/07/03,NM,12776,,,256,0,511,,,8,8,7/4/2020 15:30,N/A,Not agree
2020/07/04,NM,13063,,,287,0,513,,,2,0,7/5/2020 15:00,N/A,Not agree
2020/07/05,NM,13256,,,193,0,513,,,0,-8,7/6/2020 15:16,N/A,Not agree
2020/07/06,NM,13507,,,251,0,515,,,2,8,7/7/2020 14:58,N/A,Not agree
2020/07/07,NM,13727,,,220,0,519,,,4,0,7/8/2020 14:12,N/A,Not agree
2020/07/08,NM,14017,,,290,0,527,,,8,0,7/9/2020 15:14,N/A,Not agree
2020/07/09,NM,14251,,,234,0,533,,,6,0,7/10/2020 15:35,N/A,Not agree
2020/07/10,NM,14549,,,298,0,539,,,6,0,7/11/2020 18:25,N/A,Not agree
2020/07/11,NM,14773,,,224,0,543,,,4,0,7/12/2020 15:13,N/A,Not agree
2020/07/12,NM,15028,,,255,0,545,,,2,1,7/13/2020 15:19,N/A,Not agree
2020/07/13,NM,15291,,,263,0,548,,,3,0,7/14/2020 15:13,N/A,Not agree
2020/07/14,NM,15514,,,223,0,551,,,3,0,7/15/2020 15:05,N/A,Not agree
2020/07/15,NM,15841,,,327,0,557,,,6,0,7/16/2020 14:22,N/A,Not agree
2020/07/16,NM,16138,,,297,0,562,,,5,0,7/17/2020 14:31,N/A,Not agree
2020/07/17,NM,16456,,,318,0,565,,,3,0,7/18/2020 16:14,N/A,Not agree
2020/07/18,NM,16736,,,280,0,569,,,4,0,7/19/2020 15:05,N/A,Not agree
2020/07/19,NM,16971,,,235,0,571,,,2,0,7/20/2020 14:35,N/A,Not agree
2020/07/20,NM,17215,,,244,0,578,,,7,-9,7/21/2020 14:50,N/A,Not agree
2020/07/21,NM,17517,,,302,0,588,,,10,9,7/22/2020 14:51,N/A,Not agree
2020/07/22,NM,17828,,,311,0,591,,,3,0,7/23/2020 14:48,N/A,Not agree
2020/07/23,NM,18163,,,335,0,596,,,5,0,7/24/2020 14:18,N/A,Not agree
2020/07/24,NM,18475,,,312,0,601,,,5,-9,7/25/2020 17:40,N/A,Not agree
2020/07/25,NM,18788,,,313,0,607,,,6,9,7/26/2020 15:17,N/A,Not agree
2020/07/26,NM,19042,,,254,0,614,,,7,1,7/27/2020 14:16,N/A,Not agree
2020/07/27,NM,19502,,,460,0,619,,,5,1,7/28/2020 14:21,N/A,Not agree
2020/07/28,NM,19791,,,289,0,626,,,7,-11,7/29/2020 14:34,N/A,Not agree
2020/07/29,NM,20136,,,345,0,632,,,6,11,7/30/2020 14:42,N/A,Not agree
2020/07/30,NM,20388,,,252,0,635,,,3,0,7/31/2020 14:35,N/A,Not agree
2020/07/31,NM,20600,,,212,0,642,,,7,0,8/1/2020 14:38,N/A,Not agree
2020/08/01,NM,20796,,,196,0,651,,,9,0,8/2/2020 14:54,N/A,Not agree
2020/08/02,NM,21016,,,220,0,654,,,3,0,8/3/2020 14:31,N/A,Not agree
2020/08/03,NM,21130,,,114,0,655,,,1,0,8/4/2020 14:09,N/A,Not agree
2020/08/04,NM,21340,,,210,0,658,,,3,0,8/5/2020 14:13,N/A,Not agree
2020/08/05,NM,21566,,,226,0,667,,,9,0,8/6/2020 14:12,N/A,Not agree
2020/08/06,NM,21773,,,207,0,669,,,2,0,8/7/2020 23:57,N/A,Not agree
2020/08/07,NM,21965,,,192,0,675,,,6,0,8/8/2020 14:58,N/A,Not agree
2020/08/08,NM,22115,,,150,0,681,,,6,0,8/9/2020 14:03,N/A,Not agree
2020/08/09,NM,22315,,,200,0,685,,,4,1,8/10/2020 14:23,N/A,Not agree
2020/08/10,NM,22444,,,129,0,690,,,5,0,8/11/2020 14:16,N/A,Not agree
2020/08/11,NM,22643,,,199,0,693,,,3,0,8/12/2020 13:50,N/A,Not agree
2020/08/12,NM,22816,,,173,0,695,,,2,0,8/13/2020 14:12,N/A,Not agree
2020/08/13,NM,22987,,,171,0,697,,,2,0,8/14/2020 14:30,N/A,Not agree
2020/08/14,NM,23160,,,173,0,703,,,6,0,8/15/2020 14:02,N/A,Not agree
2020/08/15,NM,23302,,,142,0,711,,,8,0,8/16/2020 14:57,N/A,Not agree
2020/08/16,NM,23408,,,106,0,714,,,3,0,8/17/2020 14:26,N/A,Not agree
2020/08/17,NM,23500,,,92,0,718,,,4,0,8/18/2020 14:26,N/A,Not agree
2020/08/18,NM,23579,,,79,0,723,,,5,0,8/19/2020 14:23,N/A,Not agree
2020/08/19,NM,23749,,,170,0,729,,,6,0,8/20/2020 15:11,N/A,Not agree
2020/08/20,NM,23951,,,202,0,734,,,5,0,8/21/2020 14:27,N/A,Not agree
2020/08/21,NM,24095,,,144,0,739,,,5,-12,8/22/2020 14:21,N/A,Not agree
2020/08/22,NM,24302,,,207,0,743,,,4,12,8/23/2020 14:15,N/A,Not agree
2020/08/23,NM,24396,,,94,0,745,,,2,0,8/24/2020 13:54,N/A,Not agree
2020/08/24,NM,24469,,,73,0,747,,,2,0,8/25/2020 14:02,N/A,Not agree
2020/08/25,NM,24535,,,66,0,750,,,3,0,8/26/2020 13:51,N/A,Not agree
2020/08/26,NM,24732,,,197,0,755,,,5,0,8/27/2020 13:42,N/A,Not agree
2020/08/27,NM,24920,,,188,0,764,,,9,0,8/28/2020 13:43,N/A,Not agree
2020/08/28,NM,25042,,,122,0,767,,,3,0,8/29/2020 13:42,N/A,Not agree
2020/08/29,NM,25178,,,136,0,769,,,2,0,8/30/2020 14:49,N/A,Not agree
2020/08/30,NM,25283,,,105,0,770,,,1,0,8/31/2020 14:05,N/A,Not agree
2020/08/31,NM,25352,,,69,0,779,,,9,0,9/1/2020 14:09,N/A,Not agree
2020/09/01,NM,25460,,,108,0,787,,,8,0,9/2/2020 13:49,N/A,Not agree
2020/09/02,NM,25612,,,152,0,790,,,3,0,9/3/2020 14:18,N/A,Not agree
2020/09/03,NM,25812,,,200,0,791,,,1,0,9/4/2020 13:36,N/A,Not agree
2020/09/04,NM,25902,,,90,0,794,,,3,0,9/5/2020 14:09,N/A,Not agree
2020/09/05,NM,26048,,,146,0,800,,,6,1,9/6/2020 14:09,N/A,Not agree
2020/09/06,NM,26107,,,59,0,803,,,3,1,9/7/2020 13:37,N/A,Not agree
2020/09/07,NM,26144,,,37,0,807,,,4,0,9/8/2020 14:47,N/A,Not agree
2020/09/08,NM,26181,,,37,0,807,,,0,0,9/9/2020 13:47,N/A,Not agree
2020/09/09,NM,26268,,,87,0,813,,,6,2,9/10/2020 14:02,N/A,Not agree
2020/09/10,NM,26429,,,161,0,816,,,3,0,9/11/2020 13:51,N/A,Not agree
2020/09/11,NM,26563,,,134,0,818,,,2,0,9/12/2020 14:12,N/A,Not agree
2020/09/12,NM,26661,,,98,0,821,,,3,0,9/13/2020 16:17,N/A,Not agree
2020/09/13,NM,26761,,,100,0,823,,,2,0,9/14/2020 14:01,N/A,Not agree
2020/09/14,NM,26842,,,81,0,823,,,0,0,9/15/2020 14:03,N/A,Not agree
2020/09/15,NM,26923,,,81,0,830,,,7,0,9/16/2020 13:53,N/A,Not agree
2020/09/16,NM,27041,,,118,0,832,,,2,0,9/17/2020 13:45,N/A,Not agree
2020/09/17,NM,27199,,,158,0,836,,,4,0,9/18/2020 13:48,N/A,Not agree
2020/09/18,NM,27350,,,151,0,841,,,5,1,9/19/2020 14:00,N/A,Not agree
2020/09/19,NM,27512,,,162,0,847,,,6,3,9/20/2020 13:53,N/A,Not agree
2020/09/20,NM,27579,,,67,0,849,,,2,0,9/21/2020 13:47,N/A,Not agree
2020/09/21,NM,27683,,,104,0,851,,,2,1,9/22/2020 13:51,N/A,Not agree
2020/09/22,NM,27790,,,107,0,854,,,3,1,9/23/2020 13:51,N/A,Not agree
2020/09/23,NM,27987,,,197,0,857,,,3,2,9/24/2020 13:54,N/A,Not agree
2020/09/24,NM,28224,,,237,0,859,,,2,1,9/25/2020 13:54,N/A,Not agree
2020/09/25,NM,28487,,,263,0,865,,,6,-1,9/26/2020 13:46,N/A,Not agree
2020/01/22,KY,0,,,0,,0,,,0,,3/26/2020 16:22,Agree,Agree
2020/01/23,KY,0,,,0,,0,,,0,,3/26/2020 16:22,Agree,Agree
2020/01/24,KY,0,,,0,,0,,,0,,3/26/2020 16:22,Agree,Agree
2020/01/25,KY,0,,,0,,0,,,0,,3/26/2020 16:22,Agree,Agree
2020/01/26,KY,0,,,0,,0,,,0,,3/26/2020 16:22,Agree,Agree
2020/01/27,KY,0,,,0,,0,,,0,,3/26/2020 16:22,Agree,Agree
2020/01/28,KY,0,,,0,,0,,,0,,3/26/2020 16:22,Agree,Agree
2020/01/29,KY,0,,,0,,0,,,0,,3/26/2020 16:22,Agree,Agree
2020/01/30,KY,0,,,0,,0,,,0,,3/26/2020 16:22,Agree,Agree
2020/01/31,KY,0,,,0,,0,,,0,,3/26/2020 16:22,Agree,Agree
2020/02/01,KY,0,,,0,,0,,,0,,3/26/2020 16:22,Agree,Agree
2020/02/02,KY,0,,,0,,0,,,0,,3/26/2020 16:22,Agree,Agree
2020/02/03,KY,0,,,0,,0,,,0,,3/26/2020 16:22,Agree,Agree
2020/02/04,KY,0,,,0,,0,,,0,,3/26/2020 16:22,Agree,Agree
2020/02/05,KY,0,,,0,,0,,,0,,3/26/2020 16:22,Agree,Agree
2020/02/06,KY,0,,,0,,0,,,0,,3/26/2020 16:22,Agree,Agree
2020/02/07,KY,0,,,0,,0,,,0,,3/26/2020 16:22,Agree,Agree
2020/02/08,KY,0,,,0,,0,,,0,,3/26/2020 16:22,Agree,Agree
2020/02/09,KY,0,,,0,,0,,,0,,3/26/2020 16:22,Agree,Agree
2020/02/10,KY,0,,,0,,0,,,0,,3/26/2020 16:22,Agree,Agree
2020/02/11,KY,0,,,0,,0,,,0,,3/26/2020 16:22,Agree,Agree
2020/02/12,KY,0,,,0,,0,,,0,,3/26/2020 16:22,Agree,Agree
2020/02/13,KY,0,,,0,,0,,,0,,3/26/2020 16:22,Agree,Agree
2020/02/14,KY,0,,,0,,0,,,0,,3/26/2020 16:22,Agree,Agree
2020/02/15,KY,0,,,0,,0,,,0,,3/26/2020 16:22,Agree,Agree
2020/02/16,KY,0,,,0,,0,,,0,,3/26/2020 16:22,Agree,Agree
2020/02/17,KY,0,,,0,,0,,,0,,3/26/2020 16:22,Agree,Agree
2020/02/18,KY,0,,,0,,0,,,0,,3/26/2020 16:22,Agree,Agree
2020/02/19,KY,0,,,0,,0,,,0,,3/26/2020 16:22,Agree,Agree
2020/02/20,KY,0,,,0,,0,,,0,,3/26/2020 16:22,Agree,Agree
2020/02/21,KY,0,,,0,,0,,,0,,3/26/2020 16:22,Agree,Agree
2020/02/22,KY,0,,,0,,0,,,0,,3/26/2020 16:22,Agree,Agree
2020/02/23,KY,0,,,0,,0,,,0,,3/26/2020 16:22,Agree,Agree
2020/02/24,KY,0,,,0,,0,,,0,,3/26/2020 16:22,Agree,Agree
2020/02/25,KY,0,,,0,,0,,,0,,3/26/2020 16:22,Agree,Agree
2020/02/26,KY,0,,,0,,0,,,0,,3/26/2020 16:22,Agree,Agree
2020/02/27,KY,0,,,0,,0,,,0,,3/26/2020 16:22,Agree,Agree
2020/02/28,KY,0,,,0,,0,,,0,,3/26/2020 16:22,Agree,Agree
2020/02/29,KY,0,,,0,,0,,,0,,3/26/2020 16:22,Agree,Agree
2020/03/01,KY,0,,,0,,0,,,0,,3/26/2020 16:22,Agree,Agree
2020/03/02,KY,0,,,0,,0,,,0,,3/26/2020 16:22,Agree,Agree
2020/03/03,KY,0,,,0,,0,,,0,,3/26/2020 16:22,Agree,Agree
2020/03/04,KY,0,,,0,,0,,,0,,3/26/2020 16:22,Agree,Agree
2020/03/05,KY,0,,,0,,0,,,0,,3/26/2020 16:22,Agree,Agree
2020/03/06,KY,0,,,0,,0,,,0,,3/26/2020 16:22,Agree,Agree
2020/03/07,KY,1,,,1,,0,,,0,,3/26/2020 16:22,Agree,Agree
2020/03/08,KY,1,,,0,,0,,,0,,3/26/2020 16:22,Agree,Agree
2020/03/09,KY,1,,,0,,0,,,0,,3/26/2020 16:22,Agree,Agree
2020/03/10,KY,4,,,3,,0,,,0,,3/26/2020 16:22,Agree,Agree
2020/03/11,KY,4,,,0,,0,,,0,,3/26/2020 16:22,Agree,Agree
2020/03/12,KY,11,,,7,,0,,,0,,3/26/2020 16:22,Agree,Agree
2020/03/13,KY,11,,,0,,0,,,0,,3/26/2020 16:22,Agree,Agree
2020/03/14,KY,15,,,4,,0,,,0,,3/26/2020 16:22,Agree,Agree
2020/03/15,KY,20,,,5,,0,,,0,,3/26/2020 16:22,Agree,Agree
2020/03/16,KY,22,,,2,,0,,,0,,3/26/2020 16:22,Agree,Agree
2020/03/17,KY,26,,,4,,0,,,0,,3/26/2020 16:22,Agree,Agree
2020/03/18,KY,35,,,9,,1,,,1,,3/26/2020 16:22,Agree,Agree
2020/03/19,KY,43,,,8,,2,,,1,,3/26/2020 16:22,Agree,Agree
2020/03/20,KY,48,,,5,,2,,,0,,3/26/2020 16:22,Agree,Agree
2020/03/21,KY,87,,,39,,3,,,1,,3/26/2020 16:22,Agree,Agree
2020/03/22,KY,103,,,16,,3,,,0,,3/26/2020 16:22,Agree,Agree
2020/03/23,KY,124,,,21,,4,,,1,,3/26/2020 16:22,Agree,Agree
2020/03/24,KY,163,,,39,,4,,,0,,3/26/2020 16:22,Agree,Agree
2020/03/25,KY,198,,,35,,5,,,1,,3/26/2020 16:22,Agree,Agree
2020/03/26,KY,248,,,50,,5,,,0,,3/26/2020 16:22,Agree,Agree
2020/03/27,KY,302,,,54,,8,,,3,,3/26/2020 16:22,Agree,Agree
2020/03/28,KY,394,,,92,,9,,,1,,3/28/2020 16:22,Agree,Agree
2020/03/29,KY,439,,,45,,9,,,0,,3/28/2020 16:22,Agree,Agree
2020/03/30,KY,480,,,41,,11,,,2,,3/29/2020 16:22,Agree,Agree
2020/03/31,KY,591,,,111,,18,,,7,,3/30/2020 16:22,Agree,Agree
2020/04/01,KY,680,,,89,,20,,,2,,3/31/2020 16:22,Agree,Agree
2020/04/02,KY,770,,,90,,31,,,11,,4/1/2020 16:22,Agree,Agree
2020/04/03,KY,831,,,61,,37,,,6,,4/3/2020 16:22,Agree,Agree
2020/04/04,KY,917,,,86,,40,,,3,,4/3/2020 16:22,Agree,Agree
2020/04/05,KY,955,,,38,,45,,,5,,4/4/2020 16:22,Agree,Agree
2020/04/06,KY,1008,,,53,,59,,,14,,4/5/2020 16:22,Agree,Agree
2020/04/07,KY,1149,,,141,,65,,,6,,4/7/2020 16:22,Agree,Agree
2020/04/08,KY,1346,,,197,,73,,,8,,4/7/2020 16:22,Agree,Agree
2020/04/09,KY,1452,,,106,,79,,,6,,4/8/2020 16:22,Agree,Agree
2020/04/10,KY,1693,,,241,,90,,,11,,4/9/2020 16:22,Agree,Agree
2020/04/11,KY,1840,,,147,,94,,,4,,4/10/2020 16:22,Agree,Agree
2020/04/12,KY,1963,,,123,,97,,,3,,4/11/2020 16:22,Agree,Agree
2020/04/13,KY,2048,,,85,,104,,,7,,4/12/2020 16:22,Agree,Agree
2020/04/14,KY,2210,,,162,,115,,,11,,4/13/2020 16:22,Agree,Agree
2020/04/15,KY,2291,,,81,,122,,,7,,4/15/2020 16:22,Agree,Agree
2020/04/16,KY,2429,,,138,,129,,,7,,4/16/2020 16:22,Agree,Agree
2020/04/17,KY,2522,,,93,,137,,,8,,4/17/2020 16:22,Agree,Agree
2020/04/18,KY,2707,,,185,,144,,,7,,4/18/2020 16:22,Agree,Agree
2020/04/19,KY,2960,2960,0,253,0,148,148,0,4,0,4/19/2020 16:22,Agree,Agree
2020/04/20,KY,3050,,,90,,154,,,6,,4/20/2020 16:22,Agree,Agree
2020/04/21,KY,3192,3192,0,142,0,171,171,0,17,0,4/21/2020 16:22,Agree,Agree
2020/04/22,KY,3373,3373,0,181,0,185,185,0,14,0,4/22/2020 16:22,Agree,Agree
2020/04/23,KY,3481,3481,0,108,0,191,191,0,6,0,5/25/2020 15:38,Agree,Agree
2020/04/24,KY,3779,3779,0,298,0,200,200,0,9,0,5/25/2020 15:38,Agree,Agree
2020/04/25,KY,3905,3905,0,126,0,205,205,0,5,0,5/25/2020 15:38,Agree,Agree
2020/04/26,KY,4074,4074,0,169,0,208,208,0,3,0,5/25/2020 15:38,Agree,Agree
2020/04/27,KY,4146,4146,0,72,0,213,213,0,5,0,5/25/2020 15:38,Agree,Agree
2020/04/28,KY,4375,4375,0,229,0,225,225,0,12,0,4/29/2020 18:12,Agree,Agree
2020/04/29,KY,4539,4539,0,164,0,235,235,0,10,0,4/30/2020 16:07,Agree,Agree
2020/04/30,KY,4708,4708,0,169,0,240,240,0,5,0,5/1/2020 21:00,Agree,Agree
2020/05/01,KY,4879,4879,0,171,0,248,248,0,8,0,5/2/2020 15:47,Agree,Agree
2020/05/02,KY,4879,4879,0,0,0,248,248,0,0,0,5/3/2020 15:36,Agree,Agree
2020/05/03,KY,5130,5130,0,251,0,253,253,0,5,0,5/4/2020 22:49,Agree,Agree
2020/05/04,KY,5245,5245,0,115,0,261,261,0,8,0,5/5/2020 17:25,Agree,Agree
2020/05/05,KY,5822,5822,0,577,0,275,275,0,14,0,5/6/2020 16:23,Agree,Agree
2020/05/06,KY,5934,5934,0,112,0,283,283,0,8,0,5/7/2020 22:59,Agree,Agree
2020/05/07,KY,6129,6129,0,195,0,294,294,0,11,0,5/8/2020 21:26,Agree,Agree
2020/05/08,KY,6288,6288,0,159,0,298,298,0,4,0,5/9/2020 21:26,Agree,Agree
2020/05/09,KY,6440,6440,0,152,0,304,304,0,6,0,5/10/2020 21:26,Agree,Agree
2020/05/10,KY,6440,6440,0,0,0,304,304,0,0,0,5/11/2020 21:26,Agree,Agree
2020/05/11,KY,6677,6677,0,237,0,311,311,0,7,0,5/12/2020 17:26,Agree,Agree
2020/05/12,KY,6853,6853,0,176,0,321,321,0,10,0,5/13/2020 15:26,Agree,Agree
2020/05/13,KY,7080,7080,0,227,0,326,326,0,5,0,5/14/2020 17:25,Agree,Agree
2020/05/14,KY,7225,7225,0,145,0,328,328,0,2,0,5/15/2020 16:11,Agree,Agree
2020/05/15,KY,7444,7444,0,219,0,332,332,0,4,0,5/16/2020 15:46,Agree,Agree
2020/05/16,KY,7688,7688,0,244,0,334,334,0,2,0,5/17/2020 15:27,Agree,Agree
2020/05/17,KY,7688,7688,0,0,0,334,334,0,0,0,5/18/2020 16:01,Agree,Agree
2020/05/18,KY,7935,7935,0,247,0,346,346,0,12,0,5/19/2020 15:45,Agree,Agree
2020/05/19,KY,8069,8069,0,134,0,366,366,0,20,0,5/20/2020 15:28,Agree,Agree
2020/05/20,KY,8167,8167,0,98,0,376,375,1,10,1,5/21/2020 15:41,Agree,Agree
2020/05/21,KY,8286,8175,111,119,111,386,385,1,10,0,5/22/2020 15:31,Agree,Agree
2020/05/22,KY,8426,8305,121,140,10,391,390,1,5,0,5/23/2020 17:58,Agree,Agree
2020/05/23,KY,8571,8451,120,145,-1,391,390,1,0,0,5/24/2020 14:15,Agree,Agree
2020/05/24,KY,8571,8451,120,0,0,391,390,1,0,0,5/25/2020 14:12,Agree,Agree
2020/05/25,KY,8571,8451,120,0,0,391,390,1,0,0,5/26/2020 14:23,Agree,Agree
2020/05/26,KY,8951,8800,151,380,31,394,393,1,3,0,5/27/2020 15:37,Agree,Agree
2020/05/27,KY,9077,8924,153,126,2,400,399,1,6,0,5/28/2020 15:12,Agree,Agree
2020/05/28,KY,9184,9028,156,107,3,409,408,1,9,0,5/29/2020 14:19,Agree,Agree
2020/05/29,KY,9464,9303,161,280,5,418,417,1,9,0,5/30/2020 15:47,Agree,Agree
2020/05/30,KY,9704,9537,167,240,6,431,430,1,13,0,5/31/2020 14:43,Agree,Agree
2020/05/31,KY,9704,9537,167,0,0,431,430,1,0,0,6/1/2020 14:17,Agree,Agree
2020/06/01,KY,10046,9853,193,342,26,439,438,1,8,0,6/2/2020 14:16,Agree,Agree
2020/06/02,KY,10185,9970,215,139,22,442,441,1,3,0,6/3/2020 14:11,Agree,Agree
2020/06/03,KY,10410,10192,218,225,3,450,449,1,8,0,6/4/2020 15:03,Agree,Agree
2020/06/04,KY,10705,10479,226,295,8,458,456,2,8,1,6/5/2020 15:17,Agree,Agree
2020/06/05,KY,10977,10734,243,272,17,466,465,1,8,-1,6/6/2020 14:31,Agree,Agree
2020/06/06,KY,11287,11031,256,310,13,470,468,2,4,1,6/7/2020 14:23,Agree,Agree
2020/06/07,KY,11287,11031,256,0,0,470,468,2,0,0,6/8/2020 14:55,Agree,Agree
2020/06/08,KY,11476,11212,264,189,8,472,470,2,2,0,6/9/2020 16:49,Agree,Agree
2020/06/09,KY,11708,11419,289,232,25,477,475,2,5,0,6/10/2020 20:56,Agree,Agree
2020/06/10,KY,11883,11576,307,175,18,484,482,2,7,0,6/11/2020 14:48,Agree,Agree
2020/06/11,KY,11945,11637,308,62,1,493,491,2,9,0,6/12/2020 14:17,Agree,Agree
2020/06/12,KY,12166,11850,316,221,8,497,495,2,4,0,6/13/2020 17:46,Agree,Agree
2020/06/13,KY,12445,12125,320,279,4,499,497,2,2,0,6/14/2020 14:19,Agree,Agree
2020/06/14,KY,12445,12125,320,0,0,499,497,2,0,0,6/15/2020 14:33,Agree,Agree
2020/06/15,KY,12647,12326,321,202,1,505,503,2,6,0,6/16/2020 14:10,Agree,Agree
2020/06/16,KY,12829,12490,339,182,18,512,510,2,7,0,6/17/2020 15:06,Agree,Agree
2020/06/17,KY,12995,12646,349,166,10,518,516,2,6,0,6/18/2020 17:16,Agree,Agree
2020/06/18,KY,13197,12846,351,202,2,520,518,2,2,0,6/19/2020 15:01,Agree,Agree
2020/06/19,KY,13454,13097,357,257,6,522,519,3,2,1,6/20/2020 14:15,Agree,Agree
2020/06/20,KY,13630,13253,377,176,20,524,521,3,2,0,6/21/2020 14:32,Agree,Agree
2020/06/21,KY,13750,13369,381,120,4,526,523,3,2,0,6/22/2020 15:24,Agree,Agree
2020/06/22,KY,13839,13449,390,89,9,526,522,4,0,1,6/23/2020 14:28,Agree,Agree
2020/06/23,KY,14141,13736,405,302,15,537,533,4,11,0,6/24/2020 15:03,Agree,Agree
2020/06/24,KY,14363,13937,426,222,21,538,534,4,1,0,6/25/2020 14:07,Agree,Agree
2020/06/25,KY,14617,14182,435,254,9,546,542,4,8,0,6/26/2020 19:18,Agree,Agree
2020/06/26,KY,14859,14401,458,242,23,553,550,3,7,-1,6/27/2020 17:51,Agree,Agree
2020/06/27,KY,15167,14669,498,308,40,554,551,3,1,0,6/28/2020 14:59,Agree,Agree
2020/06/28,KY,15232,14732,500,65,2,558,555,3,4,0,6/29/2020 14:37,Agree,Agree
2020/06/29,KY,15347,14835,512,115,12,560,557,3,2,0,6/30/2020 15:27,Agree,Agree
2020/06/30,KY,15624,15090,534,277,22,565,561,4,5,1,7/1/2020 15:45,Agree,Agree
2020/07/01,KY,15842,15286,556,218,22,572,568,4,7,0,7/2/2020 15:10,Agree,Agree
2020/07/02,KY,16079,15508,571,237,15,581,577,4,9,0,7/3/2020 15:01,Agree,Agree
2020/07/03,KY,16376,15781,595,297,24,585,581,4,4,0,7/4/2020 15:30,Agree,Agree
2020/07/04,KY,16376,15781,595,0,0,585,581,4,0,0,7/5/2020 15:00,Agree,Agree
2020/07/05,KY,16376,15781,595,0,0,585,581,4,0,0,7/6/2020 15:16,Agree,Agree
2020/07/06,KY,17152,16525,627,776,32,593,589,4,8,0,7/7/2020 14:58,Agree,Agree
2020/07/07,KY,17519,16864,655,367,28,602,598,4,9,0,7/8/2020 14:12,Agree,Agree
2020/07/08,KY,17919,17202,717,400,62,608,604,4,6,0,7/9/2020 15:14,Agree,Agree
2020/07/09,KY,18245,17491,754,326,37,612,608,4,4,0,7/10/2020 15:35,Agree,Agree
2020/07/10,KY,18670,17890,780,425,26,620,616,4,8,0,7/11/2020 18:25,Agree,Agree
2020/07/11,KY,19121,18307,814,451,34,622,618,4,2,0,7/12/2020 15:13,Agree,Agree
2020/07/12,KY,19389,18562,827,268,13,625,621,4,3,0,7/13/2020 15:19,Agree,Agree
2020/07/13,KY,19653,18824,829,264,2,629,625,4,4,0,7/14/2020 15:13,Agree,Agree
2020/07/14,KY,20223,19349,874,570,45,635,631,4,6,0,7/15/2020 15:05,Agree,Agree
2020/07/15,KY,20677,19737,940,454,66,645,641,4,10,0,7/16/2020 14:22,Agree,Agree
2020/07/16,KY,21083,20118,965,406,25,650,646,4,5,0,7/17/2020 14:31,Agree,Agree
2020/07/17,KY,21605,20607,998,522,33,658,653,5,8,1,7/18/2020 16:14,Agree,Agree
2020/07/18,KY,22184,21128,1056,579,58,667,662,5,9,0,7/19/2020 15:05,Agree,Agree
2020/07/19,KY,23161,22095,1066,977,10,670,666,4,3,-1,7/20/2020 14:35,Agree,Agree
2020/07/20,KY,23414,22328,1086,253,20,671,667,4,1,0,7/21/2020 14:50,Agree,Agree
2020/07/21,KY,24060,22916,1144,646,58,674,670,4,3,0,7/22/2020 14:51,Agree,Agree
2020/07/22,KY,24540,23336,1204,480,60,677,673,4,3,0,7/23/2020 14:48,Agree,Agree
2020/07/23,KY,25147,23882,1265,607,61,684,680,4,7,0,7/24/2020 14:18,Agree,Agree
2020/07/24,KY,25931,24615,1316,784,51,691,687,4,7,0,7/25/2020 17:40,Agree,Agree
2020/07/25,KY,26764,25390,1374,833,58,696,692,4,5,0,7/26/2020 15:17,Agree,Agree
2020/07/26,KY,27079,25699,1380,315,6,700,696,4,4,0,7/27/2020 14:16,Agree,Agree
2020/07/27,KY,27601,26209,1392,522,12,709,705,4,9,0,7/28/2020 14:21,Agree,Agree
2020/07/28,KY,28126,26656,1470,525,78,719,715,4,10,0,7/29/2020 14:34,Agree,Agree
2020/07/29,KY,28727,27173,1554,601,84,724,720,4,5,0,7/30/2020 14:42,Agree,Agree
2020/07/30,KY,29386,27716,1670,659,116,731,727,4,7,0,7/31/2020 14:35,Agree,Agree
2020/07/31,KY,30151,28404,1747,765,77,735,731,4,4,0,8/1/2020 14:38,Agree,Agree
2020/08/01,KY,30723,28922,1801,572,54,740,736,4,5,0,8/2/2020 14:54,Agree,Agree
2020/08/02,KY,31185,29346,1839,462,38,742,738,4,2,0,8/3/2020 14:31,Agree,Agree
2020/08/03,KY,31508,29623,1885,323,46,744,740,4,2,0,8/4/2020 14:09,Agree,Agree
2020/08/04,KY,32197,30238,1959,689,74,751,747,4,7,0,8/5/2020 14:13,Agree,Agree
2020/08/05,KY,32741,30712,2029,544,70,752,748,4,1,0,8/6/2020 14:12,Agree,Agree
2020/08/06,KY,33254,31146,2108,513,79,760,756,4,8,0,8/7/2020 23:57,Agree,Agree
2020/08/07,KY,33796,31635,2161,542,53,764,760,4,4,0,8/8/2020 14:58,Agree,Agree
2020/08/08,KY,34758,32330,2428,962,267,772,767,5,8,1,8/9/2020 14:03,Agree,Agree
2020/08/09,KY,34982,32713,2269,224,-159,773,768,5,1,0,8/10/2020 14:23,Agree,Agree
2020/08/10,KY,35254,32941,2313,272,44,775,770,5,2,0,8/11/2020 14:16,Agree,Agree
2020/08/11,KY,35793,33379,2414,539,101,783,778,5,8,0,8/12/2020 13:50,Agree,Agree
2020/08/12,KY,36945,34415,2530,1152,116,790,785,5,7,0,8/13/2020 14:12,Agree,Agree
2020/08/13,KY,37686,35036,2650,741,120,796,791,5,6,0,8/14/2020 14:30,Agree,Agree
2020/08/14,KY,38298,35565,2733,612,83,804,799,5,8,0,8/15/2020 14:02,Agree,Agree
2020/08/15,KY,38930,36117,2813,632,80,810,805,5,6,0,8/16/2020 14:57,Agree,Agree
2020/08/16,KY,39315,36475,2840,385,27,813,808,5,3,0,8/17/2020 14:26,Agree,Agree
2020/08/17,KY,39691,36824,2867,376,27,818,813,5,5,0,8/18/2020 14:26,Agree,Agree
2020/08/18,KY,40299,37304,2995,608,128,830,825,5,12,0,8/19/2020 14:23,Agree,Agree
2020/08/19,KY,40926,37848,3078,627,83,842,836,6,12,1,8/20/2020 15:11,Agree,Agree
2020/08/20,KY,41626,38475,3151,700,73,856,850,6,14,0,8/21/2020 14:27,Agree,Agree
2020/08/21,KY,42265,39068,3197,639,46,864,858,6,8,0,8/22/2020 14:21,Agree,Agree
2020/08/22,KY,43066,39755,3311,801,114,872,866,6,8,0,8/23/2020 14:15,Agree,Agree
2020/08/23,KY,43529,40181,3348,463,37,881,875,6,9,0,8/24/2020 13:54,Agree,Agree
2020/08/24,KY,43899,40493,3406,370,58,885,879,6,4,0,8/25/2020 14:02,Agree,Agree
2020/08/25,KY,44568,41054,3514,669,108,895,889,6,10,0,8/26/2020 13:51,Agree,Agree
2020/08/26,KY,45230,41567,3663,662,149,902,896,6,7,0,8/27/2020 13:42,Agree,Agree
2020/08/27,KY,45978,42169,3809,748,146,910,904,6,8,0,8/28/2020 13:43,Agree,Agree
2020/08/28,KY,46757,42811,3946,779,137,918,910,8,8,2,8/29/2020 13:42,Agree,Agree
2020/08/29,KY,47577,43507,4070,820,124,921,913,8,3,0,8/30/2020 14:49,Agree,Agree
2020/08/30,KY,48032,43901,4131,455,61,930,921,9,9,1,8/31/2020 14:05,Agree,Agree
2020/08/31,KY,48396,44212,4184,364,53,933,924,9,3,0,9/1/2020 14:09,Agree,Agree
2020/09/01,KY,49185,44824,4361,789,177,948,939,9,15,0,9/2/2020 13:49,Agree,Agree
2020/09/02,KY,49991,45497,4494,806,133,966,957,9,18,0,9/3/2020 14:18,Agree,Agree
2020/09/03,KY,50885,46166,4719,894,225,976,967,9,10,0,9/4/2020 13:36,Agree,Agree
2020/09/04,KY,51677,46846,4831,792,112,987,978,9,11,0,9/5/2020 14:09,Agree,Agree
2020/09/05,KY,51677,46846,4831,0,0,987,978,9,0,0,9/6/2020 14:09,Agree,Agree
2020/09/06,KY,52774,47741,5033,1097,202,996,987,9,9,0,9/7/2020 13:37,Agree,Agree
2020/09/07,KY,53064,47956,5108,290,75,996,987,9,0,0,9/8/2020 14:47,Agree,Agree
2020/09/08,KY,53319,48141,5178,255,70,997,988,9,1,0,9/9/2020 13:47,Agree,Agree
2020/09/09,KY,53977,48599,5378,658,200,1013,1004,9,16,0,9/10/2020 14:02,Agree,Agree
2020/09/10,KY,54772,49198,5574,795,196,1035,1026,9,22,0,9/11/2020 13:51,Agree,Agree
2020/09/11,KY,55704,49979,5725,932,151,1044,1035,9,9,0,9/12/2020 14:12,Agree,Agree
2020/09/12,KY,56415,50535,5880,711,155,1057,1048,9,13,0,9/13/2020 16:17,Agree,Agree
2020/09/13,KY,56945,51018,5927,530,47,1060,1051,9,3,0,9/14/2020 14:01,Agree,Agree
2020/09/14,KY,57282,51317,5965,337,38,1065,1056,9,5,0,9/15/2020 14:03,Agree,Agree
2020/09/15,KY,58000,51862,6138,718,173,1074,1065,9,9,0,9/16/2020 13:53,Agree,Agree
2020/09/16,KY,58764,52437,6327,764,189,1082,1073,9,8,0,9/17/2020 13:45,Agree,Agree
2020/09/17,KY,59370,52887,6483,606,156,1093,1084,9,11,0,9/18/2020 13:48,Agree,Agree
2020/09/18,KY,60128,53509,6619,758,136,1101,1092,9,8,0,9/19/2020 14:00,Agree,Agree
2020/09/19,KY,61106,54325,6781,978,162,1108,1099,9,7,0,9/20/2020 13:53,Agree,Agree
2020/09/20,KY,61542,54695,6847,436,66,1111,1102,9,3,0,9/21/2020 13:47,Agree,Agree
2020/09/21,KY,61917,54996,6921,375,74,1112,1103,9,1,0,9/22/2020 13:51,Agree,Agree
2020/09/22,KY,62731,55577,7154,814,233,1119,1110,9,7,0,9/23/2020 13:51,Agree,Agree
2020/09/23,KY,63517,56154,7363,786,209,1124,1115,9,5,0,9/24/2020 13:54,Agree,Agree
2020/09/24,KY,64158,56608,7550,641,187,1137,1128,9,13,0,9/25/2020 13:54,Agree,Agree
2020/09/25,KY,65066,57366,7700,908,150,1149,1140,9,12,0,9/26/2020 13:46,Agree,Agree
2020/01/22,WY,0,,,0,,0,,,0,,3/26/2020 16:22,Agree,Agree
2020/01/23,WY,0,,,0,,0,,,0,,3/26/2020 16:22,Agree,Agree
2020/01/24,WY,0,,,0,,0,,,0,,3/26/2020 16:22,Agree,Agree
2020/01/25,WY,0,,,0,,0,,,0,,3/26/2020 16:22,Agree,Agree
2020/01/26,WY,0,,,0,,0,,,0,,3/26/2020 16:22,Agree,Agree
2020/01/27,WY,0,,,0,,0,,,0,,3/26/2020 16:22,Agree,Agree
2020/01/28,WY,0,,,0,,0,,,0,,3/26/2020 16:22,Agree,Agree
2020/01/29,WY,0,,,0,,0,,,0,,3/26/2020 16:22,Agree,Agree
2020/01/30,WY,0,,,0,,0,,,0,,3/26/2020 16:22,Agree,Agree
2020/01/31,WY,0,,,0,,0,,,0,,3/26/2020 16:22,Agree,Agree
2020/02/01,WY,0,,,0,,0,,,0,,3/26/2020 16:22,Agree,Agree
2020/02/02,WY,0,,,0,,0,,,0,,3/26/2020 16:22,Agree,Agree
2020/02/03,WY,0,,,0,,0,,,0,,3/26/2020 16:22,Agree,Agree
2020/02/04,WY,0,,,0,,0,,,0,,3/26/2020 16:22,Agree,Agree
2020/02/05,WY,0,,,0,,0,,,0,,3/26/2020 16:22,Agree,Agree
2020/02/06,WY,0,,,0,,0,,,0,,3/26/2020 16:22,Agree,Agree
2020/02/07,WY,0,,,0,,0,,,0,,3/26/2020 16:22,Agree,Agree
2020/02/08,WY,0,,,0,,0,,,0,,3/26/2020 16:22,Agree,Agree
2020/02/09,WY,0,,,0,,0,,,0,,3/26/2020 16:22,Agree,Agree
2020/02/10,WY,0,,,0,,0,,,0,,3/26/2020 16:22,Agree,Agree
2020/02/11,WY,0,,,0,,0,,,0,,3/26/2020 16:22,Agree,Agree
2020/02/12,WY,0,,,0,,0,,,0,,3/26/2020 16:22,Agree,Agree
2020/02/13,WY,0,,,0,,0,,,0,,3/26/2020 16:22,Agree,Agree
2020/02/14,WY,0,,,0,,0,,,0,,3/26/2020 16:22,Agree,Agree
2020/02/15,WY,0,,,0,,0,,,0,,3/26/2020 16:22,Agree,Agree
2020/02/16,WY,0,,,0,,0,,,0,,3/26/2020 16:22,Agree,Agree
2020/02/17,WY,0,,,0,,0,,,0,,3/26/2020 16:22,Agree,Agree
2020/02/18,WY,0,,,0,,0,,,0,,3/26/2020 16:22,Agree,Agree
2020/02/19,WY,0,,,0,,0,,,0,,3/26/2020 16:22,Agree,Agree
2020/02/20,WY,0,,,0,,0,,,0,,3/26/2020 16:22,Agree,Agree
2020/02/21,WY,0,,,0,,0,,,0,,3/26/2020 16:22,Agree,Agree
2020/02/22,WY,0,,,0,,0,,,0,,3/26/2020 16:22,Agree,Agree
2020/02/23,WY,0,,,0,,0,,,0,,3/26/2020 16:22,Agree,Agree
2020/02/24,WY,0,,,0,,0,,,0,,3/26/2020 16:22,Agree,Agree
2020/02/25,WY,0,,,0,,0,,,0,,3/26/2020 16:22,Agree,Agree
2020/02/26,WY,0,,,0,,0,,,0,,3/26/2020 16:22,Agree,Agree
2020/02/27,WY,0,,,0,,0,,,0,,3/26/2020 16:22,Agree,Agree
2020/02/28,WY,0,,,0,,0,,,0,,3/26/2020 16:22,Agree,Agree
2020/02/29,WY,0,,,0,,0,,,0,,3/26/2020 16:22,Agree,Agree
2020/03/01,WY,0,,,0,,0,,,0,,3/26/2020 16:22,Agree,Agree
2020/03/02,WY,0,,,0,,0,,,0,,3/26/2020 16:22,Agree,Agree
2020/03/03,WY,0,,,0,,0,,,0,,3/26/2020 16:22,Agree,Agree
2020/03/04,WY,0,,,0,,0,,,0,,3/26/2020 16:22,Agree,Agree
2020/03/05,WY,0,,,0,,0,,,0,,3/26/2020 16:22,Agree,Agree
2020/03/06,WY,0,,,0,,0,,,0,,3/26/2020 16:22,Agree,Agree
2020/03/07,WY,0,,,0,,0,,,0,,3/26/2020 16:22,Agree,Agree
2020/03/08,WY,0,,,0,,0,,,0,,3/26/2020 16:22,Agree,Agree
2020/03/09,WY,0,,,0,,0,,,0,,3/26/2020 16:22,Agree,Agree
2020/03/10,WY,0,,,0,,0,,,0,,3/26/2020 16:22,Agree,Agree
2020/03/11,WY,0,,,0,,0,,,0,,3/26/2020 16:22,Agree,Agree
2020/03/12,WY,1,,,1,,0,,,0,,3/26/2020 16:22,Agree,Agree
2020/03/13,WY,1,,,0,,0,,,0,,3/26/2020 16:22,Agree,Agree
2020/03/14,WY,2,,,1,,0,,,0,,3/26/2020 16:22,Agree,Agree
2020/03/15,WY,3,,,1,,0,,,0,,3/26/2020 16:22,Agree,Agree
2020/03/16,WY,3,,,0,,0,,,0,,3/26/2020 16:22,Agree,Agree
2020/03/17,WY,11,,,8,,0,,,0,,3/26/2020 16:22,Agree,Agree
2020/03/18,WY,16,,,5,,0,,,0,,3/26/2020 16:22,Agree,Agree
2020/03/19,WY,18,,,2,,0,,,0,,3/26/2020 16:22,Agree,Agree
2020/03/20,WY,22,,,4,,0,,,0,,3/26/2020 16:22,Agree,Agree
2020/03/21,WY,24,,,2,,0,,,0,,3/26/2020 16:22,Agree,Agree
2020/03/22,WY,24,,,0,,0,,,0,,3/26/2020 16:22,Agree,Agree
2020/03/23,WY,26,,,2,,0,,,0,,3/26/2020 16:22,Agree,Agree
2020/03/24,WY,30,,,4,,0,,,0,,3/26/2020 16:22,Agree,Agree
2020/03/25,WY,44,,,14,,0,,,0,,3/26/2020 16:22,Agree,Agree
2020/03/26,WY,55,,,11,,0,,,0,,3/26/2020 16:22,Agree,Agree
2020/03/27,WY,73,,,18,,0,,,0,,3/26/2020 16:22,Agree,Agree
2020/03/28,WY,84,,,11,,0,,,0,,3/28/2020 16:22,Agree,Agree
2020/03/29,WY,87,,,3,,0,,,0,,3/28/2020 16:22,Agree,Agree
2020/03/30,WY,95,,,8,,0,,,0,,3/29/2020 16:22,Agree,Agree
2020/03/31,WY,120,,,25,,0,,,0,,3/30/2020 16:22,Agree,Agree
2020/04/01,WY,137,,,17,,0,,,0,,3/31/2020 16:22,Agree,Agree
2020/04/02,WY,150,,,13,,0,,,0,,4/1/2020 16:22,Agree,Agree
2020/04/03,WY,166,,,16,,0,,,0,,4/3/2020 16:22,Agree,Agree
2020/04/04,WY,187,,,21,,0,,,0,,4/3/2020 16:22,Agree,Agree
2020/04/05,WY,200,,,13,,0,,,0,,4/4/2020 16:22,Agree,Agree
2020/04/06,WY,212,,,12,,0,,,0,,4/5/2020 16:22,Agree,Agree
2020/04/07,WY,221,,,9,,0,,,0,,4/7/2020 16:22,Agree,Agree
2020/04/08,WY,230,,,9,,0,,,0,,4/7/2020 16:22,Agree,Agree
2020/04/09,WY,239,,,9,,0,,,0,,4/8/2020 16:22,Agree,Agree
2020/04/10,WY,253,,,14,,0,,,0,,4/9/2020 16:22,Agree,Agree
2020/04/11,WY,261,,,8,,0,,,0,,4/10/2020 16:22,Agree,Agree
2020/04/12,WY,270,,,9,,0,,,0,,4/11/2020 16:22,Agree,Agree
2020/04/13,WY,373,275,98,103,98,1,,,1,,4/12/2020 16:22,Agree,Agree
2020/04/14,WY,494,393,101,121,3,1,,,0,,4/13/2020 16:22,Agree,Agree
2020/04/15,WY,393,288,105,-101,4,2,2,0,1,0,4/15/2020 16:22,Agree,Agree
2020/04/16,WY,401,296,105,8,0,2,2,0,0,0,4/16/2020 16:22,Agree,Agree
2020/04/17,WY,412,305,107,11,2,2,2,0,0,0,4/17/2020 16:22,Agree,Agree
2020/04/18,WY,423,310,113,11,6,2,2,0,0,0,4/18/2020 16:22,Agree,Agree
2020/04/19,WY,426,313,113,3,0,2,2,0,0,0,4/19/2020 16:22,Agree,Agree
2020/04/20,WY,428,317,111,2,-2,2,2,0,0,0,4/20/2020 16:22,Agree,Agree
2020/04/21,WY,441,322,119,13,8,6,6,0,4,0,4/21/2020 16:22,Agree,Agree
2020/04/22,WY,447,326,121,6,2,6,6,0,0,0,4/22/2020 16:22,Agree,Agree
2020/04/23,WY,453,332,121,6,0,7,7,0,1,0,5/25/2020 15:38,Agree,Agree
2020/04/24,WY,473,349,124,20,3,7,7,0,0,0,5/25/2020 15:38,Agree,Agree
2020/04/25,WY,491,362,129,18,5,7,7,0,0,0,5/25/2020 15:38,Agree,Agree
2020/04/26,WY,502,370,132,11,3,7,7,0,0,0,5/25/2020 15:38,Agree,Agree
2020/04/27,WY,520,389,131,18,-1,7,7,0,0,0,5/25/2020 15:38,Agree,Agree
2020/04/28,WY,536,396,140,16,9,7,7,0,0,0,4/29/2020 18:12,Agree,Agree
2020/04/29,WY,544,404,140,8,0,7,7,0,0,0,4/30/2020 16:07,Agree,Agree
2020/04/30,WY,559,415,144,15,4,7,7,0,0,0,5/1/2020 21:00,Agree,Agree
2020/05/01,WY,566,420,146,7,2,7,7,0,0,0,5/2/2020 15:47,Agree,Agree
2020/05/02,WY,579,429,150,13,4,7,7,0,0,0,5/3/2020 15:36,Agree,Agree
2020/05/03,WY,586,435,151,7,1,7,7,0,0,0,5/4/2020 22:49,Agree,Agree
2020/05/04,WY,596,444,152,10,1,7,7,0,0,0,5/5/2020 17:25,Agree,Agree
2020/05/05,WY,604,452,152,8,0,7,7,0,0,0,5/6/2020 16:23,Agree,Agree
2020/05/06,WY,631,479,152,27,0,7,7,0,0,0,5/7/2020 22:59,Agree,Agree
2020/05/07,WY,635,483,152,4,0,7,7,0,0,0,5/8/2020 21:26,Agree,Agree
2020/05/08,WY,644,490,154,9,2,7,7,0,0,0,5/9/2020 21:26,Agree,Agree
2020/05/09,WY,653,495,158,9,4,7,7,0,0,0,5/10/2020 21:26,Agree,Agree
2020/05/10,WY,662,504,158,9,0,7,7,0,0,0,5/11/2020 21:26,Agree,Agree
2020/05/11,WY,669,510,159,7,1,7,7,0,0,0,5/12/2020 17:26,Agree,Agree
2020/05/12,WY,675,513,162,6,3,7,7,0,0,0,5/13/2020 15:26,Agree,Agree
2020/05/13,WY,688,523,165,13,3,7,7,0,0,0,5/14/2020 17:25,Agree,Agree
2020/05/14,WY,701,529,172,13,7,7,7,0,0,0,5/15/2020 16:11,Agree,Agree
2020/05/15,WY,716,541,175,15,3,7,7,0,0,0,5/16/2020 15:46,Agree,Agree
2020/05/16,WY,741,559,182,25,7,7,7,0,0,0,5/17/2020 15:27,Agree,Agree
2020/05/17,WY,754,566,188,13,6,8,8,0,1,0,5/18/2020 16:01,Agree,Agree
2020/05/18,WY,766,577,189,12,1,10,8,2,2,2,5/19/2020 15:45,Agree,Agree
2020/05/19,WY,776,583,193,10,4,10,10,0,0,-2,5/20/2020 15:28,Agree,Agree
2020/05/20,WY,787,596,191,11,-2,11,11,0,1,0,5/21/2020 15:41,Agree,Agree
2020/05/21,WY,801,608,193,14,2,12,12,0,1,0,5/22/2020 15:31,Agree,Agree
2020/05/22,WY,803,608,195,2,2,12,12,0,0,0,5/23/2020 17:58,Agree,Agree
2020/05/23,WY,813,615,198,10,3,12,12,0,0,0,5/24/2020 14:15,Agree,Agree
2020/05/24,WY,838,638,200,25,2,12,12,0,0,0,5/25/2020 14:12,Agree,Agree
2020/05/25,WY,843,644,199,5,-1,12,12,0,0,0,5/26/2020 14:23,Agree,Agree
2020/05/26,WY,850,648,202,7,3,13,13,0,1,0,5/27/2020 15:37,Agree,Agree
2020/05/27,WY,860,653,207,10,5,14,14,0,1,0,5/28/2020 15:12,Agree,Agree
2020/05/28,WY,876,667,209,16,2,15,15,0,1,0,5/29/2020 14:19,Agree,Agree
2020/05/29,WY,891,682,209,15,0,15,15,0,0,0,5/30/2020 15:47,Agree,Agree
2020/05/30,WY,898,688,210,7,1,16,16,0,1,0,5/31/2020 14:43,Agree,Agree
2020/05/31,WY,903,693,210,5,0,17,17,0,1,0,6/1/2020 14:17,Agree,Agree
2020/06/01,WY,910,700,210,7,0,17,17,0,0,0,6/2/2020 14:16,Agree,Agree
2020/06/02,WY,912,701,211,2,1,17,17,0,0,0,6/3/2020 14:11,Agree,Agree
2020/06/03,WY,915,703,212,3,1,17,17,0,0,0,6/4/2020 15:03,Agree,Agree
2020/06/04,WY,921,709,212,6,0,17,17,0,0,0,6/5/2020 15:17,Agree,Agree
2020/06/05,WY,933,721,212,12,0,17,17,0,0,0,6/6/2020 14:31,Agree,Agree
2020/06/06,WY,939,726,213,6,1,17,17,0,0,0,6/7/2020 14:23,Agree,Agree
2020/06/07,WY,947,734,213,8,0,17,17,0,0,0,6/8/2020 14:55,Agree,Agree
2020/06/08,WY,960,748,212,13,-1,17,17,0,0,0,6/9/2020 16:49,Agree,Agree
2020/06/09,WY,970,760,210,10,-2,17,17,0,0,0,6/10/2020 20:56,Agree,Agree
2020/06/10,WY,980,768,212,10,2,18,18,0,1,0,6/11/2020 14:48,Agree,Agree
2020/06/11,WY,1009,793,216,29,4,18,18,0,0,0,6/12/2020 14:17,Agree,Agree
2020/06/12,WY,1027,811,216,18,0,18,18,0,0,0,6/13/2020 17:46,Agree,Agree
2020/06/13,WY,1050,832,218,23,2,18,18,0,0,0,6/14/2020 14:19,Agree,Agree
2020/06/14,WY,1060,841,219,10,1,18,18,0,0,0,6/15/2020 14:33,Agree,Agree
2020/06/15,WY,1079,856,223,19,4,18,18,0,0,0,6/16/2020 14:10,Agree,Agree
2020/06/16,WY,1089,866,223,10,0,18,18,0,0,0,6/17/2020 15:06,Agree,Agree
2020/06/17,WY,1114,884,230,25,7,18,18,0,0,0,6/18/2020 17:16,Agree,Agree
2020/06/18,WY,1144,906,238,30,8,18,18,0,0,0,6/19/2020 15:01,Agree,Agree
2020/06/19,WY,1173,927,246,29,8,20,20,0,2,0,6/20/2020 14:15,Agree,Agree
2020/06/20,WY,1179,930,249,6,3,20,20,0,0,0,6/21/2020 14:32,Agree,Agree
2020/06/21,WY,1197,947,250,18,1,20,20,0,0,0,6/22/2020 15:24,Agree,Agree
2020/06/22,WY,1230,974,256,33,6,20,20,0,0,0,6/23/2020 14:28,Agree,Agree
2020/06/23,WY,1254,992,262,24,6,20,20,0,0,0,6/24/2020 15:03,Agree,Agree
2020/06/24,WY,1282,1016,266,28,4,20,20,0,0,0,6/25/2020 14:07,Agree,Agree
2020/06/25,WY,1326,1052,274,44,8,20,20,0,0,0,6/26/2020 19:18,Agree,Agree
2020/06/26,WY,1368,1079,289,42,15,20,20,0,0,0,6/27/2020 17:51,Agree,Agree
2020/06/27,WY,1392,1097,295,24,6,20,20,0,0,0,6/28/2020 14:59,Agree,Agree
2020/06/28,WY,1417,1121,296,25,1,20,20,0,0,0,6/29/2020 14:37,Agree,Agree
2020/06/29,WY,1450,1151,299,33,3,20,20,0,0,0,6/30/2020 15:27,Agree,Agree
2020/06/30,WY,1487,1184,303,37,4,20,20,0,0,0,7/1/2020 15:45,Agree,Agree
2020/07/01,WY,1514,1203,311,27,8,20,20,0,0,0,7/2/2020 15:10,Agree,Agree
2020/07/02,WY,1550,1233,317,36,6,20,20,0,0,0,7/3/2020 15:01,Agree,Agree
2020/07/03,WY,1582,1267,315,32,-2,20,20,0,0,0,7/4/2020 15:30,Agree,Agree
2020/07/04,WY,1606,1289,317,24,2,20,20,0,0,0,7/5/2020 15:00,Agree,Agree
2020/07/05,WY,1634,1312,322,28,5,20,20,0,0,0,7/6/2020 15:16,Agree,Agree
2020/07/06,WY,1675,1349,326,41,4,20,20,0,0,0,7/7/2020 14:58,Agree,Agree
2020/07/07,WY,1711,1378,333,36,7,20,20,0,0,0,7/8/2020 14:12,Agree,Agree
2020/07/08,WY,1740,1404,336,29,3,21,21,0,1,0,7/9/2020 15:14,Agree,Agree
2020/07/09,WY,1774,1428,346,34,10,21,21,0,0,0,7/10/2020 15:35,Agree,Agree
2020/07/10,WY,1790,1445,345,16,-1,21,21,0,0,0,7/11/2020 18:25,Agree,Agree
2020/07/11,WY,1839,1488,351,49,6,21,21,0,0,0,7/12/2020 15:13,Agree,Agree
2020/07/12,WY,1862,1506,356,23,5,21,21,0,0,0,7/13/2020 15:19,Agree,Agree
2020/07/13,WY,1903,1545,358,41,2,21,21,0,0,0,7/14/2020 15:13,Agree,Agree
2020/07/14,WY,1951,1581,370,48,12,22,22,0,1,0,7/15/2020 15:05,Agree,Agree
2020/07/15,WY,1985,1605,380,34,10,22,22,0,0,0,7/16/2020 14:22,Agree,Agree
2020/07/16,WY,2026,1644,382,41,2,24,24,0,2,0,7/17/2020 14:31,Agree,Agree
2020/07/17,WY,2069,1678,391,43,9,24,24,0,0,0,7/18/2020 16:14,Agree,Agree
2020/07/18,WY,2108,1713,395,39,4,24,24,0,0,0,7/19/2020 15:05,Agree,Agree
2020/07/19,WY,2126,1728,398,18,3,24,24,0,0,0,7/20/2020 14:35,Agree,Agree
2020/07/20,WY,2187,1790,397,61,-1,24,24,0,0,0,7/21/2020 14:50,Agree,Agree
2020/07/21,WY,2238,1830,408,51,11,25,25,0,1,0,7/22/2020 14:51,Agree,Agree
2020/07/22,WY,2288,1864,424,50,16,25,25,0,0,0,7/23/2020 14:48,Agree,Agree
2020/07/23,WY,2347,1923,424,59,0,25,25,0,0,0,7/24/2020 14:18,Agree,Agree
2020/07/24,WY,2405,1972,433,58,9,25,25,0,0,0,7/25/2020 17:40,Agree,Agree
2020/07/25,WY,2446,2008,438,41,5,25,25,0,0,0,7/26/2020 15:17,Agree,Agree
2020/07/26,WY,2475,2029,446,29,8,25,25,0,0,0,7/27/2020 14:16,Agree,Agree
2020/07/27,WY,2520,2072,448,45,2,25,25,0,0,0,7/28/2020 14:21,Agree,Agree
2020/07/28,WY,2589,2136,453,69,5,26,26,0,1,0,7/29/2020 14:34,Agree,Agree
2020/07/29,WY,2628,2172,456,39,3,26,26,0,0,0,7/30/2020 14:42,Agree,Agree
2020/07/30,WY,2686,2217,469,58,13,26,26,0,0,0,7/31/2020 14:35,Agree,Agree
2020/07/31,WY,2726,2254,472,40,3,26,26,0,0,0,8/1/2020 14:38,Agree,Agree
2020/08/01,WY,2769,2297,472,43,0,26,26,0,0,0,8/2/2020 14:54,Agree,Agree
2020/08/02,WY,2808,2333,475,39,3,26,26,0,0,0,8/3/2020 14:31,Agree,Agree
2020/08/03,WY,2848,2364,484,40,9,27,27,0,1,0,8/4/2020 14:09,Agree,Agree
2020/08/04,WY,2884,2392,492,36,8,27,27,0,0,0,8/5/2020 14:13,Agree,Agree
2020/08/05,WY,2923,2424,499,39,7,27,27,0,0,0,8/6/2020 14:12,Agree,Agree
2020/08/06,WY,2958,2449,509,35,10,27,27,0,0,0,8/7/2020 23:57,Agree,Agree
2020/08/07,WY,3000,2490,510,42,1,28,28,0,1,0,8/8/2020 14:58,Agree,Agree
2020/08/08,WY,3013,2498,515,13,5,28,28,0,0,0,8/9/2020 14:03,Agree,Agree
2020/08/09,WY,3050,2533,517,37,2,28,28,0,0,0,8/10/2020 14:23,Agree,Agree
2020/08/10,WY,3042,2565,477,-8,-40,28,28,0,0,0,8/11/2020 14:16,Agree,Agree
2020/08/11,WY,3073,2584,489,31,12,29,29,0,1,0,8/12/2020 13:50,Agree,Agree
2020/08/12,WY,3086,2600,486,13,-3,29,29,0,0,0,8/13/2020 14:12,Agree,Agree
2020/08/13,WY,3119,2627,492,33,6,30,30,0,1,0,8/14/2020 14:30,Agree,Agree
2020/08/14,WY,3183,2694,489,64,-3,30,30,0,0,0,8/15/2020 14:02,Agree,Agree
2020/08/15,WY,3227,2730,497,44,8,30,30,0,0,0,8/16/2020 14:57,Agree,Agree
2020/08/16,WY,3286,2789,497,59,0,30,30,0,0,0,8/17/2020 14:26,Agree,Agree
2020/08/17,WY,3331,2829,502,45,5,33,33,0,3,0,8/18/2020 14:26,Agree,Agree
2020/08/18,WY,3363,2850,513,32,11,34,34,0,1,0,8/19/2020 14:23,Agree,Agree
2020/08/19,WY,3430,2909,521,67,8,34,34,0,0,0,8/20/2020 15:11,Agree,Agree
2020/08/20,WY,3468,2940,528,38,7,34,34,0,0,0,8/21/2020 14:27,Agree,Agree
2020/08/21,WY,3524,2994,530,56,2,37,37,0,3,0,8/22/2020 14:21,Agree,Agree
2020/08/22,WY,3543,3009,534,19,4,37,37,0,0,0,8/23/2020 14:15,Agree,Agree
2020/08/23,WY,3579,3046,533,36,-1,37,37,0,0,0,8/24/2020 13:54,Agree,Agree
2020/08/24,WY,3603,3068,535,24,2,37,37,0,0,0,8/25/2020 14:02,Agree,Agree
2020/08/25,WY,3634,3089,545,31,10,37,37,0,0,0,8/26/2020 13:51,Agree,Agree
2020/08/26,WY,3684,3135,549,50,4,37,37,0,0,0,8/27/2020 13:42,Agree,Agree
2020/08/27,WY,3722,3166,556,38,7,37,37,0,0,0,8/28/2020 13:43,Agree,Agree
2020/08/28,WY,3763,3196,567,41,11,37,37,0,0,0,8/29/2020 13:42,Agree,Agree
2020/08/29,WY,3784,3210,574,21,7,37,37,0,0,0,8/30/2020 14:49,Agree,Agree
2020/08/30,WY,3820,3245,575,36,1,37,37,0,0,0,8/31/2020 14:05,Agree,Agree
2020/08/31,WY,3842,3264,578,22,3,37,37,0,0,0,9/1/2020 14:09,Agree,Agree
2020/09/01,WY,3866,3282,584,24,6,41,41,0,4,0,9/2/2020 13:49,Agree,Agree
2020/09/02,WY,3911,3311,600,45,16,41,41,0,0,0,9/3/2020 14:18,Agree,Agree
2020/09/03,WY,3939,3334,605,28,5,41,41,0,0,0,9/4/2020 13:36,Agree,Agree
2020/09/04,WY,3989,3373,616,50,11,42,42,0,1,0,9/5/2020 14:09,Agree,Agree
2020/09/05,WY,4006,3386,620,17,4,42,42,0,0,0,9/6/2020 14:09,Agree,Agree
2020/09/06,WY,4032,3425,607,26,-13,42,42,0,0,0,9/7/2020 13:37,Agree,Agree
2020/09/07,WY,4032,3425,607,0,0,42,42,0,0,0,9/8/2020 14:47,Agree,Agree
2020/09/08,WY,4103,3483,620,71,13,42,42,0,0,0,9/9/2020 13:47,Agree,Agree
2020/09/09,WY,4151,3520,631,48,11,42,42,0,0,0,9/10/2020 14:02,Agree,Agree
2020/09/10,WY,4200,3559,641,49,10,42,42,0,0,0,9/11/2020 13:51,Agree,Agree
2020/09/11,WY,4264,3605,659,64,18,42,42,0,0,0,9/12/2020 14:12,Agree,Agree
2020/09/12,WY,4297,3635,662,33,3,42,42,0,0,0,9/13/2020 16:17,Agree,Agree
2020/09/13,WY,4346,3679,667,49,5,42,42,0,0,0,9/14/2020 14:01,Agree,Agree
2020/09/14,WY,4392,3723,669,46,2,46,46,0,4,0,9/15/2020 14:03,Agree,Agree
2020/09/15,WY,4438,3762,676,46,7,46,46,0,0,0,9/16/2020 13:53,Agree,Agree
2020/09/16,WY,4566,3866,700,128,24,46,46,0,0,0,9/17/2020 13:45,Agree,Agree
2020/09/17,WY,4652,3936,716,86,16,49,49,0,3,0,9/18/2020 13:48,Agree,Agree
2020/09/18,WY,4747,4009,738,95,22,49,49,0,0,0,9/19/2020 14:00,Agree,Agree
2020/09/19,WY,4780,4039,741,33,3,49,49,0,0,0,9/20/2020 13:53,Agree,Agree
2020/09/20,WY,4871,4124,747,91,6,49,49,0,0,0,9/21/2020 13:47,Agree,Agree
2020/09/21,WY,4944,4189,755,73,8,49,49,0,0,0,9/22/2020 13:51,Agree,Agree
2020/09/22,WY,5016,4231,785,72,30,49,49,0,0,0,9/23/2020 13:51,Agree,Agree
2020/09/23,WY,5169,4368,801,153,16,50,50,0,1,0,9/24/2020 13:54,Agree,Agree
2020/09/24,WY,5305,4488,817,136,16,50,50,0,0,0,9/25/2020 13:54,Agree,Agree
2020/09/25,WY,5420,4585,835,115,18,50,50,0,0,0,9/26/2020 13:46,Agree,Agree
2020/01/22,ND,0,,,0,,0,,,0,,3/26/2020 16:22,Not agree,Not agree
2020/01/23,ND,0,,,0,,0,,,0,,3/26/2020 16:22,Not agree,Not agree
2020/01/24,ND,0,,,0,,0,,,0,,3/26/2020 16:22,Not agree,Not agree
2020/01/25,ND,0,,,0,,0,,,0,,3/26/2020 16:22,Not agree,Not agree
2020/01/26,ND,0,,,0,,0,,,0,,3/26/2020 16:22,Not agree,Not agree
2020/01/27,ND,0,,,0,,0,,,0,,3/26/2020 16:22,Not agree,Not agree
2020/01/28,ND,0,,,0,,0,,,0,,3/26/2020 16:22,Not agree,Not agree
2020/01/29,ND,0,,,0,,0,,,0,,3/26/2020 16:22,Not agree,Not agree
2020/01/30,ND,0,,,0,,0,,,0,,3/26/2020 16:22,Not agree,Not agree
2020/01/31,ND,0,,,0,,0,,,0,,3/26/2020 16:22,Not agree,Not agree
2020/02/01,ND,0,,,0,,0,,,0,,3/26/2020 16:22,Not agree,Not agree
2020/02/02,ND,0,,,0,,0,,,0,,3/26/2020 16:22,Not agree,Not agree
2020/02/03,ND,0,,,0,,0,,,0,,3/26/2020 16:22,Not agree,Not agree
2020/02/04,ND,0,,,0,,0,,,0,,3/26/2020 16:22,Not agree,Not agree
2020/02/05,ND,0,,,0,,0,,,0,,3/26/2020 16:22,Not agree,Not agree
2020/02/06,ND,0,,,0,,0,,,0,,3/26/2020 16:22,Not agree,Not agree
2020/02/07,ND,0,,,0,,0,,,0,,3/26/2020 16:22,Not agree,Not agree
2020/02/08,ND,0,,,0,,0,,,0,,3/26/2020 16:22,Not agree,Not agree
2020/02/09,ND,0,,,0,,0,,,0,,3/26/2020 16:22,Not agree,Not agree
2020/02/10,ND,0,,,0,,0,,,0,,3/26/2020 16:22,Not agree,Not agree
2020/02/11,ND,0,,,0,,0,,,0,,3/26/2020 16:22,Not agree,Not agree
2020/02/12,ND,0,,,0,,0,,,0,,3/26/2020 16:22,Not agree,Not agree
2020/02/13,ND,0,,,0,,0,,,0,,3/26/2020 16:22,Not agree,Not agree
2020/02/14,ND,0,,,0,,0,,,0,,3/26/2020 16:22,Not agree,Not agree
2020/02/15,ND,0,,,0,,0,,,0,,3/26/2020 16:22,Not agree,Not agree
2020/02/16,ND,0,,,0,,0,,,0,,3/26/2020 16:22,Not agree,Not agree
2020/02/17,ND,0,,,0,,0,,,0,,3/26/2020 16:22,Not agree,Not agree
2020/02/18,ND,0,,,0,,0,,,0,,3/26/2020 16:22,Not agree,Not agree
2020/02/19,ND,0,,,0,,0,,,0,,3/26/2020 16:22,Not agree,Not agree
2020/02/20,ND,0,,,0,,0,,,0,,3/26/2020 16:22,Not agree,Not agree
2020/02/21,ND,0,,,0,,0,,,0,,3/26/2020 16:22,Not agree,Not agree
2020/02/22,ND,0,,,0,,0,,,0,,3/26/2020 16:22,Not agree,Not agree
2020/02/23,ND,0,,,0,,0,,,0,,3/26/2020 16:22,Not agree,Not agree
2020/02/24,ND,0,,,0,,0,,,0,,3/26/2020 16:22,Not agree,Not agree
2020/02/25,ND,0,,,0,,0,,,0,,3/26/2020 16:22,Not agree,Not agree
2020/02/26,ND,0,,,0,,0,,,0,,3/26/2020 16:22,Not agree,Not agree
2020/02/27,ND,0,,,0,,0,,,0,,3/26/2020 16:22,Not agree,Not agree
2020/02/28,ND,0,,,0,,0,,,0,,3/26/2020 16:22,Not agree,Not agree
2020/02/29,ND,0,,,0,,0,,,0,,3/26/2020 16:22,Not agree,Not agree
2020/03/01,ND,0,,,0,,0,,,0,,3/26/2020 16:22,Not agree,Not agree
2020/03/02,ND,0,,,0,,0,,,0,,3/26/2020 16:22,Not agree,Not agree
2020/03/03,ND,0,,,0,,0,,,0,,3/26/2020 16:22,Not agree,Not agree
2020/03/04,ND,0,,,0,,0,,,0,,3/26/2020 16:22,Not agree,Not agree
2020/03/05,ND,0,,,0,,0,,,0,,3/26/2020 16:22,Not agree,Not agree
2020/03/06,ND,0,,,0,,0,,,0,,3/26/2020 16:22,Not agree,Not agree
2020/03/07,ND,0,,,0,,0,,,0,,3/26/2020 16:22,Not agree,Not agree
2020/03/08,ND,0,,,0,,0,,,0,,3/26/2020 16:22,Not agree,Not agree
2020/03/09,ND,0,,,0,,0,,,0,,3/26/2020 16:22,Not agree,Not agree
2020/03/10,ND,0,,,0,,0,,,0,,3/26/2020 16:22,Not agree,Not agree
2020/03/11,ND,0,,,0,,0,,,0,,3/26/2020 16:22,Not agree,Not agree
2020/03/12,ND,1,,,1,,0,,,0,,3/26/2020 16:22,Not agree,Not agree
2020/03/13,ND,1,,,0,,0,,,0,,3/26/2020 16:22,Not agree,Not agree
2020/03/14,ND,1,,,0,,0,,,0,,3/26/2020 16:22,Not agree,Not agree
2020/03/15,ND,1,,,0,,0,,,0,,3/26/2020 16:22,Not agree,Not agree
2020/03/16,ND,1,,,0,,0,,,0,,3/26/2020 16:22,Not agree,Not agree
2020/03/17,ND,5,,,4,,0,,,0,,3/26/2020 16:22,Not agree,Not agree
2020/03/18,ND,7,,,2,,0,,,0,,3/26/2020 16:22,Not agree,Not agree
2020/03/19,ND,19,,,12,,0,,,0,,3/26/2020 16:22,Not agree,Not agree
2020/03/20,ND,26,,,7,,0,,,0,,3/26/2020 16:22,Not agree,Not agree
2020/03/21,ND,28,,,2,,0,,,0,,3/26/2020 16:22,Not agree,Not agree
2020/03/22,ND,30,,,2,,0,,,0,,3/26/2020 16:22,Not agree,Not agree
2020/03/23,ND,32,,,2,,0,,,0,,3/26/2020 16:22,Not agree,Not agree
2020/03/24,ND,37,,,5,,0,,,0,,3/26/2020 16:22,Not agree,Not agree
2020/03/25,ND,45,,,8,,0,,,0,,3/26/2020 16:22,Not agree,Not agree
2020/03/26,ND,58,,,13,,0,,,0,,3/26/2020 16:22,Not agree,Not agree
2020/03/27,ND,68,,,10,,1,,,1,,3/26/2020 16:22,Not agree,Not agree
2020/03/28,ND,94,,,26,,1,,,0,,3/28/2020 16:22,Not agree,Not agree
2020/03/29,ND,98,,,4,,1,,,0,,3/28/2020 16:22,Not agree,Not agree
2020/03/30,ND,109,,,11,,3,,,2,,3/29/2020 16:22,Not agree,Not agree
2020/03/31,ND,126,,,17,,3,,,0,,3/30/2020 16:22,Not agree,Not agree
2020/04/01,ND,147,,,21,,3,,,0,,3/31/2020 16:22,Not agree,Not agree
2020/04/02,ND,159,,,12,,3,,,0,,4/1/2020 16:22,Not agree,Not agree
2020/04/03,ND,173,,,14,,3,,,0,,4/3/2020 16:22,Not agree,Not agree
2020/04/04,ND,186,,,13,,3,,,0,,4/3/2020 16:22,Not agree,Not agree
2020/04/05,ND,207,,,21,,3,,,0,,4/4/2020 16:22,Not agree,Not agree
2020/04/06,ND,225,,,18,,3,,,0,,4/5/2020 16:22,Not agree,Not agree
2020/04/07,ND,237,,,12,,4,,,1,,4/7/2020 16:22,Not agree,Not agree
2020/04/08,ND,251,,,14,,4,,,0,,4/7/2020 16:22,Not agree,Not agree
2020/04/09,ND,269,,,18,,5,,,1,,4/8/2020 16:22,Not agree,Not agree
2020/04/10,ND,278,,,9,,6,,,1,,4/9/2020 16:22,Not agree,Not agree
2020/04/11,ND,293,,,15,,7,,,1,,4/10/2020 16:22,Not agree,Not agree
2020/04/12,ND,308,,,15,,8,,,1,,4/11/2020 16:22,Not agree,Not agree
2020/04/13,ND,331,,,23,,8,,,0,,4/12/2020 16:22,Not agree,Not agree
2020/04/14,ND,341,,,10,,9,,,1,,4/13/2020 16:22,Not agree,Not agree
2020/04/15,ND,365,,,24,,9,,,0,,4/15/2020 16:22,Not agree,Not agree
2020/04/16,ND,393,,,28,,9,,,0,,4/16/2020 16:22,Not agree,Not agree
2020/04/17,ND,439,,,46,,9,,,0,,4/17/2020 16:22,Not agree,Not agree
2020/04/18,ND,528,,,89,,9,,,0,,4/18/2020 16:22,Not agree,Not agree
2020/04/19,ND,585,,,57,0,10,,,1,0,4/19/2020 16:22,Not agree,Not agree
2020/04/20,ND,627,,,42,0,13,,,3,0,4/20/2020 16:22,Not agree,Not agree
2020/04/21,ND,644,,,17,0,13,,,0,0,4/21/2020 16:22,Not agree,Not agree
2020/04/22,ND,679,,,35,0,14,,,1,0,4/22/2020 16:22,Not agree,Not agree
2020/04/23,ND,709,,,30,0,15,,,1,0,5/25/2020 15:38,Not agree,Not agree
2020/04/24,ND,748,,,39,0,15,,,0,0,5/25/2020 15:38,Not agree,Not agree
2020/04/25,ND,803,,,55,0,16,,,1,0,5/25/2020 15:38,Not agree,Not agree
2020/04/26,ND,867,,,64,0,17,,,1,0,5/25/2020 15:38,Not agree,Not agree
2020/04/27,ND,942,,,75,0,19,,,2,0,5/25/2020 15:38,Not agree,Not agree
2020/04/28,ND,991,,,49,0,19,,,0,0,4/29/2020 18:12,Not agree,Not agree
2020/04/29,ND,1033,,,42,0,19,,,0,0,4/30/2020 16:07,Not agree,Not agree
2020/04/30,ND,1067,,,34,0,19,,,0,0,5/1/2020 21:00,Not agree,Not agree
2020/05/01,ND,1107,,,40,0,23,,,4,0,5/2/2020 15:47,Not agree,Not agree
2020/05/02,ND,1153,,,46,0,24,,,1,0,5/3/2020 15:36,Not agree,Not agree
2020/05/03,ND,1191,,,38,0,25,,,1,0,5/4/2020 22:49,Not agree,Not agree
2020/05/04,ND,1225,,,34,0,25,,,0,0,5/5/2020 17:25,Not agree,Not agree
2020/05/05,ND,1266,,,41,0,25,,,0,0,5/6/2020 16:23,Not agree,Not agree
2020/05/06,ND,1323,,,57,0,31,,,6,0,5/7/2020 22:59,Not agree,Not agree
2020/05/07,ND,1371,,,48,0,31,,,0,0,5/8/2020 21:26,Not agree,Not agree
2020/05/08,ND,1425,,,54,0,33,,,2,0,5/9/2020 21:26,Not agree,Not agree
2020/05/09,ND,1464,,,39,0,35,,,2,0,5/10/2020 21:26,Not agree,Not agree
2020/05/10,ND,1491,,,27,0,35,,,0,0,5/11/2020 21:26,Not agree,Not agree
2020/05/11,ND,1518,,,27,0,36,,,1,0,5/12/2020 17:26,Not agree,Not agree
2020/05/12,ND,1571,,,53,0,38,,,2,0,5/13/2020 15:26,Not agree,Not agree
2020/05/13,ND,1647,,,76,0,40,,,2,0,5/14/2020 17:25,Not agree,Not agree
2020/05/14,ND,1712,,,65,0,40,,,0,0,5/15/2020 16:11,Not agree,Not agree
2020/05/15,ND,1761,,,49,0,42,,,2,0,5/16/2020 15:46,Not agree,Not agree
2020/05/16,ND,1848,,,87,0,42,,,0,0,5/17/2020 15:27,Not agree,Not agree
2020/05/17,ND,1900,,,52,0,43,,,1,0,5/18/2020 16:01,Not agree,Not agree
2020/05/18,ND,1931,,,31,0,44,,,1,0,5/19/2020 15:45,Not agree,Not agree
2020/05/19,ND,1994,,,63,0,45,,,1,0,5/20/2020 15:28,Not agree,Not agree
2020/05/20,ND,2095,,,101,0,49,,,4,0,5/21/2020 15:41,Not agree,Not agree
2020/05/21,ND,2229,,,134,0,51,,,2,0,5/22/2020 15:31,Not agree,Not agree
2020/05/22,ND,2317,,,88,0,52,,,1,0,5/23/2020 17:58,Not agree,Not agree
2020/05/23,ND,2365,,,48,0,52,,,0,0,5/24/2020 14:15,Not agree,Not agree
2020/05/24,ND,2418,,,53,0,53,,,1,0,5/25/2020 14:12,Not agree,Not agree
2020/05/25,ND,2457,,,39,0,54,,,1,0,5/26/2020 14:23,Not agree,Not agree
2020/05/26,ND,2422,,,-35,0,54,,,0,0,5/27/2020 15:37,Not agree,Not agree
2020/05/27,ND,2439,,,17,0,56,,,2,0,5/28/2020 15:12,Not agree,Not agree
2020/05/28,ND,2481,,,42,0,57,,,1,0,5/29/2020 14:19,Not agree,Not agree
2020/05/29,ND,2520,,,39,0,59,,,2,0,5/30/2020 15:47,Not agree,Not agree
2020/05/30,ND,2554,,,34,0,60,,,1,0,5/31/2020 14:43,Not agree,Not agree
2020/05/31,ND,2577,,,23,0,61,,,1,0,6/1/2020 14:17,Not agree,Not agree
2020/06/01,ND,2625,,,48,0,61,,,0,0,6/2/2020 14:16,Not agree,Not agree
2020/06/02,ND,2646,,,21,0,65,,,4,0,6/3/2020 14:11,Not agree,Not agree
2020/06/03,ND,2679,,,33,0,66,,,1,0,6/4/2020 15:03,Not agree,Not agree
2020/06/04,ND,2706,,,27,0,66,,,0,0,6/5/2020 15:17,Not agree,Not agree
2020/06/05,ND,2745,,,39,0,71,,,5,0,6/6/2020 14:31,Not agree,Not agree
2020/06/06,ND,2816,,,71,0,72,,,1,0,6/7/2020 14:23,Not agree,Not agree
2020/06/07,ND,2861,,,45,0,72,,,0,0,6/8/2020 14:55,Not agree,Not agree
2020/06/08,ND,2880,,,19,0,72,,,0,0,6/9/2020 16:49,Not agree,Not agree
2020/06/09,ND,2901,,,21,0,72,,,0,0,6/10/2020 20:56,Not agree,Not agree
2020/06/10,ND,2941,,,40,0,73,,,1,0,6/11/2020 14:48,Not agree,Not agree
2020/06/11,ND,2980,,,39,0,74,,,1,0,6/12/2020 14:17,Not agree,Not agree
2020/06/12,ND,3016,,,36,0,74,,,0,0,6/13/2020 17:46,Not agree,Not agree
2020/06/13,ND,3058,,,42,0,74,,,0,0,6/14/2020 14:19,Not agree,Not agree
2020/06/14,ND,3080,,,22,0,74,,,0,0,6/15/2020 14:33,Not agree,Not agree
2020/06/15,ND,3101,,,21,0,77,,,3,3,6/16/2020 14:10,Not agree,Not agree
2020/06/16,ND,3124,,,23,0,74,,,-3,-3,6/17/2020 15:06,Not agree,Not agree
2020/06/17,ND,3166,,,42,0,74,,,0,0,6/18/2020 17:16,Not agree,Not agree
2020/06/18,ND,3193,,,27,0,75,,,1,0,6/19/2020 15:01,Not agree,Not agree
2020/06/19,ND,3226,,,33,0,76,,,1,0,6/20/2020 14:15,Not agree,Not agree
2020/06/20,ND,3251,,,25,0,76,,,0,0,6/21/2020 14:32,Not agree,Not agree
2020/06/21,ND,3288,,,37,0,77,,,1,0,6/22/2020 15:24,Not agree,Not agree
2020/06/22,ND,3313,,,25,0,77,,,0,0,6/23/2020 14:28,Not agree,Not agree
2020/06/23,ND,3320,,,7,0,78,,,1,0,6/24/2020 15:03,Not agree,Not agree
2020/06/24,ND,3362,,,42,0,78,,,0,0,6/25/2020 14:07,Not agree,Not agree
2020/06/25,ND,3393,,,31,0,78,,,0,0,6/26/2020 19:18,Not agree,Not agree
2020/06/26,ND,3421,,,28,0,87,,,9,9,6/27/2020 17:51,Not agree,Not agree
2020/06/27,ND,3458,,,37,0,78,,,-9,-9,6/28/2020 14:59,Not agree,Not agree
2020/06/28,ND,3495,,,37,0,79,,,1,0,6/29/2020 14:37,Not agree,Not agree
2020/06/29,ND,3539,,,44,0,79,,,0,0,6/30/2020 15:27,Not agree,Not agree
2020/06/30,ND,3576,,,37,0,79,,,0,0,7/1/2020 15:45,Not agree,Not agree
2020/07/01,ND,3615,,,39,0,80,,,1,0,7/2/2020 15:10,Not agree,Not agree
2020/07/02,ND,3657,,,42,0,80,,,0,0,7/3/2020 15:01,Not agree,Not agree
2020/07/03,ND,3722,,,65,0,89,,,9,9,7/4/2020 15:30,Not agree,Not agree
2020/07/04,ND,3779,,,57,0,80,,,-9,-9,7/5/2020 15:00,Not agree,Not agree
2020/07/05,ND,3816,,,37,0,80,,,0,0,7/6/2020 15:16,Not agree,Not agree
2020/07/06,ND,3849,,,33,0,80,,,0,0,7/7/2020 14:58,Not agree,Not agree
2020/07/07,ND,3898,,,49,0,84,,,4,0,7/8/2020 14:12,Not agree,Not agree
2020/07/08,ND,3971,,,73,0,89,,,5,4,7/9/2020 15:14,Not agree,Not agree
2020/07/09,ND,4070,,,99,0,85,,,-4,-4,7/10/2020 15:35,Not agree,Not agree
2020/07/10,ND,4154,,,84,0,85,,,0,0,7/11/2020 18:25,Not agree,Not agree
2020/07/11,ND,4243,,,89,0,87,,,2,0,7/12/2020 15:13,Not agree,Not agree
2020/07/12,ND,4334,,,91,0,87,,,0,0,7/13/2020 15:19,Not agree,Not agree
2020/07/13,ND,4442,,,108,0,87,,,0,0,7/14/2020 15:13,Not agree,Not agree
2020/07/14,ND,4565,,,123,0,88,,,1,0,7/15/2020 15:05,Not agree,Not agree
2020/07/15,ND,4668,,,103,0,89,,,1,0,7/16/2020 14:22,Not agree,Not agree
2020/07/16,ND,4792,,,124,0,89,,,0,0,7/17/2020 14:31,Not agree,Not agree
2020/07/17,ND,4907,,,115,0,90,,,1,0,7/18/2020 16:14,Not agree,Not agree
2020/07/18,ND,5019,,,112,0,92,,,2,0,7/19/2020 15:05,Not agree,Not agree
2020/07/19,ND,5126,,,107,0,93,,,1,0,7/20/2020 14:35,Not agree,Not agree
2020/07/20,ND,5207,,,81,0,94,,,1,0,7/21/2020 14:50,Not agree,Not agree
2020/07/21,ND,5367,,,160,0,96,,,2,0,7/22/2020 14:51,Not agree,Not agree
2020/07/22,ND,5493,,,126,0,97,,,1,0,7/23/2020 14:48,Not agree,Not agree
2020/07/23,ND,5614,,,121,0,99,,,2,0,7/24/2020 14:18,Not agree,Not agree
2020/07/24,ND,5736,,,122,0,99,,,0,0,7/25/2020 17:40,Not agree,Not agree
2020/07/25,ND,5876,,,140,0,99,,,0,0,7/26/2020 15:17,Not agree,Not agree
2020/07/26,ND,5986,,,110,0,99,,,0,0,7/27/2020 14:16,Not agree,Not agree
2020/07/27,ND,6141,,,155,0,100,,,1,0,7/28/2020 14:21,Not agree,Not agree
2020/07/28,ND,6227,,,86,0,102,,,2,0,7/29/2020 14:34,Not agree,Not agree
2020/07/29,ND,6301,,,74,0,103,,,1,0,7/30/2020 14:42,Not agree,Not agree
2020/07/30,ND,6469,,,168,0,103,,,0,0,7/31/2020 14:35,Not agree,Not agree
2020/07/31,ND,6602,,,133,0,103,,,0,0,8/1/2020 14:38,Not agree,Not agree
2020/08/01,ND,6660,,,58,0,105,,,2,0,8/2/2020 14:54,Not agree,Not agree
2020/08/02,ND,6785,,,125,0,105,,,0,0,8/3/2020 14:31,Not agree,Not agree
2020/08/03,ND,6933,,,148,0,107,,,2,0,8/4/2020 14:09,Not agree,Not agree
2020/08/04,ND,7057,,,124,0,108,,,1,0,8/5/2020 14:13,Not agree,Not agree
2020/08/05,ND,7177,,,120,0,109,,,1,0,8/6/2020 14:12,Not agree,Not agree
2020/08/06,ND,7327,,,150,0,110,,,1,0,8/7/2020 23:57,Not agree,Not agree
2020/08/07,ND,7508,,,181,0,112,,,2,0,8/8/2020 14:58,Not agree,Not agree
2020/08/08,ND,7596,,,88,0,112,,,0,0,8/9/2020 14:03,Not agree,Not agree
2020/08/09,ND,7713,,,117,0,113,,,1,0,8/10/2020 14:23,Not agree,Not agree
2020/08/10,ND,7885,,,172,0,118,,,5,0,8/11/2020 14:16,Not agree,Not agree
2020/08/11,ND,7970,,,85,0,120,,,2,0,8/12/2020 13:50,Not agree,Not agree
2020/08/12,ND,8171,,,201,0,120,,,0,0,8/13/2020 14:12,Not agree,Not agree
2020/08/13,ND,8322,,,151,0,121,,,1,0,8/14/2020 14:30,Not agree,Not agree
2020/08/14,ND,8444,,,122,0,121,,,0,0,8/15/2020 14:02,Not agree,Not agree
2020/08/15,ND,8587,,,143,0,125,,,4,0,8/16/2020 14:57,Not agree,Not agree
2020/08/16,ND,8647,,,60,0,126,,,1,0,8/17/2020 14:26,Not agree,Not agree
2020/08/17,ND,8782,,,135,0,128,,,2,0,8/18/2020 14:26,Not agree,Not agree
2020/08/18,ND,8968,,,186,0,130,,,2,0,8/19/2020 14:23,Not agree,Not agree
2020/08/19,ND,9242,,,274,0,130,,,0,0,8/20/2020 15:11,Not agree,Not agree
2020/08/20,ND,9474,,,232,0,132,,,2,0,8/21/2020 14:27,Not agree,Not agree
2020/08/21,ND,9736,,,262,0,135,,,3,0,8/22/2020 14:21,Not agree,Not agree
2020/08/22,ND,9876,,,140,0,136,,,1,0,8/23/2020 14:15,Not agree,Not agree
2020/08/23,ND,10000,,,124,0,137,,,1,0,8/24/2020 13:54,Not agree,Not agree
2020/08/24,ND,10229,,,229,0,138,,,1,0,8/25/2020 14:02,Not agree,Not agree
2020/08/25,ND,10467,,,238,0,138,,,0,0,8/26/2020 13:51,Not agree,Not agree
2020/08/26,ND,10800,,,333,0,139,,,1,0,8/27/2020 13:42,Not agree,Not agree
2020/08/27,ND,11110,,,310,0,139,,,0,0,8/28/2020 13:43,Not agree,Not agree
2020/08/28,ND,11484,,,374,0,141,,,2,0,8/29/2020 13:42,Not agree,Not agree
2020/08/29,ND,11484,,,0,0,141,,,0,0,8/30/2020 14:49,Not agree,Not agree
2020/08/30,ND,11816,,,332,0,143,,,2,0,8/31/2020 14:05,Not agree,Not agree
2020/08/31,ND,12000,,,184,0,145,,,2,0,9/1/2020 14:09,Not agree,Not agree
2020/09/01,ND,12267,,,267,0,148,,,3,0,9/2/2020 13:49,Not agree,Not agree
2020/09/02,ND,12629,,,362,0,150,,,2,0,9/3/2020 14:18,Not agree,Not agree
2020/09/03,ND,12973,,,344,0,150,,,0,0,9/4/2020 13:36,Not agree,Not agree
2020/09/04,ND,13334,,,361,0,155,,,5,0,9/5/2020 14:09,Not agree,Not agree
2020/09/05,ND,13631,,,297,0,156,,,1,0,9/6/2020 14:09,Not agree,Not agree
2020/09/06,ND,13801,,,170,0,156,,,0,0,9/7/2020 13:37,Not agree,Not agree
2020/09/07,ND,13872,,,71,0,156,,,0,0,9/8/2020 14:47,Not agree,Not agree
2020/09/08,ND,14110,,,238,0,157,,,1,0,9/9/2020 13:47,Not agree,Not agree
2020/09/09,ND,14443,,,333,0,160,,,3,0,9/10/2020 14:02,Not agree,Not agree
2020/09/10,ND,14684,,,241,0,164,,,4,0,9/11/2020 13:51,Not agree,Not agree
2020/09/11,ND,15151,,,467,0,167,,,3,0,9/12/2020 14:12,Not agree,Not agree
2020/09/12,ND,15577,,,426,0,168,,,1,0,9/13/2020 16:17,Not agree,Not agree
2020/09/13,ND,15831,,,254,0,170,,,2,0,9/14/2020 14:01,Not agree,Not agree
2020/09/14,ND,16064,,,233,0,172,,,2,0,9/15/2020 14:03,Not agree,Not agree
2020/09/15,ND,16333,,,269,0,177,,,5,0,9/16/2020 13:53,Not agree,Not agree
2020/09/16,ND,16333,,,0,0,184,,,7,0,9/17/2020 13:45,Not agree,Not agree
2020/09/17,ND,17230,,,897,0,184,,,0,0,9/18/2020 13:48,Not agree,Not agree
2020/09/18,ND,17607,,,377,0,192,,,8,0,9/19/2020 14:00,Not agree,Not agree
2020/09/19,ND,17958,,,351,0,192,,,0,0,9/20/2020 13:53,Not agree,Not agree
2020/09/20,ND,18244,,,286,0,193,,,1,0,9/21/2020 13:47,Not agree,Not agree
2020/09/21,ND,18508,,,264,0,196,,,3,0,9/22/2020 13:51,Not agree,Not agree
2020/09/22,ND,18981,,,473,0,203,,,7,0,9/23/2020 13:51,Not agree,Not agree
2020/09/23,ND,19451,,,470,0,211,,,8,0,9/24/2020 13:54,Not agree,Not agree
2020/09/24,ND,19885,,,434,0,219,,,8,0,9/25/2020 13:54,Not agree,Not agree
2020/09/25,ND,20380,,,495,0,227,,,8,0,9/26/2020 13:46,Not agree,Not agree
2020/01/22,WA,1,,,1,,0,,,0,,3/26/2020 16:22,N/A,N/A
2020/01/23,WA,1,,,0,,0,,,0,,3/26/2020 16:22,N/A,N/A
2020/01/24,WA,1,,,0,,0,,,0,,3/26/2020 16:22,N/A,N/A
2020/01/25,WA,1,,,0,,0,,,0,,3/26/2020 16:22,N/A,N/A
2020/01/26,WA,1,,,0,,0,,,0,,3/26/2020 16:22,N/A,N/A
2020/01/27,WA,1,,,0,,0,,,0,,3/26/2020 16:22,N/A,N/A
2020/01/28,WA,1,,,0,,0,,,0,,3/26/2020 16:22,N/A,N/A
2020/01/29,WA,1,,,0,,0,,,0,,3/26/2020 16:22,N/A,N/A
2020/01/30,WA,1,,,0,,0,,,0,,3/26/2020 16:22,N/A,N/A
2020/01/31,WA,1,,,0,,0,,,0,,3/26/2020 16:22,N/A,N/A
2020/02/01,WA,1,,,0,,0,,,0,,3/26/2020 16:22,N/A,N/A
2020/02/02,WA,1,,,0,,0,,,0,,3/26/2020 16:22,N/A,N/A
2020/02/03,WA,1,,,0,,0,,,0,,3/26/2020 16:22,N/A,N/A
2020/02/04,WA,1,,,0,,0,,,0,,3/26/2020 16:22,N/A,N/A
2020/02/05,WA,1,,,0,,0,,,0,,3/26/2020 16:22,N/A,N/A
2020/02/06,WA,1,,,0,,0,,,0,,3/26/2020 16:22,N/A,N/A
2020/02/07,WA,1,,,0,,0,,,0,,3/26/2020 16:22,N/A,N/A
2020/02/08,WA,1,,,0,,0,,,0,,3/26/2020 16:22,N/A,N/A
2020/02/09,WA,1,,,0,,0,,,0,,3/26/2020 16:22,N/A,N/A
2020/02/10,WA,1,,,0,,0,,,0,,3/26/2020 16:22,N/A,N/A
2020/02/11,WA,1,,,0,,0,,,0,,3/26/2020 16:22,N/A,N/A
2020/02/12,WA,1,,,0,,0,,,0,,3/26/2020 16:22,N/A,N/A
2020/02/13,WA,1,,,0,,0,,,0,,3/26/2020 16:22,N/A,N/A
2020/02/14,WA,1,,,0,,0,,,0,,3/26/2020 16:22,N/A,N/A
2020/02/15,WA,1,,,0,,0,,,0,,3/26/2020 16:22,N/A,N/A
2020/02/16,WA,1,,,0,,0,,,0,,3/26/2020 16:22,N/A,N/A
2020/02/17,WA,1,,,0,,0,,,0,,3/26/2020 16:22,N/A,N/A
2020/02/18,WA,1,,,0,,0,,,0,,3/26/2020 16:22,N/A,N/A
2020/02/19,WA,1,,,0,,0,,,0,,3/26/2020 16:22,N/A,N/A
2020/02/20,WA,1,,,0,,0,,,0,,3/26/2020 16:22,N/A,N/A
2020/02/21,WA,1,,,0,,0,,,0,,3/26/2020 16:22,N/A,N/A
2020/02/22,WA,1,,,0,,0,,,0,,3/26/2020 16:22,N/A,N/A
2020/02/23,WA,1,,,0,,0,,,0,,3/26/2020 16:22,N/A,N/A
2020/02/24,WA,1,,,0,,0,,,0,,3/26/2020 16:22,N/A,N/A
2020/02/25,WA,1,,,0,,0,,,0,,3/26/2020 16:22,N/A,N/A
2020/02/26,WA,1,,,0,,0,,,0,,3/26/2020 16:22,N/A,N/A
2020/02/27,WA,1,,,0,,0,,,0,,3/26/2020 16:22,N/A,N/A
2020/02/28,WA,1,,,0,,0,,,0,,3/26/2020 16:22,N/A,N/A
2020/02/29,WA,7,,,6,,1,,,1,,3/26/2020 16:22,N/A,N/A
2020/03/01,WA,11,,,4,,1,,,0,,3/26/2020 16:22,N/A,N/A
2020/03/02,WA,18,,,7,,6,,,5,,3/26/2020 16:22,N/A,N/A
2020/03/03,WA,27,,,9,,9,,,3,,3/26/2020 16:22,N/A,N/A
2020/03/04,WA,39,,,12,,10,,,1,,3/26/2020 16:22,N/A,N/A
2020/03/05,WA,70,,,31,,10,,,0,,3/26/2020 16:22,N/A,N/A
2020/03/06,WA,79,,,9,,11,,,1,,3/26/2020 16:22,N/A,N/A
2020/03/07,WA,102,,,23,,16,,,5,,3/26/2020 16:22,N/A,N/A
2020/03/08,WA,136,,,34,,18,,,2,,3/26/2020 16:22,N/A,N/A
2020/03/09,WA,162,,,26,,21,,,3,,3/26/2020 16:22,N/A,N/A
2020/03/10,WA,267,,,105,,24,,,3,,3/26/2020 16:22,N/A,N/A
2020/03/11,WA,366,,,99,,29,,,5,,3/26/2020 16:22,N/A,N/A
2020/03/12,WA,457,,,91,,31,,,2,,3/26/2020 16:22,N/A,N/A
2020/03/13,WA,568,,,111,,37,,,6,,3/26/2020 16:22,N/A,N/A
2020/03/14,WA,642,,,74,,40,,,3,,3/26/2020 16:22,N/A,N/A
2020/03/15,WA,708,,,66,,42,,,2,,3/26/2020 16:22,N/A,N/A
2020/03/16,WA,769,,,61,,42,,,0,,3/26/2020 16:22,N/A,N/A
2020/03/17,WA,930,,,161,,47,,,5,,3/26/2020 16:22,N/A,N/A
2020/03/18,WA,1187,,,257,,66,,,19,,3/26/2020 16:22,N/A,N/A
2020/03/19,WA,1376,,,189,,74,,,8,,3/26/2020 16:22,N/A,N/A
2020/03/20,WA,1524,,,148,,83,,,9,,3/26/2020 16:22,N/A,N/A
2020/03/21,WA,1793,,,269,,94,,,11,,3/26/2020 16:22,N/A,N/A
2020/03/22,WA,1996,,,203,,95,,,1,,3/26/2020 16:22,N/A,N/A
2020/03/23,WA,2221,,,225,,110,,,15,,3/26/2020 16:22,N/A,N/A
2020/03/24,WA,2469,,,248,,123,,,13,,3/26/2020 16:22,N/A,N/A
2020/03/25,WA,2580,,,111,,132,,,9,,3/26/2020 16:22,N/A,N/A
2020/03/26,WA,3207,,,627,,147,,,15,,3/26/2020 16:22,N/A,N/A
2020/03/27,WA,3723,,,516,,175,,,28,,3/26/2020 16:22,N/A,N/A
2020/03/28,WA,4310,,,587,,189,,,14,,3/28/2020 16:22,N/A,N/A
2020/03/29,WA,4506,,,196,,189,,,0,,3/28/2020 16:22,N/A,N/A
2020/03/30,WA,4896,,,390,,195,,,6,,3/29/2020 16:22,N/A,N/A
2020/03/31,WA,4896,,,0,,195,,,0,,3/30/2020 16:22,N/A,N/A
2020/04/01,WA,5319,,,423,,246,,,51,,3/31/2020 16:22,N/A,N/A
2020/04/02,WA,5683,,,364,,261,,,15,,4/1/2020 16:22,N/A,N/A
2020/04/03,WA,6966,,,1283,,284,,,23,,4/3/2020 16:22,N/A,N/A
2020/04/04,WA,7591,,,625,,310,,,26,,4/3/2020 16:22,N/A,N/A
2020/04/05,WA,6973,,,-618,,337,,,27,,4/4/2020 16:22,N/A,N/A
2020/04/06,WA,7318,,,345,,371,,,34,,4/5/2020 16:22,N/A,N/A
2020/04/07,WA,8682,,,1364,,394,,,23,,4/7/2020 16:22,N/A,N/A
2020/04/08,WA,9097,,,415,,420,,,26,,4/7/2020 16:22,N/A,N/A
2020/04/09,WA,9608,,,511,,445,,,25,,4/8/2020 16:22,N/A,N/A
2020/04/10,WA,9887,,,279,,475,,,30,,4/9/2020 16:22,N/A,N/A
2020/04/11,WA,10224,,,337,,491,,,16,,4/10/2020 16:22,N/A,N/A
2020/04/12,WA,10411,,,187,,508,,,17,,4/11/2020 16:22,N/A,N/A
2020/04/13,WA,10538,,,127,,508,,,0,,4/12/2020 16:22,N/A,N/A
2020/04/14,WA,10694,,,156,,546,,,38,,4/13/2020 16:22,N/A,N/A
2020/04/15,WA,10783,,,89,,567,,,21,,4/15/2020 16:22,N/A,N/A
2020/04/16,WA,11152,,,369,,583,,,16,,4/16/2020 16:22,N/A,N/A
2020/04/17,WA,11445,,,293,,603,,,20,,4/17/2020 16:22,N/A,N/A
2020/04/18,WA,11802,,,357,,624,,,21,,4/18/2020 16:22,N/A,N/A
2020/04/19,WA,11790,,,-12,0,635,,,11,0,4/19/2020 16:22,N/A,N/A
2020/04/20,WA,12085,,,295,0,652,,,17,0,4/20/2020 16:22,N/A,N/A
2020/04/21,WA,12282,,,197,0,682,,,30,0,4/21/2020 16:22,N/A,N/A
2020/04/22,WA,12494,,,212,0,692,,,10,0,4/22/2020 16:22,N/A,N/A
2020/04/23,WA,12753,,,259,0,711,,,19,0,5/25/2020 15:38,N/A,N/A
2020/04/24,WA,12977,,,224,0,723,,,12,0,5/25/2020 15:38,N/A,N/A
2020/04/25,WA,13319,,,342,0,738,,,15,0,5/25/2020 15:38,N/A,N/A
2020/04/26,WA,13521,,,202,0,749,,,11,0,5/25/2020 15:38,N/A,N/A
2020/04/27,WA,13686,,,165,0,765,,,16,0,5/25/2020 15:38,N/A,N/A
2020/04/28,WA,13842,,,156,0,786,,,21,0,4/29/2020 18:12,N/A,N/A
2020/04/29,WA,14070,,,228,0,801,,,15,0,4/30/2020 16:07,N/A,N/A
2020/04/30,WA,14327,,,257,0,814,,,13,0,5/1/2020 21:00,N/A,N/A
2020/05/01,WA,14637,,,310,0,824,,,10,0,5/2/2020 15:47,N/A,N/A
2020/05/02,WA,15003,,,366,0,830,,,6,0,5/3/2020 15:36,N/A,N/A
2020/05/03,WA,15185,,,182,0,834,,,4,0,5/4/2020 22:49,N/A,N/A
2020/05/04,WA,15462,,,277,0,841,,,7,0,5/5/2020 17:25,N/A,N/A
2020/05/05,WA,15594,,,132,0,862,,,21,0,5/6/2020 16:23,N/A,N/A
2020/05/06,WA,15905,,,311,0,870,,,8,0,5/7/2020 22:59,N/A,N/A
2020/05/07,WA,16231,,,326,0,891,,,21,0,5/8/2020 21:26,N/A,N/A
2020/05/08,WA,16388,,,157,0,905,,,14,0,5/9/2020 21:26,N/A,N/A
2020/05/09,WA,16674,,,286,0,921,,,16,0,5/10/2020 21:26,N/A,N/A
2020/05/10,WA,16891,,,217,0,931,,,10,0,5/11/2020 21:26,N/A,N/A
2020/05/11,WA,17122,,,231,0,945,,,14,0,5/12/2020 17:26,N/A,N/A
2020/05/12,WA,17330,,,208,0,962,,,17,0,5/13/2020 15:26,N/A,N/A
2020/05/13,WA,17512,,,182,0,975,,,13,0,5/14/2020 17:25,N/A,N/A
2020/05/14,WA,17773,,,261,0,983,,,8,0,5/15/2020 16:11,N/A,N/A
2020/05/15,WA,17951,,,178,0,992,,,9,0,5/16/2020 15:46,N/A,N/A
2020/05/16,WA,18287,,,336,0,1000,,,8,0,5/17/2020 15:27,N/A,N/A
2020/05/17,WA,18433,,,146,0,1001,,,1,0,5/18/2020 16:01,N/A,N/A
2020/05/18,WA,18611,,,178,0,1002,,,1,0,5/19/2020 15:45,N/A,N/A
2020/05/19,WA,18811,,,200,0,1031,,,29,0,5/20/2020 15:28,N/A,N/A
2020/05/20,WA,18971,,,160,0,1037,,,6,0,5/21/2020 15:41,N/A,N/A
2020/05/21,WA,19117,,,146,0,1044,,,7,0,5/22/2020 15:31,N/A,N/A
2020/05/22,WA,19265,,,148,0,1050,,,6,0,5/23/2020 17:58,N/A,N/A
2020/05/23,WA,19585,,,320,0,1057,,,7,0,5/24/2020 14:15,N/A,N/A
2020/05/24,WA,19828,,,243,0,1061,,,4,0,5/25/2020 14:12,N/A,N/A
2020/05/25,WA,20065,,,237,0,1070,,,9,0,5/26/2020 14:23,N/A,N/A
2020/05/26,WA,20181,,,116,0,1078,,,8,0,5/27/2020 15:37,N/A,N/A
2020/05/27,WA,20406,,,225,0,1095,,,17,0,5/28/2020 15:12,N/A,N/A
2020/05/28,WA,20764,,,358,0,1106,,,11,0,5/29/2020 14:19,N/A,N/A
2020/05/29,WA,21071,,,307,0,1111,,,5,0,5/30/2020 15:47,N/A,N/A
2020/05/30,WA,21349,,,278,0,1118,,,7,0,5/31/2020 14:43,N/A,N/A
2020/05/31,WA,21702,,,353,0,1118,,,0,0,6/1/2020 14:17,N/A,N/A
2020/06/01,WA,21977,,,275,0,1124,,,6,0,6/2/2020 14:16,N/A,N/A
2020/06/02,WA,22157,,,180,0,1129,,,5,0,6/3/2020 14:11,N/A,N/A
2020/06/03,WA,22484,,,327,0,1135,,,6,0,6/4/2020 15:03,N/A,N/A
2020/06/04,WA,22729,,,245,0,1138,,,3,0,6/5/2020 15:17,N/A,N/A
2020/06/05,WA,22993,,,264,0,1149,,,11,0,6/6/2020 14:31,N/A,N/A
2020/06/06,WA,23422,,,429,0,1153,,,4,0,6/7/2020 14:23,N/A,N/A
2020/06/07,WA,23729,,,307,0,1159,,,6,0,6/8/2020 14:55,N/A,N/A
2020/06/08,WA,24041,,,312,0,1161,,,2,0,6/9/2020 16:49,N/A,N/A
2020/06/09,WA,24354,,,313,0,1176,,,15,0,6/10/2020 20:56,N/A,N/A
2020/06/10,WA,24642,,,288,0,1190,,,14,0,6/11/2020 14:48,N/A,N/A
2020/06/11,WA,24779,,,137,0,1194,,,4,0,6/12/2020 14:17,N/A,N/A
2020/06/12,WA,25171,,,392,0,1204,,,10,0,6/13/2020 17:46,N/A,N/A
2020/06/13,WA,25538,,,367,0,1213,,,9,0,6/14/2020 14:19,N/A,N/A
2020/06/14,WA,25834,,,296,0,1217,,,4,0,6/15/2020 14:33,N/A,N/A
2020/06/15,WA,26158,,,324,0,1221,,,4,0,6/16/2020 14:10,N/A,N/A
2020/06/16,WA,26531,,,373,0,1231,,,10,0,6/17/2020 15:06,N/A,N/A
2020/06/17,WA,26784,,,253,0,1226,,,-5,0,6/18/2020 17:16,N/A,N/A
2020/06/18,WA,27192,,,408,0,1245,,,19,0,6/19/2020 15:01,N/A,N/A
2020/06/19,WA,27601,,,409,0,1255,,,10,0,6/20/2020 14:15,N/A,N/A
2020/06/20,WA,28225,,,624,0,1265,,,10,0,6/21/2020 14:32,N/A,N/A
2020/06/21,WA,28680,,,455,0,1270,,,5,0,6/22/2020 15:24,N/A,N/A
2020/06/22,WA,28870,,,190,0,1276,,,6,0,6/23/2020 14:28,N/A,N/A
2020/06/23,WA,29386,,,516,0,1284,,,8,0,6/24/2020 15:03,N/A,N/A
2020/06/24,WA,29869,,,483,0,1293,,,9,0,6/25/2020 14:07,N/A,N/A
2020/06/25,WA,30367,,,498,0,1300,,,7,0,6/26/2020 19:18,N/A,N/A
2020/06/26,WA,30855,,,488,0,1304,,,4,0,6/27/2020 17:51,N/A,N/A
2020/06/27,WA,31404,,,549,0,1310,,,6,0,6/28/2020 14:59,N/A,N/A
2020/06/28,WA,31752,,,348,0,1310,,,0,0,6/29/2020 14:37,N/A,N/A
2020/06/29,WA,32253,,,501,0,1320,,,10,0,6/30/2020 15:27,N/A,N/A
2020/06/30,WA,32824,,,571,0,1332,,,12,0,7/1/2020 15:45,N/A,N/A
2020/07/01,WA,33435,,,611,0,1339,,,7,0,7/2/2020 15:10,N/A,N/A
2020/07/02,WA,34151,,,716,0,1342,,,3,0,7/3/2020 15:01,N/A,N/A
2020/07/03,WA,34778,,,627,0,1352,,,10,0,7/4/2020 15:30,N/A,N/A
2020/07/04,WA,35247,,,469,0,1354,,,2,0,7/5/2020 15:00,N/A,N/A
2020/07/05,WA,35898,,,651,0,1359,,,5,0,7/6/2020 15:16,N/A,N/A
2020/07/06,WA,36985,,,1087,0,1370,,,11,0,7/7/2020 14:58,N/A,N/A
2020/07/07,WA,37420,,,435,0,1384,,,14,0,7/8/2020 14:12,N/A,N/A
2020/07/08,WA,37941,,,521,0,1394,,,10,0,7/9/2020 15:14,N/A,N/A
2020/07/09,WA,38581,,,640,0,1409,,,15,0,7/10/2020 15:35,N/A,N/A
2020/07/10,WA,39218,,,637,0,1424,,,15,0,7/11/2020 18:25,N/A,N/A
2020/07/11,WA,39218,,,0,0,1424,,,0,0,7/12/2020 15:13,N/A,N/A
2020/07/12,WA,40656,,,1438,0,1438,,,14,0,7/13/2020 15:19,N/A,N/A
2020/07/13,WA,41757,,,1101,0,1399,,,-39,0,7/14/2020 15:13,N/A,N/A
2020/07/14,WA,42304,,,547,0,1404,,,5,0,7/15/2020 15:05,N/A,N/A
2020/07/15,WA,43046,,,742,0,1421,,,17,0,7/16/2020 14:22,N/A,N/A
2020/07/16,WA,44313,,,1267,0,1427,,,6,0,7/17/2020 14:31,N/A,N/A
2020/07/17,WA,45067,,,754,0,1434,,,7,0,7/18/2020 16:14,N/A,N/A
2020/07/18,WA,46026,,,959,0,1444,,,10,0,7/19/2020 15:05,N/A,N/A
2020/07/19,WA,46946,,,920,0,1447,,,3,0,7/20/2020 14:35,N/A,N/A
2020/07/20,WA,47743,,,797,0,1453,,,6,0,7/21/2020 14:50,N/A,N/A
2020/07/21,WA,48575,,,832,0,1465,,,12,0,7/22/2020 14:51,N/A,N/A
2020/07/22,WA,49247,,,672,0,1468,,,3,0,7/23/2020 14:48,N/A,N/A
2020/07/23,WA,50009,,,762,0,1482,,,14,0,7/24/2020 14:18,N/A,N/A
2020/07/24,WA,50824,,,815,0,1495,,,13,0,7/25/2020 17:40,N/A,N/A
2020/07/25,WA,51849,,,1025,0,1494,,,-1,0,7/26/2020 15:17,N/A,N/A
2020/07/26,WA,52635,,,786,0,1501,,,7,0,7/27/2020 14:16,N/A,N/A
2020/07/27,WA,53321,,,686,0,1518,,,17,0,7/28/2020 14:21,N/A,N/A
2020/07/28,WA,54205,,,884,0,1548,,,30,0,7/29/2020 14:34,N/A,N/A
2020/07/29,WA,54995,,,790,0,1554,,,6,0,7/30/2020 14:42,N/A,N/A
2020/07/30,WA,55803,,,808,0,1564,,,10,0,7/31/2020 14:35,N/A,N/A
2020/07/31,WA,55803,,,0,0,1564,,,0,0,8/1/2020 14:38,N/A,N/A
2020/08/01,WA,57541,,,1738,0,1592,,,28,0,8/2/2020 14:54,N/A,N/A
2020/08/02,WA,58172,,,631,0,1596,,,4,0,8/3/2020 14:31,N/A,N/A
2020/08/03,WA,58715,,,543,0,1600,,,4,0,8/4/2020 14:09,N/A,N/A
2020/08/04,WA,59379,,,664,0,1619,,,19,0,8/5/2020 14:13,N/A,N/A
2020/08/05,WA,60084,,,705,0,1624,,,5,0,8/6/2020 14:12,N/A,N/A
2020/08/06,WA,60917,,,833,0,1653,,,29,0,8/7/2020 23:57,N/A,N/A
2020/08/07,WA,61587,,,670,0,1672,,,19,0,8/8/2020 14:58,N/A,N/A
2020/08/08,WA,62523,,,936,0,1688,,,16,0,8/9/2020 14:03,N/A,N/A
2020/08/09,WA,63072,,,549,0,1688,,,0,0,8/10/2020 14:23,N/A,N/A
2020/08/10,WA,63647,,,575,0,1697,,,9,0,8/11/2020 14:16,N/A,N/A
2020/08/11,WA,64151,,,504,0,1716,,,19,0,8/12/2020 13:50,N/A,N/A
2020/08/12,WA,64702,,,551,0,1724,,,8,0,8/13/2020 14:12,N/A,N/A
2020/08/13,WA,65339,,,637,0,1736,,,12,0,8/14/2020 14:30,N/A,N/A
2020/08/14,WA,66139,,,800,0,1755,,,19,0,8/15/2020 14:02,N/A,N/A
2020/08/15,WA,66885,,,746,0,1766,,,11,0,8/16/2020 14:57,N/A,N/A
2020/08/16,WA,67461,,,576,0,1781,,,15,0,8/17/2020 14:26,N/A,N/A
2020/08/17,WA,67721,,,260,0,1785,,,4,0,8/18/2020 14:26,N/A,N/A
2020/08/18,WA,68264,,,543,0,1809,,,24,0,8/19/2020 14:23,N/A,N/A
2020/08/19,WA,68689,,,425,0,1822,,,13,0,8/20/2020 15:11,N/A,N/A
2020/08/20,WA,69389,,,700,0,1837,,,15,0,8/21/2020 14:27,N/A,N/A
2020/08/21,WA,69779,,,390,0,1850,,,13,0,8/22/2020 14:21,N/A,N/A
2020/08/22,WA,70595,,,816,0,1857,,,7,0,8/23/2020 14:15,N/A,N/A
2020/08/23,WA,71012,,,417,0,1863,,,6,0,8/24/2020 13:54,N/A,N/A
2020/08/24,WA,71371,,,359,0,1867,,,4,0,8/25/2020 14:02,N/A,N/A
2020/08/25,WA,71705,,,334,0,1876,,,9,0,8/26/2020 13:51,N/A,N/A
2020/08/26,WA,72161,,,456,0,1880,,,4,0,8/27/2020 13:42,N/A,N/A
2020/08/27,WA,72703,,,542,0,1890,,,10,0,8/28/2020 13:43,N/A,N/A
2020/08/28,WA,73301,,,598,0,1905,,,15,0,8/29/2020 13:42,N/A,N/A
2020/08/29,WA,73879,,,578,0,1905,,,0,0,8/30/2020 14:49,N/A,N/A
2020/08/30,WA,74320,,,441,0,1905,,,0,0,8/31/2020 14:05,N/A,N/A
2020/08/31,WA,74635,,,315,0,1915,,,10,0,9/1/2020 14:09,N/A,N/A
2020/09/01,WA,74939,,,304,0,1931,,,16,0,9/2/2020 13:49,N/A,N/A
2020/09/02,WA,75377,,,438,0,1935,,,4,0,9/3/2020 14:18,N/A,N/A
2020/09/03,WA,75856,,,479,0,1945,,,10,0,9/4/2020 13:36,N/A,N/A
2020/09/04,WA,76335,,,479,0,1953,,,8,0,9/5/2020 14:09,N/A,N/A
2020/09/05,WA,76836,,,501,0,1953,,,0,0,9/6/2020 14:09,N/A,N/A
2020/09/06,WA,77235,,,399,0,1953,,,0,0,9/7/2020 13:37,N/A,N/A
2020/09/07,WA,77545,,,310,0,1953,,,0,0,9/8/2020 14:47,N/A,N/A
2020/09/08,WA,77545,,,0,0,1953,,,0,0,9/9/2020 13:47,N/A,N/A
2020/09/09,WA,78009,,,464,0,1978,,,25,0,9/10/2020 14:02,N/A,N/A
2020/09/10,WA,78467,,,458,0,1985,,,7,0,9/11/2020 13:51,N/A,N/A
2020/09/11,WA,79011,,,544,0,1991,,,6,0,9/12/2020 14:12,N/A,N/A
2020/09/12,WA,79476,,,465,0,1991,,,0,0,9/13/2020 16:17,N/A,N/A
2020/09/13,WA,79826,,,350,0,1991,,,0,0,9/14/2020 14:01,N/A,N/A
2020/09/14,WA,80138,,,312,0,2006,,,15,0,9/15/2020 14:03,N/A,N/A
2020/09/15,WA,80465,,,327,0,2015,,,9,0,9/16/2020 13:53,N/A,N/A
2020/09/16,WA,80812,,,347,0,2020,,,5,0,9/17/2020 13:45,N/A,N/A
2020/09/17,WA,81198,,,386,0,2031,,,11,0,9/18/2020 13:48,N/A,N/A
2020/09/18,WA,81602,,,404,0,2037,,,6,0,9/19/2020 14:00,N/A,N/A
2020/09/19,WA,82199,,,597,0,2037,,,0,0,9/20/2020 13:53,N/A,N/A
2020/09/20,WA,82548,,,349,0,2037,,,0,0,9/21/2020 13:47,N/A,N/A
2020/09/21,WA,82848,,,300,0,2055,,,18,0,9/22/2020 13:51,N/A,N/A
2020/09/22,WA,83193,,,345,0,2070,,,15,0,9/23/2020 13:51,N/A,N/A
2020/09/23,WA,83702,,,509,0,2081,,,11,0,9/24/2020 13:54,N/A,N/A
2020/09/24,WA,84238,,,536,0,2080,,,-1,0,9/25/2020 13:54,N/A,N/A
2020/09/25,WA,85226,,,988,0,2100,,,20,0,9/26/2020 13:46,N/A,N/A
2020/01/22,RMI,0,,,0,,0,,,0,,3/26/2020 16:22,Agree,Agree
2020/01/23,RMI,0,,,0,,0,,,0,,3/26/2020 16:22,Agree,Agree
2020/01/24,RMI,0,,,0,,0,,,0,,3/26/2020 16:22,Agree,Agree
2020/01/25,RMI,0,,,0,,0,,,0,,3/26/2020 16:22,Agree,Agree
2020/01/26,RMI,0,,,0,,0,,,0,,3/26/2020 16:22,Agree,Agree
2020/01/27,RMI,0,,,0,,0,,,0,,3/26/2020 16:22,Agree,Agree
2020/01/28,RMI,0,,,0,,0,,,0,,3/26/2020 16:22,Agree,Agree
2020/01/29,RMI,0,,,0,,0,,,0,,3/26/2020 16:22,Agree,Agree
2020/01/30,RMI,0,,,0,,0,,,0,,3/26/2020 16:22,Agree,Agree
2020/01/31,RMI,0,,,0,,0,,,0,,3/26/2020 16:22,Agree,Agree
2020/02/01,RMI,0,,,0,,0,,,0,,3/26/2020 16:22,Agree,Agree
2020/02/02,RMI,0,,,0,,0,,,0,,3/26/2020 16:22,Agree,Agree
2020/02/03,RMI,0,,,0,,0,,,0,,3/26/2020 16:22,Agree,Agree
2020/02/04,RMI,0,,,0,,0,,,0,,3/26/2020 16:22,Agree,Agree
2020/02/05,RMI,0,,,0,,0,,,0,,3/26/2020 16:22,Agree,Agree
2020/02/06,RMI,0,,,0,,0,,,0,,3/26/2020 16:22,Agree,Agree
2020/02/07,RMI,0,,,0,,0,,,0,,3/26/2020 16:22,Agree,Agree
2020/02/08,RMI,0,,,0,,0,,,0,,3/26/2020 16:22,Agree,Agree
2020/02/09,RMI,0,,,0,,0,,,0,,3/26/2020 16:22,Agree,Agree
2020/02/10,RMI,0,,,0,,0,,,0,,3/26/2020 16:22,Agree,Agree
2020/02/11,RMI,0,,,0,,0,,,0,,3/26/2020 16:22,Agree,Agree
2020/02/12,RMI,0,,,0,,0,,,0,,3/26/2020 16:22,Agree,Agree
2020/02/13,RMI,0,,,0,,0,,,0,,3/26/2020 16:22,Agree,Agree
2020/02/14,RMI,0,,,0,,0,,,0,,3/26/2020 16:22,Agree,Agree
2020/02/15,RMI,0,,,0,,0,,,0,,3/26/2020 16:22,Agree,Agree
2020/02/16,RMI,0,,,0,,0,,,0,,3/26/2020 16:22,Agree,Agree
2020/02/17,RMI,0,,,0,,0,,,0,,3/26/2020 16:22,Agree,Agree
2020/02/18,RMI,0,,,0,,0,,,0,,3/26/2020 16:22,Agree,Agree
2020/02/19,RMI,0,,,0,,0,,,0,,3/26/2020 16:22,Agree,Agree
2020/02/20,RMI,0,,,0,,0,,,0,,3/26/2020 16:22,Agree,Agree
2020/02/21,RMI,0,,,0,,0,,,0,,3/26/2020 16:22,Agree,Agree
2020/02/22,RMI,0,,,0,,0,,,0,,3/26/2020 16:22,Agree,Agree
2020/02/23,RMI,0,,,0,,0,,,0,,3/26/2020 16:22,Agree,Agree
2020/02/24,RMI,0,,,0,,0,,,0,,3/26/2020 16:22,Agree,Agree
2020/02/25,RMI,0,,,0,,0,,,0,,3/26/2020 16:22,Agree,Agree
2020/02/26,RMI,0,,,0,,0,,,0,,3/26/2020 16:22,Agree,Agree
2020/02/27,RMI,0,,,0,,0,,,0,,3/26/2020 16:22,Agree,Agree
2020/02/28,RMI,0,,,0,,0,,,0,,3/26/2020 16:22,Agree,Agree
2020/02/29,RMI,0,,,0,,0,,,0,,3/26/2020 16:22,Agree,Agree
2020/03/01,RMI,0,,,0,,0,,,0,,3/26/2020 16:22,Agree,Agree
2020/03/02,RMI,0,,,0,,0,,,0,,3/26/2020 16:22,Agree,Agree
2020/03/03,RMI,0,,,0,,0,,,0,,3/26/2020 16:22,Agree,Agree
2020/03/04,RMI,0,,,0,,0,,,0,,3/26/2020 16:22,Agree,Agree
2020/03/05,RMI,0,,,0,,0,,,0,,3/26/2020 16:22,Agree,Agree
2020/03/06,RMI,0,,,0,,0,,,0,,3/26/2020 16:22,Agree,Agree
2020/03/07,RMI,0,,,0,,0,,,0,,3/26/2020 16:22,Agree,Agree
2020/03/08,RMI,0,,,0,,0,,,0,,3/26/2020 16:22,Agree,Agree
2020/03/09,RMI,0,,,0,,0,,,0,,3/26/2020 16:22,Agree,Agree
2020/03/10,RMI,0,,,0,,0,,,0,,3/26/2020 16:22,Agree,Agree
2020/03/11,RMI,0,,,0,,0,,,0,,3/26/2020 16:22,Agree,Agree
2020/03/12,RMI,0,,,0,,0,,,0,,3/26/2020 16:22,Agree,Agree
2020/03/13,RMI,0,,,0,,0,,,0,,3/26/2020 16:22,Agree,Agree
2020/03/14,RMI,0,,,0,,0,,,0,,3/26/2020 16:22,Agree,Agree
2020/03/15,RMI,0,,,0,,0,,,0,,3/26/2020 16:22,Agree,Agree
2020/03/16,RMI,0,,,0,,0,,,0,,3/26/2020 16:22,Agree,Agree
2020/03/17,RMI,0,,,0,,0,,,0,,3/26/2020 16:22,Agree,Agree
2020/03/18,RMI,0,,,0,,0,,,0,,3/26/2020 16:22,Agree,Agree
2020/03/19,RMI,0,,,0,,0,,,0,,3/26/2020 16:22,Agree,Agree
2020/03/20,RMI,0,,,0,,0,,,0,,3/26/2020 16:22,Agree,Agree
2020/03/21,RMI,0,,,0,,0,,,0,,3/26/2020 16:22,Agree,Agree
2020/03/22,RMI,0,,,0,,0,,,0,,3/26/2020 16:22,Agree,Agree
2020/03/23,RMI,0,,,0,,0,,,0,,3/26/2020 16:22,Agree,Agree
2020/03/24,RMI,0,,,0,,0,,,0,,3/26/2020 16:22,Agree,Agree
2020/03/25,RMI,0,,,0,,0,,,0,,3/26/2020 16:22,Agree,Agree
2020/03/26,RMI,0,,,0,,0,,,0,,3/26/2020 16:22,Agree,Agree
2020/03/27,RMI,0,,,0,,0,,,0,,3/26/2020 16:22,Agree,Agree
2020/03/28,RMI,0,,,0,,0,,,0,,3/28/2020 16:22,Agree,Agree
2020/03/29,RMI,0,,,0,,0,,,0,,3/28/2020 16:22,Agree,Agree
2020/03/30,RMI,0,,,0,,0,,,0,,3/29/2020 16:22,Agree,Agree
2020/03/31,RMI,0,,,0,,0,,,0,,3/30/2020 16:22,Agree,Agree
2020/04/01,RMI,0,,,0,,0,,,0,,3/31/2020 16:22,Agree,Agree
2020/04/02,RMI,0,,,0,,0,,,0,,4/1/2020 16:22,Agree,Agree
2020/04/03,RMI,0,,,0,,0,,,0,,4/3/2020 16:22,Agree,Agree
2020/04/04,RMI,0,,,0,,0,,,0,,4/3/2020 16:22,Agree,Agree
2020/04/05,RMI,0,,,0,,0,,,0,,4/4/2020 16:22,Agree,Agree
2020/04/06,RMI,0,,,0,,0,,,0,,4/5/2020 16:22,Agree,Agree
2020/04/07,RMI,0,,,0,,0,,,0,,4/7/2020 16:22,Agree,Agree
2020/04/08,RMI,0,,,0,,0,,,0,,4/7/2020 16:22,Agree,Agree
2020/04/09,RMI,0,,,0,,0,,,0,,4/8/2020 16:22,Agree,Agree
2020/04/10,RMI,0,,,0,,0,,,0,,4/9/2020 16:22,Agree,Agree
2020/04/11,RMI,0,,,0,,0,,,0,,4/10/2020 16:22,Agree,Agree
2020/04/12,RMI,0,,,0,,0,,,0,,4/11/2020 16:22,Agree,Agree
2020/04/13,RMI,0,,,0,,0,,,0,,4/12/2020 16:22,Agree,Agree
2020/04/14,RMI,0,,,0,,0,,,0,,4/13/2020 16:22,Agree,Agree
2020/04/15,RMI,0,,,0,,0,,,0,,4/15/2020 16:22,Agree,Agree
2020/04/16,RMI,0,,,0,,0,,,0,,4/16/2020 16:22,Agree,Agree
2020/04/17,RMI,0,,,0,,0,,,0,,4/17/2020 16:22,Agree,Agree
2020/04/18,RMI,0,,,0,,0,,,0,,4/18/2020 16:22,Agree,Agree
2020/04/19,RMI,0,0,0,0,0,0,0,0,0,0,4/19/2020 16:22,Agree,Agree
2020/04/20,RMI,0,,,0,,0,,,0,,4/20/2020 16:22,Agree,Agree
2020/04/21,RMI,0,0,0,0,0,0,0,0,0,0,4/21/2020 16:22,Agree,Agree
2020/04/22,RMI,0,0,0,0,0,0,0,0,0,0,4/22/2020 16:22,Agree,Agree
2020/04/23,RMI,0,0,0,0,0,0,0,0,0,0,5/25/2020 15:38,Agree,Agree
2020/04/24,RMI,0,0,0,0,0,0,0,0,0,0,5/25/2020 15:38,Agree,Agree
2020/04/25,RMI,0,0,0,0,0,0,0,0,0,0,5/25/2020 15:38,Agree,Agree
2020/04/26,RMI,0,0,0,0,0,0,0,0,0,0,5/25/2020 15:38,Agree,Agree
2020/04/27,RMI,0,0,0,0,0,0,0,0,0,0,5/25/2020 15:38,Agree,Agree
2020/04/28,RMI,0,0,0,0,0,0,0,0,0,0,4/29/2020 18:12,Agree,Agree
2020/04/29,RMI,0,0,0,0,0,0,0,0,0,0,4/30/2020 16:07,Agree,Agree
2020/04/30,RMI,0,0,0,0,0,0,0,0,0,0,5/1/2020 21:00,Agree,Agree
2020/05/01,RMI,0,0,0,0,0,0,0,0,0,0,5/2/2020 15:47,Agree,Agree
2020/05/02,RMI,0,0,0,0,0,0,0,0,0,0,5/3/2020 15:36,Agree,Agree
2020/05/03,RMI,0,0,0,0,0,0,0,0,0,0,5/4/2020 22:49,Agree,Agree
2020/05/04,RMI,0,0,0,0,0,0,0,0,0,0,5/5/2020 17:25,Agree,Agree
2020/05/05,RMI,0,0,0,0,0,0,0,0,0,0,5/6/2020 16:23,Agree,Agree
2020/05/06,RMI,0,0,0,0,0,0,0,0,0,0,5/7/2020 22:59,Agree,Agree
2020/05/07,RMI,0,0,0,0,0,0,0,0,0,0,5/8/2020 21:26,Agree,Agree
2020/05/08,RMI,0,0,0,0,0,0,0,0,0,0,5/9/2020 21:26,Agree,Agree
2020/05/09,RMI,0,0,0,0,0,0,0,0,0,0,5/10/2020 21:26,Agree,Agree
2020/05/10,RMI,0,0,0,0,0,0,0,0,0,0,5/11/2020 21:26,Agree,Agree
2020/05/11,RMI,0,0,0,0,0,0,0,0,0,0,5/12/2020 17:26,Agree,Agree
2020/05/12,RMI,0,0,0,0,0,0,0,0,0,0,5/13/2020 15:26,Agree,Agree
2020/05/13,RMI,0,0,0,0,0,0,0,0,0,0,5/14/2020 17:25,Agree,Agree
2020/05/14,RMI,0,0,0,0,0,0,0,0,0,0,5/15/2020 16:11,Agree,Agree
2020/05/15,RMI,0,0,0,0,0,0,0,0,0,0,5/16/2020 15:46,Agree,Agree
2020/05/16,RMI,0,0,0,0,0,0,0,0,0,0,5/17/2020 15:27,Agree,Agree
2020/05/17,RMI,0,0,0,0,0,0,0,0,0,0,5/18/2020 16:01,Agree,Agree
2020/05/18,RMI,0,0,0,0,0,0,0,0,0,0,5/19/2020 15:45,Agree,Agree
2020/05/19,RMI,0,0,0,0,0,0,0,0,0,0,5/20/2020 15:28,Agree,Agree
2020/05/20,RMI,0,0,0,0,0,0,0,0,0,0,5/21/2020 15:41,Agree,Agree
2020/05/21,RMI,0,0,0,0,0,0,0,0,0,0,5/22/2020 15:31,Agree,Agree
2020/05/22,RMI,0,0,0,0,0,0,0,0,0,0,5/23/2020 17:58,Agree,Agree
2020/05/23,RMI,0,0,0,0,0,0,0,0,0,0,5/24/2020 14:15,Agree,Agree
2020/05/24,RMI,0,0,0,0,0,0,0,0,0,0,5/25/2020 14:12,Agree,Agree
2020/05/25,RMI,0,0,0,0,0,0,0,0,0,0,5/26/2020 14:23,Agree,Agree
2020/05/26,RMI,0,0,0,0,0,0,0,0,0,0,5/27/2020 15:37,Agree,Agree
2020/05/27,RMI,0,0,0,0,0,0,0,0,0,0,5/28/2020 15:12,Agree,Agree
2020/05/28,RMI,0,0,0,0,0,0,0,0,0,0,5/29/2020 14:19,Agree,Agree
2020/05/29,RMI,0,0,0,0,0,0,0,0,0,0,5/30/2020 15:47,Agree,Agree
2020/05/30,RMI,0,0,0,0,0,0,0,0,0,0,5/31/2020 14:43,Agree,Agree
2020/05/31,RMI,0,0,0,0,0,0,0,0,0,0,6/1/2020 14:17,Agree,Agree
2020/06/01,RMI,0,0,0,0,0,0,0,0,0,0,6/2/2020 14:16,Agree,Agree
2020/06/02,RMI,0,0,0,0,0,0,0,0,0,0,6/3/2020 14:11,Agree,Agree
2020/06/03,RMI,0,0,0,0,0,0,0,0,0,0,6/4/2020 15:03,Agree,Agree
2020/06/04,RMI,0,0,0,0,0,0,0,0,0,0,6/5/2020 15:17,Agree,Agree
2020/06/05,RMI,0,0,0,0,0,0,0,0,0,0,6/6/2020 14:31,Agree,Agree
2020/06/06,RMI,0,0,0,0,0,0,0,0,0,0,6/7/2020 14:23,Agree,Agree
2020/06/07,RMI,0,0,0,0,0,0,0,0,0,0,6/8/2020 14:55,Agree,Agree
2020/06/08,RMI,0,0,0,0,0,0,0,0,0,0,6/9/2020 16:49,Agree,Agree
2020/06/09,RMI,0,0,0,0,0,0,0,0,0,0,6/10/2020 20:56,Agree,Agree
2020/06/10,RMI,0,0,0,0,0,0,0,0,0,0,6/11/2020 14:48,Agree,Agree
2020/06/11,RMI,0,0,0,0,0,0,0,0,0,0,6/12/2020 14:17,Agree,Agree
2020/06/12,RMI,0,0,0,0,0,0,0,0,0,0,6/13/2020 17:46,Agree,Agree
2020/06/13,RMI,0,0,0,0,0,0,0,0,0,0,6/14/2020 14:19,Agree,Agree
2020/06/14,RMI,0,0,0,0,0,0,0,0,0,0,6/15/2020 14:33,Agree,Agree
2020/06/15,RMI,0,0,0,0,0,0,0,0,0,0,6/16/2020 14:10,Agree,Agree
2020/06/16,RMI,0,0,0,0,0,0,0,0,0,0,6/17/2020 15:06,Agree,Agree
2020/06/17,RMI,0,0,0,0,0,0,0,0,0,0,6/18/2020 17:16,Agree,Agree
2020/06/18,RMI,0,0,0,0,0,0,0,0,0,0,6/19/2020 15:01,Agree,Agree
2020/06/19,RMI,0,0,0,0,0,0,0,0,0,0,6/20/2020 14:15,Agree,Agree
2020/06/20,RMI,0,0,0,0,0,0,0,0,0,0,6/21/2020 14:32,Agree,Agree
2020/06/21,RMI,0,0,0,0,0,0,0,0,0,0,6/22/2020 15:24,Agree,Agree
2020/06/22,RMI,0,0,0,0,0,0,0,0,0,0,6/23/2020 14:28,Agree,Agree
2020/06/23,RMI,0,0,0,0,0,0,0,0,0,0,6/24/2020 15:03,Agree,Agree
2020/06/24,RMI,0,0,0,0,0,0,0,0,0,0,6/25/2020 14:07,Agree,Agree
2020/06/25,RMI,0,0,0,0,0,0,0,0,0,0,6/26/2020 19:18,Agree,Agree
2020/06/26,RMI,0,0,0,0,0,0,0,0,0,0,6/27/2020 17:51,Agree,Agree
2020/06/27,RMI,0,0,0,0,0,0,0,0,0,0,6/28/2020 14:59,Agree,Agree
2020/06/28,RMI,0,0,0,0,0,0,0,0,0,0,6/29/2020 14:37,Agree,Agree
2020/06/29,RMI,0,0,0,0,0,0,0,0,0,0,6/30/2020 15:27,Agree,Agree
2020/06/30,RMI,0,0,0,0,0,0,0,0,0,0,7/1/2020 15:45,Agree,Agree
2020/07/01,RMI,0,0,0,0,0,0,0,0,0,0,7/2/2020 15:10,Agree,Agree
2020/07/02,RMI,0,0,0,0,0,0,0,0,0,0,7/3/2020 15:01,Agree,Agree
2020/07/03,RMI,0,0,0,0,0,0,0,0,0,0,7/4/2020 15:30,Agree,Agree
2020/07/04,RMI,0,0,0,0,0,0,0,0,0,0,7/5/2020 15:00,Agree,Agree
2020/07/05,RMI,0,0,0,0,0,0,0,0,0,0,7/6/2020 15:16,Agree,Agree
2020/07/06,RMI,0,0,0,0,0,0,0,0,0,0,7/7/2020 14:58,Agree,Agree
2020/07/07,RMI,0,0,0,0,0,0,0,0,0,0,7/8/2020 14:12,Agree,Agree
2020/07/08,RMI,0,0,0,0,0,0,0,0,0,0,7/9/2020 15:14,Agree,Agree
2020/07/09,RMI,0,0,0,0,0,0,0,0,0,0,7/10/2020 15:35,Agree,Agree
2020/07/10,RMI,0,0,0,0,0,0,0,0,0,0,7/11/2020 18:25,Agree,Agree
2020/07/11,RMI,0,0,0,0,0,0,0,0,0,0,7/12/2020 15:13,Agree,Agree
2020/07/12,RMI,0,0,0,0,0,0,0,0,0,0,7/13/2020 15:19,Agree,Agree
2020/07/13,RMI,0,0,0,0,0,0,0,0,0,0,7/14/2020 15:13,Agree,Agree
2020/07/14,RMI,0,0,0,0,0,0,0,0,0,0,7/15/2020 15:05,Agree,Agree
2020/07/15,RMI,0,0,0,0,0,0,0,0,0,0,7/16/2020 14:22,Agree,Agree
2020/07/16,RMI,0,0,0,0,0,0,0,0,0,0,7/17/2020 14:31,Agree,Agree
2020/07/17,RMI,0,0,0,0,0,0,0,0,0,0,7/18/2020 16:14,Agree,Agree
2020/07/18,RMI,0,0,0,0,0,0,0,0,0,0,7/19/2020 15:05,Agree,Agree
2020/07/19,RMI,0,0,0,0,0,0,0,0,0,0,7/20/2020 14:35,Agree,Agree
2020/07/20,RMI,0,0,0,0,0,0,0,0,0,0,7/21/2020 14:50,Agree,Agree
2020/07/21,RMI,0,0,0,0,0,0,0,0,0,0,7/22/2020 14:51,Agree,Agree
2020/07/22,RMI,0,0,0,0,0,0,0,0,0,0,7/23/2020 14:48,Agree,Agree
2020/07/23,RMI,0,0,0,0,0,0,0,0,0,0,7/24/2020 14:18,Agree,Agree
2020/07/24,RMI,0,0,0,0,0,0,0,0,0,0,7/25/2020 17:40,Agree,Agree
2020/07/25,RMI,0,0,0,0,0,0,0,0,0,0,7/26/2020 15:17,Agree,Agree
2020/07/26,RMI,0,0,0,0,0,0,0,0,0,0,7/27/2020 14:16,Agree,Agree
2020/07/27,RMI,0,0,0,0,0,0,0,0,0,0,7/28/2020 14:21,Agree,Agree
2020/07/28,RMI,0,0,0,0,0,0,0,0,0,0,7/29/2020 14:34,Agree,Agree
2020/07/29,RMI,0,0,0,0,0,0,0,0,0,0,7/30/2020 14:42,Agree,Agree
2020/07/30,RMI,0,0,0,0,0,0,0,0,0,0,7/31/2020 14:35,Agree,Agree
2020/07/31,RMI,0,0,0,0,0,0,0,0,0,0,8/1/2020 14:38,Agree,Agree
2020/08/01,RMI,0,0,0,0,0,0,0,0,0,0,8/2/2020 14:54,Agree,Agree
2020/08/02,RMI,0,0,0,0,0,0,0,0,0,0,8/3/2020 14:31,Agree,Agree
2020/08/03,RMI,0,0,0,0,0,0,0,0,0,0,8/4/2020 14:09,Agree,Agree
2020/08/04,RMI,0,0,0,0,0,0,0,0,0,0,8/5/2020 14:13,Agree,Agree
2020/08/05,RMI,0,0,0,0,0,0,0,0,0,0,8/6/2020 14:12,Agree,Agree
2020/08/06,RMI,0,0,0,0,0,0,0,0,0,0,8/7/2020 23:57,Agree,Agree
2020/08/07,RMI,0,0,0,0,0,0,0,0,0,0,8/8/2020 14:58,Agree,Agree
2020/08/08,RMI,0,0,0,0,0,0,0,0,0,0,8/9/2020 14:03,Agree,Agree
2020/08/09,RMI,0,0,0,0,0,0,0,0,0,0,8/10/2020 14:23,Agree,Agree
2020/08/10,RMI,0,0,0,0,0,0,0,0,0,0,8/11/2020 14:16,Agree,Agree
2020/08/11,RMI,0,0,0,0,0,0,0,0,0,0,8/12/2020 13:50,Agree,Agree
2020/08/12,RMI,0,0,0,0,0,0,0,0,0,0,8/13/2020 14:12,Agree,Agree
2020/08/13,RMI,0,0,0,0,0,0,0,0,0,0,8/14/2020 14:30,Agree,Agree
2020/08/14,RMI,0,0,0,0,0,0,0,0,0,0,8/15/2020 14:02,Agree,Agree
2020/08/15,RMI,0,0,0,0,0,0,0,0,0,0,8/16/2020 14:57,Agree,Agree
2020/08/16,RMI,0,0,0,0,0,0,0,0,0,0,8/17/2020 14:26,Agree,Agree
2020/08/17,RMI,0,0,0,0,0,0,0,0,0,0,8/18/2020 14:26,Agree,Agree
2020/08/18,RMI,0,0,0,0,0,0,0,0,0,0,8/19/2020 14:23,Agree,Agree
2020/08/19,RMI,0,0,0,0,0,0,0,0,0,0,8/20/2020 15:11,Agree,Agree
2020/08/20,RMI,0,0,0,0,0,0,0,0,0,0,8/21/2020 14:27,Agree,Agree
2020/08/21,RMI,0,0,0,0,0,0,0,0,0,0,8/22/2020 14:21,Agree,Agree
2020/08/22,RMI,0,0,0,0,0,0,0,0,0,0,8/23/2020 14:15,Agree,Agree
2020/08/23,RMI,0,0,0,0,0,0,0,0,0,0,8/24/2020 13:54,Agree,Agree
2020/08/24,RMI,0,0,0,0,0,0,0,0,0,0,8/25/2020 14:02,Agree,Agree
2020/08/25,RMI,0,0,0,0,0,0,0,0,0,0,8/26/2020 13:51,Agree,Agree
2020/08/26,RMI,0,0,0,0,0,0,0,0,0,0,8/27/2020 13:42,Agree,Agree
2020/08/27,RMI,0,0,0,0,0,0,0,0,0,0,8/28/2020 13:43,Agree,Agree
2020/08/28,RMI,0,0,0,0,0,0,0,0,0,0,8/29/2020 13:42,Agree,Agree
2020/08/29,RMI,0,0,0,0,0,0,0,0,0,0,8/30/2020 14:49,Agree,Agree
2020/08/30,RMI,0,0,0,0,0,0,0,0,0,0,8/31/2020 14:05,Agree,Agree
2020/08/31,RMI,0,0,0,0,0,0,0,0,0,0,9/1/2020 14:09,Agree,Agree
2020/09/01,RMI,0,0,0,0,0,0,0,0,0,0,9/2/2020 13:49,Agree,Agree
2020/09/02,RMI,0,0,0,0,0,0,0,0,0,0,9/3/2020 14:18,Agree,Agree
2020/09/03,RMI,0,0,0,0,0,0,0,0,0,0,9/4/2020 13:36,Agree,Agree
2020/09/04,RMI,0,0,0,0,0,0,0,0,0,0,9/5/2020 14:09,Agree,Agree
2020/09/05,RMI,0,0,0,0,0,0,0,0,0,0,9/6/2020 14:09,Agree,Agree
2020/09/06,RMI,0,0,0,0,0,0,0,0,0,0,9/7/2020 13:37,Agree,Agree
2020/09/07,RMI,0,0,0,0,0,0,0,0,0,0,9/8/2020 14:47,Agree,Agree
2020/09/08,RMI,0,0,0,0,0,0,0,0,0,0,9/9/2020 13:47,Agree,Agree
2020/09/09,RMI,0,0,0,0,0,0,0,0,0,0,9/10/2020 14:02,Agree,Agree
2020/09/10,RMI,0,0,0,0,0,0,0,0,0,0,9/11/2020 13:51,Agree,Agree
2020/09/11,RMI,0,0,0,0,0,0,0,0,0,0,9/12/2020 14:12,Agree,Agree
2020/09/12,RMI,0,0,0,0,0,0,0,0,0,0,9/13/2020 16:17,Agree,Agree
2020/09/13,RMI,0,0,0,0,0,0,0,0,0,0,9/14/2020 14:01,Agree,Agree
2020/09/14,RMI,0,0,0,0,0,0,0,0,0,0,9/15/2020 14:03,Agree,Agree
2020/09/15,RMI,0,0,0,0,0,0,0,0,0,0,9/16/2020 13:53,Agree,Agree
2020/09/16,RMI,0,0,0,0,0,0,0,0,0,0,9/17/2020 13:45,Agree,Agree
2020/09/17,RMI,0,0,0,0,0,0,0,0,0,0,9/18/2020 13:48,Agree,Agree
2020/09/18,RMI,0,0,0,0,0,0,0,0,0,0,9/19/2020 14:00,Agree,Agree
2020/09/19,RMI,0,0,0,0,0,0,0,0,0,0,9/20/2020 13:53,Agree,Agree
2020/09/20,RMI,0,0,0,0,0,0,0,0,0,0,9/21/2020 13:47,Agree,Agree
2020/09/21,RMI,0,0,0,0,0,0,0,0,0,0,9/22/2020 13:51,Agree,Agree
2020/09/22,RMI,0,0,0,0,0,0,0,0,0,0,9/23/2020 13:51,Agree,Agree
2020/09/23,RMI,0,0,0,0,0,0,0,0,0,0,9/24/2020 13:54,Agree,Agree
2020/09/24,RMI,0,0,0,0,0,0,0,0,0,0,9/25/2020 13:54,Agree,Agree
2020/09/25,RMI,0,0,0,0,0,0,0,0,0,0,9/26/2020 13:46,Agree,Agree
2020/01/22,TN,0,,,0,,0,,,0,,3/26/2020 16:22,Agree,Agree
2020/01/23,TN,0,,,0,,0,,,0,,3/26/2020 16:22,Agree,Agree
2020/01/24,TN,0,,,0,,0,,,0,,3/26/2020 16:22,Agree,Agree
2020/01/25,TN,0,,,0,,0,,,0,,3/26/2020 16:22,Agree,Agree
2020/01/26,TN,0,,,0,,0,,,0,,3/26/2020 16:22,Agree,Agree
2020/01/27,TN,0,,,0,,0,,,0,,3/26/2020 16:22,Agree,Agree
2020/01/28,TN,0,,,0,,0,,,0,,3/26/2020 16:22,Agree,Agree
2020/01/29,TN,0,,,0,,0,,,0,,3/26/2020 16:22,Agree,Agree
2020/01/30,TN,0,,,0,,0,,,0,,3/26/2020 16:22,Agree,Agree
2020/01/31,TN,0,,,0,,0,,,0,,3/26/2020 16:22,Agree,Agree
2020/02/01,TN,0,,,0,,0,,,0,,3/26/2020 16:22,Agree,Agree
2020/02/02,TN,0,,,0,,0,,,0,,3/26/2020 16:22,Agree,Agree
2020/02/03,TN,0,,,0,,0,,,0,,3/26/2020 16:22,Agree,Agree
2020/02/04,TN,0,,,0,,0,,,0,,3/26/2020 16:22,Agree,Agree
2020/02/05,TN,0,,,0,,0,,,0,,3/26/2020 16:22,Agree,Agree
2020/02/06,TN,0,,,0,,0,,,0,,3/26/2020 16:22,Agree,Agree
2020/02/07,TN,0,,,0,,0,,,0,,3/26/2020 16:22,Agree,Agree
2020/02/08,TN,0,,,0,,0,,,0,,3/26/2020 16:22,Agree,Agree
2020/02/09,TN,0,,,0,,0,,,0,,3/26/2020 16:22,Agree,Agree
2020/02/10,TN,0,,,0,,0,,,0,,3/26/2020 16:22,Agree,Agree
2020/02/11,TN,0,,,0,,0,,,0,,3/26/2020 16:22,Agree,Agree
2020/02/12,TN,0,,,0,,0,,,0,,3/26/2020 16:22,Agree,Agree
2020/02/13,TN,0,,,0,,0,,,0,,3/26/2020 16:22,Agree,Agree
2020/02/14,TN,0,,,0,,0,,,0,,3/26/2020 16:22,Agree,Agree
2020/02/15,TN,0,,,0,,0,,,0,,3/26/2020 16:22,Agree,Agree
2020/02/16,TN,0,,,0,,0,,,0,,3/26/2020 16:22,Agree,Agree
2020/02/17,TN,0,,,0,,0,,,0,,3/26/2020 16:22,Agree,Agree
2020/02/18,TN,0,,,0,,0,,,0,,3/26/2020 16:22,Agree,Agree
2020/02/19,TN,0,,,0,,0,,,0,,3/26/2020 16:22,Agree,Agree
2020/02/20,TN,0,,,0,,0,,,0,,3/26/2020 16:22,Agree,Agree
2020/02/21,TN,0,,,0,,0,,,0,,3/26/2020 16:22,Agree,Agree
2020/02/22,TN,0,,,0,,0,,,0,,3/26/2020 16:22,Agree,Agree
2020/02/23,TN,0,,,0,,0,,,0,,3/26/2020 16:22,Agree,Agree
2020/02/24,TN,0,,,0,,0,,,0,,3/26/2020 16:22,Agree,Agree
2020/02/25,TN,0,,,0,,0,,,0,,3/26/2020 16:22,Agree,Agree
2020/02/26,TN,0,,,0,,0,,,0,,3/26/2020 16:22,Agree,Agree
2020/02/27,TN,0,,,0,,0,,,0,,3/26/2020 16:22,Agree,Agree
2020/02/28,TN,0,,,0,,0,,,0,,3/26/2020 16:22,Agree,Agree
2020/02/29,TN,0,,,0,,0,,,0,,3/26/2020 16:22,Agree,Agree
2020/03/01,TN,0,,,0,,0,,,0,,3/26/2020 16:22,Agree,Agree
2020/03/02,TN,0,,,0,,0,,,0,,3/26/2020 16:22,Agree,Agree
2020/03/03,TN,0,,,0,,0,,,0,,3/26/2020 16:22,Agree,Agree
2020/03/04,TN,0,,,0,,0,,,0,,3/26/2020 16:22,Agree,Agree
2020/03/05,TN,1,,,1,,0,,,0,,3/26/2020 16:22,Agree,Agree
2020/03/06,TN,1,,,0,,0,,,0,,3/26/2020 16:22,Agree,Agree
2020/03/07,TN,1,,,0,,0,,,0,,3/26/2020 16:22,Agree,Agree
2020/03/08,TN,1,,,0,,0,,,0,,3/26/2020 16:22,Agree,Agree
2020/03/09,TN,1,,,0,,0,,,0,,3/26/2020 16:22,Agree,Agree
2020/03/10,TN,7,,,6,,0,,,0,,3/26/2020 16:22,Agree,Agree
2020/03/11,TN,9,,,2,,0,,,0,,3/26/2020 16:22,Agree,Agree
2020/03/12,TN,18,,,9,,0,,,0,,3/26/2020 16:22,Agree,Agree
2020/03/13,TN,26,,,8,,0,,,0,,3/26/2020 16:22,Agree,Agree
2020/03/14,TN,26,,,0,,0,,,0,,3/26/2020 16:22,Agree,Agree
2020/03/15,TN,39,,,13,,0,,,0,,3/26/2020 16:22,Agree,Agree
2020/03/16,TN,52,,,13,,0,,,0,,3/26/2020 16:22,Agree,Agree
2020/03/17,TN,73,,,21,,0,,,0,,3/26/2020 16:22,Agree,Agree
2020/03/18,TN,98,,,25,,0,,,0,,3/26/2020 16:22,Agree,Agree
2020/03/19,TN,154,,,56,,0,,,0,,3/26/2020 16:22,Agree,Agree
2020/03/20,TN,228,,,74,,1,,,1,,3/26/2020 16:22,Agree,Agree
2020/03/21,TN,371,,,143,,1,,,0,,3/26/2020 16:22,Agree,Agree
2020/03/22,TN,505,,,134,,2,,,1,,3/26/2020 16:22,Agree,Agree
2020/03/23,TN,615,,,110,,2,,,0,,3/26/2020 16:22,Agree,Agree
2020/03/24,TN,667,,,52,,2,,,0,,3/26/2020 16:22,Agree,Agree
2020/03/25,TN,784,,,117,,3,,,1,,3/26/2020 16:22,Agree,Agree
2020/03/26,TN,957,,,173,,3,,,0,,3/26/2020 16:22,Agree,Agree
2020/03/27,TN,1203,,,246,,6,,,3,,3/26/2020 16:22,Agree,Agree
2020/03/28,TN,1373,,,170,,6,,,0,,3/28/2020 16:22,Agree,Agree
2020/03/29,TN,1537,,,164,,7,,,1,,3/28/2020 16:22,Agree,Agree
2020/03/30,TN,1834,,,297,,13,,,6,,3/29/2020 16:22,Agree,Agree
2020/03/31,TN,2239,,,405,,23,,,10,,3/30/2020 16:22,Agree,Agree
2020/04/01,TN,2240,,,1,,23,,,0,,3/31/2020 16:22,Agree,Agree
2020/04/02,TN,2845,,,605,,32,,,9,,4/1/2020 16:22,Agree,Agree
2020/04/03,TN,2880,,,35,,36,,,4,,4/3/2020 16:22,Agree,Agree
2020/04/04,TN,3103,,,223,,42,,,6,,4/3/2020 16:22,Agree,Agree
2020/04/05,TN,3633,,,530,,44,,,2,,4/4/2020 16:22,Agree,Agree
2020/04/06,TN,3803,,,170,,65,,,21,,4/5/2020 16:22,Agree,Agree
2020/04/07,TN,4139,,,336,,72,,,7,,4/7/2020 16:22,Agree,Agree
2020/04/08,TN,4362,,,223,,79,,,7,,4/7/2020 16:22,Agree,Agree
2020/04/09,TN,4635,,,273,,94,,,15,,4/8/2020 16:22,Agree,Agree
2020/04/10,TN,4863,,,228,,98,,,4,,4/9/2020 16:22,Agree,Agree
2020/04/11,TN,4863,,,0,,100,,,2,,4/10/2020 16:22,Agree,Agree
2020/04/12,TN,5308,,,445,,101,,,1,,4/11/2020 16:22,Agree,Agree
2020/04/13,TN,5610,,,302,,109,,,8,,4/12/2020 16:22,Agree,Agree
2020/04/14,TN,5823,,,213,,124,,,15,,4/13/2020 16:22,Agree,Agree
2020/04/15,TN,5836,,,13,,134,,,10,,4/15/2020 16:22,Agree,Agree
2020/04/16,TN,6262,,,426,,141,,,7,,4/16/2020 16:22,Agree,Agree
2020/04/17,TN,6330,,,68,,141,,,0,,4/17/2020 16:22,Agree,Agree
2020/04/18,TN,6763,,,433,,145,,,4,,4/18/2020 16:22,Agree,Agree
2020/04/19,TN,6796,6796,0,33,0,147,147,0,2,0,4/19/2020 16:22,Agree,Agree
2020/04/20,TN,7239,7239,0,443,0,152,152,0,5,0,4/20/2020 16:22,Agree,Agree
2020/04/21,TN,7394,7386,8,155,8,157,157,0,5,0,4/21/2020 16:22,Agree,Agree
2020/04/22,TN,7572,7572,0,178,-8,165,165,0,8,0,4/22/2020 16:22,Agree,Agree
2020/04/23,TN,8281,8266,15,709,15,170,170,0,5,0,5/25/2020 15:38,Agree,Agree
2020/04/24,TN,8742,8742,0,461,-15,168,168,0,-2,0,5/25/2020 15:38,Agree,Agree
2020/04/25,TN,8882,8882,0,140,0,176,176,0,8,0,5/25/2020 15:38,Agree,Agree
2020/04/26,TN,9698,9667,31,816,31,181,181,0,5,0,5/25/2020 15:38,Agree,Agree
2020/04/27,TN,9952,9918,34,254,3,184,184,0,3,0,5/25/2020 15:38,Agree,Agree
2020/04/28,TN,10087,10052,35,135,1,188,188,0,4,0,4/29/2020 18:12,Agree,Agree
2020/04/29,TN,10132,10132,0,45,-35,192,192,0,4,0,4/30/2020 16:07,Agree,Agree
2020/04/30,TN,10735,10735,0,603,0,199,199,0,7,0,5/1/2020 21:00,Agree,Agree
2020/05/01,TN,11891,11891,0,1156,0,204,204,0,5,0,5/2/2020 15:47,Agree,Agree
2020/05/02,TN,12661,12661,0,770,0,209,209,0,5,0,5/3/2020 15:36,Agree,Agree
2020/05/03,TN,13243,13177,66,582,66,210,210,0,1,0,5/4/2020 22:49,Agree,Agree
2020/05/04,TN,13571,13502,69,328,3,219,219,0,9,0,5/5/2020 17:25,Agree,Agree
2020/05/05,TN,13690,13624,66,119,-3,226,226,0,7,0,5/6/2020 16:23,Agree,Agree
2020/05/06,TN,13938,13938,0,248,-66,239,239,0,13,0,5/7/2020 22:59,Agree,Agree
2020/05/07,TN,14166,14096,70,228,70,237,237,0,-2,0,5/8/2020 21:26,Agree,Agree
2020/05/08,TN,14512,14441,71,346,1,241,241,0,4,0,5/9/2020 21:26,Agree,Agree
2020/05/09,TN,14843,14768,75,331,4,242,242,0,1,0,5/10/2020 21:26,Agree,Agree
2020/05/10,TN,15060,14985,75,217,0,243,243,0,1,0,5/11/2020 21:26,Agree,Agree
2020/05/11,TN,15622,15544,78,562,3,251,251,0,8,0,5/12/2020 17:26,Agree,Agree
2020/05/12,TN,16190,16110,80,568,2,264,264,0,13,0,5/13/2020 15:26,Agree,Agree
2020/05/13,TN,16451,16370,81,261,1,273,273,0,9,0,5/14/2020 17:25,Agree,Agree
2020/05/14,TN,16784,16699,85,333,4,287,287,0,14,0,5/15/2020 16:11,Agree,Agree
2020/05/15,TN,17052,16970,82,268,-3,290,290,0,3,0,5/16/2020 15:46,Agree,Agree
2020/05/16,TN,17374,17288,86,322,4,295,295,0,5,0,5/17/2020 15:27,Agree,Agree
2020/05/17,TN,17495,17388,107,121,21,298,298,0,3,0,5/18/2020 16:01,Agree,Agree
2020/05/18,TN,18121,18011,110,626,3,301,301,0,3,0,5/19/2020 15:45,Agree,Agree
2020/05/19,TN,18491,18378,113,370,3,305,305,0,4,0,5/20/2020 15:28,Agree,Agree
2020/05/20,TN,18646,18532,114,155,1,310,309,1,5,1,5/21/2020 15:41,Agree,Agree
2020/05/21,TN,19073,18961,112,427,-2,314,313,1,4,0,5/22/2020 15:31,Agree,Agree
2020/05/22,TN,19510,19394,116,437,4,316,315,1,2,0,5/23/2020 17:58,Agree,Agree
2020/05/23,TN,19909,19789,120,399,4,330,329,1,14,0,5/24/2020 14:15,Agree,Agree
2020/05/24,TN,20269,20145,124,360,4,337,336,1,7,0,5/25/2020 14:12,Agree,Agree
2020/05/25,TN,20731,20607,124,462,0,339,338,1,2,0,5/26/2020 14:23,Agree,Agree
2020/05/26,TN,21089,20965,124,358,0,344,343,1,5,0,5/27/2020 15:37,Agree,Agree
2020/05/27,TN,21441,21306,135,352,11,354,353,1,10,0,5/28/2020 15:12,Agree,Agree
2020/05/28,TN,21822,21679,143,381,8,357,356,1,3,0,5/29/2020 14:19,Agree,Agree
2020/05/29,TN,22236,22085,151,414,8,361,360,1,4,0,5/30/2020 15:47,Agree,Agree
2020/05/30,TN,22720,22566,154,484,3,366,364,2,5,1,5/31/2020 14:43,Agree,Agree
2020/05/31,TN,23159,23006,153,439,-1,366,364,2,0,0,6/1/2020 14:17,Agree,Agree
2020/06/01,TN,23709,23554,155,550,2,369,367,2,3,0,6/2/2020 14:16,Agree,Agree
2020/06/02,TN,24543,24375,168,834,13,396,381,15,27,13,6/3/2020 14:11,Agree,Agree
2020/06/03,TN,24990,24822,168,447,0,403,388,15,7,0,6/4/2020 15:03,Agree,Agree
2020/06/04,TN,25289,25120,169,299,1,416,401,15,13,0,6/5/2020 15:17,Agree,Agree
2020/06/05,TN,25690,25520,170,401,1,423,408,15,7,0,6/6/2020 14:31,Agree,Agree
2020/06/06,TN,26248,26071,177,558,7,432,417,15,9,0,6/7/2020 14:23,Agree,Agree
2020/06/07,TN,26561,26381,180,313,3,433,418,15,1,0,6/8/2020 14:55,Agree,Agree
2020/06/08,TN,27129,26944,185,568,5,436,421,15,3,0,6/9/2020 16:49,Agree,Agree
2020/06/09,TN,27759,27575,184,630,-1,450,435,15,14,0,6/10/2020 20:56,Agree,Agree
2020/06/10,TN,28061,27869,192,302,8,456,436,20,6,5,6/11/2020 14:48,Agree,Agree
2020/06/11,TN,28538,28340,198,477,6,461,441,20,5,0,6/12/2020 14:17,Agree,Agree
2020/06/12,TN,29126,28924,202,588,4,468,447,21,7,1,6/13/2020 17:46,Agree,Agree
2020/06/13,TN,29541,29340,201,415,-1,472,451,21,4,0,6/14/2020 14:19,Agree,Agree
2020/06/14,TN,30432,30225,207,891,6,475,454,21,3,0,6/15/2020 14:33,Agree,Agree
2020/06/15,TN,31160,30951,209,728,2,483,462,21,8,0,6/16/2020 14:10,Agree,Agree
2020/06/16,TN,31830,31612,218,670,9,493,472,21,10,0,6/17/2020 15:06,Agree,Agree
2020/06/17,TN,32143,31914,229,313,11,497,476,21,4,0,6/18/2020 17:16,Agree,Agree
2020/06/18,TN,32829,32595,234,686,5,509,488,21,12,0,6/19/2020 15:01,Agree,Agree
2020/06/19,TN,34017,33776,241,1188,7,515,494,21,6,0,6/20/2020 14:15,Agree,Agree
2020/06/20,TN,34446,34207,239,429,-2,524,503,21,9,0,6/21/2020 14:32,Agree,Agree
2020/06/21,TN,35102,34854,248,656,9,526,505,21,2,0,6/22/2020 15:24,Agree,Agree
2020/06/22,TN,35553,35302,251,451,3,531,510,21,5,0,6/23/2020 14:28,Agree,Agree
2020/06/23,TN,36303,36048,255,750,4,542,521,21,11,0,6/24/2020 15:03,Agree,Agree
2020/06/24,TN,37235,36969,266,932,11,556,535,21,14,0,6/25/2020 14:07,Agree,Agree
2020/06/25,TN,38034,37753,281,799,15,567,540,27,11,6,6/26/2020 19:18,Agree,Agree
2020/06/26,TN,39444,39149,295,1410,14,577,552,25,10,-2,6/27/2020 17:51,Agree,Agree
2020/06/27,TN,40172,39848,324,728,29,584,560,24,7,-1,6/28/2020 14:59,Agree,Agree
2020/06/28,TN,40172,39848,324,0,0,584,560,24,0,0,6/29/2020 14:37,Agree,Agree
2020/06/29,TN,42297,41949,348,2125,24,592,568,24,8,0,6/30/2020 15:27,Agree,Agree
2020/06/30,TN,43509,43161,348,1212,0,604,578,26,12,2,7/1/2020 15:45,Agree,Agree
2020/07/01,TN,45315,44951,364,1806,16,609,583,26,5,0,7/2/2020 15:10,Agree,Agree
2020/07/02,TN,46890,46520,370,1575,6,620,594,26,11,0,7/3/2020 15:01,Agree,Agree
2020/07/03,TN,48712,48344,368,1822,-2,633,608,25,13,-1,7/4/2020 15:30,Agree,Agree
2020/07/04,TN,50140,49768,372,1428,4,637,612,25,4,0,7/5/2020 15:00,Agree,Agree
2020/07/05,TN,51431,51061,370,1291,-2,646,621,25,9,0,7/6/2020 15:16,Agree,Agree
2020/07/06,TN,52155,51774,381,724,11,653,628,25,7,0,7/7/2020 14:58,Agree,Agree
2020/07/07,TN,53514,53116,398,1359,17,665,640,25,12,0,7/8/2020 14:12,Agree,Agree
2020/07/08,TN,55986,55567,419,2472,21,685,660,25,20,0,7/9/2020 15:14,Agree,Agree
2020/07/09,TN,57591,57153,438,1605,19,710,684,26,25,1,7/10/2020 15:35,Agree,Agree
2020/07/10,TN,59546,59085,461,1955,23,723,697,26,13,0,7/11/2020 18:25,Agree,Agree
2020/07/11,TN,61006,60508,498,1460,37,738,711,27,15,1,7/12/2020 15:13,Agree,Agree
2020/07/12,TN,61960,61443,517,954,19,741,714,27,3,0,7/13/2020 15:19,Agree,Agree
2020/07/13,TN,65274,64737,537,3314,20,749,722,27,8,0,7/14/2020 15:13,Agree,Agree
2020/07/14,TN,66788,66220,568,1514,31,767,740,27,18,0,7/15/2020 15:05,Agree,Agree
2020/07/15,TN,69061,68441,620,2273,52,783,755,28,16,1,7/16/2020 14:22,Agree,Agree
2020/07/16,TN,71540,70881,659,2479,39,796,767,29,13,1,7/17/2020 14:31,Agree,Agree
2020/07/17,TN,73819,73138,681,2279,22,815,785,30,19,1,7/18/2020 16:14,Agree,Agree
2020/07/18,TN,76336,75597,739,2517,58,838,807,31,23,1,7/19/2020 15:05,Agree,Agree
2020/07/19,TN,78115,77361,754,1779,15,843,812,31,5,0,7/20/2020 14:35,Agree,Agree
2020/07/20,TN,79754,78970,784,1639,30,847,816,31,4,0,7/21/2020 14:50,Agree,Agree
2020/07/21,TN,81944,81122,822,2190,38,871,840,31,24,0,7/22/2020 14:51,Agree,Agree
2020/07/22,TN,84417,83582,835,2473,13,888,855,33,17,2,7/23/2020 14:48,Agree,Agree
2020/07/23,TN,86987,86117,870,2570,35,925,891,34,37,1,7/24/2020 14:18,Agree,Agree
2020/07/24,TN,89078,88172,906,2091,36,938,904,34,13,0,7/25/2020 17:40,Agree,Agree
2020/07/25,TN,90796,89850,946,1718,40,964,930,34,26,0,7/26/2020 15:17,Agree,Agree
2020/07/26,TN,93936,92943,993,3140,47,967,933,34,3,0,7/27/2020 14:16,Agree,Agree
2020/07/27,TN,96489,95433,1056,2553,63,978,943,35,11,1,7/28/2020 14:21,Agree,Agree
2020/07/28,TN,99044,97966,1078,2555,22,999,962,37,21,2,7/29/2020 14:34,Agree,Agree
2020/07/29,TN,100822,99703,1119,1778,41,1020,983,37,21,0,7/30/2020 14:42,Agree,Agree
2020/07/30,TN,102871,101728,1143,2049,24,1033,996,37,13,0,7/31/2020 14:35,Agree,Agree
2020/07/31,TN,105959,104778,1181,3088,38,1060,1023,37,27,0,8/1/2020 14:38,Agree,Agree
2020/08/01,TN,108184,106946,1238,2225,57,1067,1030,37,7,0,8/2/2020 14:54,Agree,Agree
2020/08/02,TN,109627,108350,1277,1443,39,1073,1036,37,6,0,8/3/2020 14:31,Agree,Agree
2020/08/03,TN,110636,109325,1311,1009,34,1092,1055,37,19,0,8/4/2020 14:09,Agree,Agree
2020/08/04,TN,112441,111101,1340,1805,29,1117,1079,38,25,1,8/5/2020 14:13,Agree,Agree
2020/08/05,TN,114098,112657,1441,1657,101,1144,1104,40,27,2,8/6/2020 14:12,Agree,Agree
2020/08/06,TN,116350,114801,1549,2252,108,1186,1147,39,42,-1,8/7/2020 23:57,Agree,Agree
2020/08/07,TN,118782,117087,1695,2432,146,1206,1167,39,20,0,8/8/2020 14:58,Agree,Agree
2020/08/08,TN,120585,118821,1764,1803,69,1215,1176,39,9,0,8/9/2020 14:03,Agree,Agree
2020/08/09,TN,122712,120911,1801,2127,37,1223,1184,39,8,0,8/10/2020 14:23,Agree,Agree
2020/08/10,TN,123914,122097,1817,1202,16,1233,1194,39,10,0,8/11/2020 14:16,Agree,Agree
2020/08/11,TN,124915,123006,1909,1001,92,1271,1232,39,38,0,8/12/2020 13:50,Agree,Agree
2020/08/12,TN,126393,124391,2002,1478,93,1289,1249,40,18,1,8/13/2020 14:12,Agree,Agree
2020/08/13,TN,128511,126436,2075,2118,73,1313,1273,40,24,0,8/14/2020 14:30,Agree,Agree
2020/08/14,TN,130458,128315,2143,1947,68,1326,1285,41,13,1,8/15/2020 14:02,Agree,Agree
2020/08/15,TN,131747,129509,2238,1289,95,1345,1304,41,19,0,8/16/2020 14:57,Agree,Agree
2020/08/16,TN,133708,131383,2325,1961,87,1366,1324,42,21,1,8/17/2020 14:26,Agree,Agree
2020/08/17,TN,134744,132397,2347,1036,22,1387,1345,42,21,0,8/18/2020 14:26,Agree,Agree
2020/08/18,TN,135778,133281,2497,1034,150,1426,1386,40,39,-2,8/19/2020 14:23,Agree,Agree
2020/08/19,TN,137800,135203,2597,2022,100,1452,1412,40,26,0,8/20/2020 15:11,Agree,Agree
2020/08/20,TN,139175,136476,2699,1375,102,1488,1447,41,36,1,8/21/2020 14:27,Agree,Agree
2020/08/21,TN,140844,138015,2829,1669,130,1549,1508,41,61,0,8/22/2020 14:21,Agree,Agree
2020/08/22,TN,142083,139184,2899,1239,70,1563,1523,40,14,-1,8/23/2020 14:15,Agree,Agree
2020/08/23,TN,143937,141000,2937,1854,38,1567,1527,40,4,0,8/24/2020 13:54,Agree,Agree
2020/08/24,TN,144604,141591,3013,667,76,1588,1547,41,21,1,8/25/2020 14:02,Agree,Agree
2020/08/25,TN,145417,142251,3166,813,153,1628,1587,41,40,0,8/26/2020 13:51,Agree,Agree
2020/08/26,TN,147353,144060,3293,1936,127,1648,1604,44,20,3,8/27/2020 13:42,Agree,Agree
2020/08/27,TN,149179,145743,3436,1826,143,1673,1627,46,25,2,8/28/2020 13:43,Agree,Agree
2020/08/28,TN,150815,147326,3489,1636,53,1701,1654,47,28,1,8/29/2020 13:42,Agree,Agree
2020/08/29,TN,152280,148681,3599,1465,110,1725,1677,48,24,1,8/30/2020 14:49,Agree,Agree
2020/08/30,TN,153115,149469,3646,835,47,1747,1698,49,22,1,8/31/2020 14:05,Agree,Agree
2020/08/31,TN,154933,151250,3683,1818,37,1754,1704,50,7,1,9/1/2020 14:09,Agree,Agree
2020/09/01,TN,156329,152527,3802,1396,119,1781,1729,52,27,2,9/2/2020 13:49,Agree,Agree
2020/09/02,TN,157831,153898,3933,1502,131,1797,1743,54,16,2,9/3/2020 14:18,Agree,Agree
2020/09/03,TN,159546,155474,4072,1715,139,1815,1762,53,18,-1,9/4/2020 13:36,Agree,Agree
2020/09/04,TN,160597,156398,4199,1051,127,1837,1785,52,22,-1,9/5/2020 14:09,Agree,Agree
2020/09/05,TN,162362,158070,4292,1765,93,1862,1810,52,25,0,9/6/2020 14:09,Agree,Agree
2020/09/06,TN,164126,159795,4331,1764,39,1865,1814,51,3,-1,9/7/2020 13:37,Agree,Agree
2020/09/07,TN,165109,160708,4401,983,70,1869,1818,51,4,0,9/8/2020 14:47,Agree,Agree
2020/09/08,TN,165754,161344,4410,645,9,1896,1843,53,27,2,9/9/2020 13:47,Agree,Agree
2020/09/09,TN,166587,162028,4559,833,149,1931,1875,56,35,3,9/10/2020 14:02,Agree,Agree
2020/09/10,TN,168237,163515,4722,1650,163,1988,1923,65,57,9,9/11/2020 13:51,Agree,Agree
2020/09/11,TN,169859,165009,4850,1622,128,2025,1957,68,37,3,9/12/2020 14:12,Agree,Agree
2020/09/12,TN,170891,165922,4969,1032,119,2064,1995,69,39,1,9/13/2020 16:17,Agree,Agree
2020/09/13,TN,171824,166799,5025,933,56,2078,2008,70,14,1,9/14/2020 14:01,Agree,Agree
2020/09/14,TN,174274,169130,5144,2450,119,2097,2026,71,19,1,9/15/2020 14:03,Agree,Agree
2020/09/15,TN,175231,169893,5338,957,194,2127,2050,77,30,6,9/16/2020 13:53,Agree,Agree
2020/09/16,TN,177087,171574,5513,1856,175,2151,2074,77,24,0,9/17/2020 13:45,Agree,Agree
2020/09/17,TN,178140,172453,5687,1053,174,2164,2084,80,13,3,9/18/2020 13:48,Agree,Agree
2020/09/18,TN,180497,174637,5860,2357,173,2196,2116,80,32,0,9/19/2020 14:00,Agree,Agree
2020/09/19,TN,181439,175443,5996,942,136,2216,2135,81,20,1,9/20/2020 13:53,Agree,Agree
2020/09/20,TN,183514,177394,6120,2075,124,2218,2137,81,2,0,9/21/2020 13:47,Agree,Agree
2020/09/21,TN,184409,178190,6219,895,99,2233,2152,81,15,0,9/22/2020 13:51,Agree,Agree
2020/09/22,TN,185148,178759,6389,739,170,2261,2178,83,28,2,9/23/2020 13:51,Agree,Agree
2020/09/23,TN,186709,180083,6626,1561,237,2275,2192,83,14,0,9/24/2020 13:54,Agree,Agree
2020/09/24,TN,187544,180793,6751,835,125,2310,2221,89,35,6,9/25/2020 13:54,Agree,Agree
2020/09/25,TN,189454,182542,6912,1910,161,2352,2262,90,42,1,9/26/2020 13:46,Agree,Agree
2020/01/22,AS,0,,,0,,0,,,0,,3/26/2020 16:22,,
2020/01/23,AS,0,,,0,,0,,,0,,3/26/2020 16:22,,
2020/01/24,AS,0,,,0,,0,,,0,,3/26/2020 16:22,,
2020/01/25,AS,0,,,0,,0,,,0,,3/26/2020 16:22,,
2020/01/26,AS,0,,,0,,0,,,0,,3/26/2020 16:22,,
2020/01/27,AS,0,,,0,,0,,,0,,3/26/2020 16:22,,
2020/01/28,AS,0,,,0,,0,,,0,,3/26/2020 16:22,,
2020/01/29,AS,0,,,0,,0,,,0,,3/26/2020 16:22,,
2020/01/30,AS,0,,,0,,0,,,0,,3/26/2020 16:22,,
2020/01/31,AS,0,,,0,,0,,,0,,3/26/2020 16:22,,
2020/02/01,AS,0,,,0,,0,,,0,,3/26/2020 16:22,,
2020/02/02,AS,0,,,0,,0,,,0,,3/26/2020 16:22,,
2020/02/03,AS,0,,,0,,0,,,0,,3/26/2020 16:22,,
2020/02/04,AS,0,,,0,,0,,,0,,3/26/2020 16:22,,
2020/02/05,AS,0,,,0,,0,,,0,,3/26/2020 16:22,,
2020/02/06,AS,0,,,0,,0,,,0,,3/26/2020 16:22,,
2020/02/07,AS,0,,,0,,0,,,0,,3/26/2020 16:22,,
2020/02/08,AS,0,,,0,,0,,,0,,3/26/2020 16:22,,
2020/02/09,AS,0,,,0,,0,,,0,,3/26/2020 16:22,,
2020/02/10,AS,0,,,0,,0,,,0,,3/26/2020 16:22,,
2020/02/11,AS,0,,,0,,0,,,0,,3/26/2020 16:22,,
2020/02/12,AS,0,,,0,,0,,,0,,3/26/2020 16:22,,
2020/02/13,AS,0,,,0,,0,,,0,,3/26/2020 16:22,,
2020/02/14,AS,0,,,0,,0,,,0,,3/26/2020 16:22,,
2020/02/15,AS,0,,,0,,0,,,0,,3/26/2020 16:22,,
2020/02/16,AS,0,,,0,,0,,,0,,3/26/2020 16:22,,
2020/02/17,AS,0,,,0,,0,,,0,,3/26/2020 16:22,,
2020/02/18,AS,0,,,0,,0,,,0,,3/26/2020 16:22,,
2020/02/19,AS,0,,,0,,0,,,0,,3/26/2020 16:22,,
2020/02/20,AS,0,,,0,,0,,,0,,3/26/2020 16:22,,
2020/02/21,AS,0,,,0,,0,,,0,,3/26/2020 16:22,,
2020/02/22,AS,0,,,0,,0,,,0,,3/26/2020 16:22,,
2020/02/23,AS,0,,,0,,0,,,0,,3/26/2020 16:22,,
2020/02/24,AS,0,,,0,,0,,,0,,3/26/2020 16:22,,
2020/02/25,AS,0,,,0,,0,,,0,,3/26/2020 16:22,,
2020/02/26,AS,0,,,0,,0,,,0,,3/26/2020 16:22,,
2020/02/27,AS,0,,,0,,0,,,0,,3/26/2020 16:22,,
2020/02/28,AS,0,,,0,,0,,,0,,3/26/2020 16:22,,
2020/02/29,AS,0,,,0,,0,,,0,,3/26/2020 16:22,,
2020/03/01,AS,0,,,0,,0,,,0,,3/26/2020 16:22,,
2020/03/02,AS,0,,,0,,0,,,0,,3/26/2020 16:22,,
2020/03/03,AS,0,,,0,,0,,,0,,3/26/2020 16:22,,
2020/03/04,AS,0,,,0,,0,,,0,,3/26/2020 16:22,,
2020/03/05,AS,0,,,0,,0,,,0,,3/26/2020 16:22,,
2020/03/06,AS,0,,,0,,0,,,0,,3/26/2020 16:22,,
2020/03/07,AS,0,,,0,,0,,,0,,3/26/2020 16:22,,
2020/03/08,AS,0,,,0,,0,,,0,,3/26/2020 16:22,,
2020/03/09,AS,0,,,0,,0,,,0,,3/26/2020 16:22,,
2020/03/10,AS,0,,,0,,0,,,0,,3/26/2020 16:22,,
2020/03/11,AS,0,,,0,,0,,,0,,3/26/2020 16:22,,
2020/03/12,AS,0,,,0,,0,,,0,,3/26/2020 16:22,,
2020/03/13,AS,0,,,0,,0,,,0,,3/26/2020 16:22,,
2020/03/14,AS,0,,,0,,0,,,0,,3/26/2020 16:22,,
2020/03/15,AS,0,,,0,,0,,,0,,3/26/2020 16:22,,
2020/03/16,AS,0,,,0,,0,,,0,,3/26/2020 16:22,,
2020/03/17,AS,0,,,0,,0,,,0,,3/26/2020 16:22,,
2020/03/18,AS,0,,,0,,0,,,0,,3/26/2020 16:22,,
2020/03/19,AS,0,,,0,,0,,,0,,3/26/2020 16:22,,
2020/03/20,AS,0,,,0,,0,,,0,,3/26/2020 16:22,,
2020/03/21,AS,0,,,0,,0,,,0,,3/26/2020 16:22,,
2020/03/22,AS,0,,,0,,0,,,0,,3/26/2020 16:22,,
2020/03/23,AS,0,,,0,,0,,,0,,3/26/2020 16:22,,
2020/03/24,AS,0,,,0,,0,,,0,,3/26/2020 16:22,,
2020/03/25,AS,0,,,0,,0,,,0,,3/26/2020 16:22,,
2020/03/26,AS,0,,,0,,0,,,0,,3/26/2020 16:22,,
2020/03/27,AS,0,,,0,,0,,,0,,3/26/2020 16:22,,
2020/03/28,AS,0,,,0,,0,,,0,,3/28/2020 16:22,,
2020/03/29,AS,0,,,0,,0,,,0,,3/28/2020 16:22,,
2020/03/30,AS,0,,,0,,0,,,0,,3/29/2020 16:22,,
2020/03/31,AS,0,,,0,,0,,,0,,3/30/2020 16:22,,
2020/04/01,AS,0,,,0,,0,,,0,,3/31/2020 16:22,,
2020/04/02,AS,0,,,0,,0,,,0,,4/1/2020 16:22,,
2020/04/03,AS,0,,,0,,0,,,0,,4/3/2020 16:22,,
2020/04/04,AS,0,,,0,,0,,,0,,4/3/2020 16:22,,
2020/04/05,AS,0,,,0,,0,,,0,,4/4/2020 16:22,,
2020/04/06,AS,0,,,0,,0,,,0,,4/5/2020 16:22,,
2020/04/07,AS,0,,,0,,0,,,0,,4/7/2020 16:22,,
2020/04/08,AS,0,,,0,,0,,,0,,4/7/2020 16:22,,
2020/04/09,AS,0,,,0,,0,,,0,,4/8/2020 16:22,,
2020/04/10,AS,0,,,0,,0,,,0,,4/9/2020 16:22,,
2020/04/11,AS,0,,,0,,0,,,0,,4/10/2020 16:22,,
2020/04/12,AS,0,,,0,,0,,,0,,4/11/2020 16:22,,
2020/04/13,AS,0,,,0,,0,,,0,,4/12/2020 16:22,,
2020/04/14,AS,0,,,0,,0,,,0,,4/13/2020 16:22,,
2020/04/15,AS,0,,,0,,0,,,0,,4/15/2020 16:22,,
2020/04/16,AS,0,,,0,,0,,,0,,4/16/2020 16:22,,
2020/04/17,AS,0,,,0,,0,,,0,,4/17/2020 16:22,,
2020/04/18,AS,0,,,0,,0,,,0,,4/18/2020 16:22,,
2020/04/19,AS,0,,,0,0,0,,,0,0,4/19/2020 16:22,,
2020/04/20,AS,0,,,0,,0,,,0,0,4/20/2020 16:22,,
2020/04/21,AS,0,,,0,0,0,,,0,0,4/21/2020 16:22,,
2020/04/22,AS,0,,,0,0,0,,,0,0,4/22/2020 16:22,,
2020/04/23,AS,0,,,0,0,0,,,0,0,5/25/2020 15:38,,
2020/04/24,AS,0,,,0,0,0,,,0,0,5/25/2020 15:38,,
2020/04/25,AS,0,,,0,0,0,,,0,0,5/25/2020 15:38,,
2020/04/26,AS,0,,,0,0,0,,,0,0,5/25/2020 15:38,,
2020/04/27,AS,0,,,0,0,0,,,0,0,5/25/2020 15:38,,
2020/04/28,AS,0,,,0,0,0,,,0,0,4/29/2020 18:12,,
2020/04/29,AS,0,,,0,0,0,,,0,0,4/30/2020 16:07,,
2020/04/30,AS,0,,,0,0,0,,,0,0,5/1/2020 21:00,,
2020/05/01,AS,0,,,0,0,0,,,0,0,5/2/2020 15:47,,
2020/05/02,AS,0,,,0,0,0,,,0,0,5/3/2020 15:36,,
2020/05/03,AS,0,,,0,0,0,,,0,0,5/4/2020 22:49,,
2020/05/04,AS,0,,,0,0,0,,,0,0,5/5/2020 17:25,,
2020/05/05,AS,0,,,0,0,0,,,0,0,5/6/2020 16:23,,
2020/05/06,AS,0,,,0,0,0,,,0,0,5/7/2020 22:59,,
2020/05/07,AS,0,,,0,0,0,,,0,0,5/8/2020 21:26,,
2020/05/08,AS,0,,,0,0,0,,,0,0,5/9/2020 21:26,,
2020/05/09,AS,0,,,0,0,0,,,0,0,5/10/2020 21:26,,
2020/05/10,AS,0,,,0,0,0,,,0,0,5/11/2020 21:26,,
2020/05/11,AS,0,,,0,0,0,,,0,0,5/12/2020 17:26,,
2020/05/12,AS,0,,,0,0,0,,,0,0,5/13/2020 15:26,,
2020/05/13,AS,0,,,0,0,0,,,0,0,5/14/2020 17:25,,
2020/05/14,AS,0,,,0,0,0,,,0,0,5/15/2020 16:11,,
2020/05/15,AS,0,,,0,0,0,,,0,0,5/16/2020 15:46,,
2020/05/16,AS,0,,,0,0,0,,,0,0,5/17/2020 15:27,,
2020/05/17,AS,0,,,0,0,0,,,0,0,5/18/2020 16:01,,
2020/05/18,AS,0,,,0,0,0,,,0,0,5/19/2020 15:45,,
2020/05/19,AS,0,,,0,0,0,,,0,0,5/20/2020 15:28,,
2020/05/20,AS,0,,,0,0,0,,,0,0,5/21/2020 15:41,,
2020/05/21,AS,0,,,0,0,0,,,0,0,5/22/2020 15:31,,
2020/05/22,AS,0,,,0,0,0,,,0,0,5/23/2020 17:58,,
2020/05/23,AS,0,,,0,0,0,,,0,0,5/24/2020 14:15,,
2020/05/24,AS,0,,,0,0,0,,,0,0,5/25/2020 14:12,,
2020/05/25,AS,0,,,0,0,0,,,0,0,5/26/2020 14:23,,
2020/05/26,AS,0,,,0,0,0,,,0,0,5/27/2020 15:37,,
2020/05/27,AS,0,,,0,0,0,,,0,0,5/28/2020 15:12,,
2020/05/28,AS,0,,,0,0,0,,,0,0,5/29/2020 14:19,,
2020/05/29,AS,0,,,0,0,0,,,0,0,5/30/2020 15:47,,
2020/05/30,AS,0,,,0,0,0,,,0,0,5/31/2020 14:43,,
2020/05/31,AS,0,,,0,0,0,,,0,0,6/1/2020 14:17,,
2020/06/01,AS,0,,,0,0,0,,,0,0,6/2/2020 14:16,,
2020/06/02,AS,0,,,0,0,0,,,0,0,6/3/2020 14:11,,
2020/06/03,AS,0,,,0,0,0,,,0,0,6/4/2020 15:03,,
2020/06/04,AS,0,,,0,0,0,,,0,0,6/5/2020 15:17,,
2020/06/05,AS,0,,,0,0,0,,,0,0,6/6/2020 14:31,,
2020/06/06,AS,0,,,0,0,0,,,0,0,6/7/2020 14:23,,
2020/06/07,AS,0,,,0,0,0,,,0,0,6/8/2020 14:55,,
2020/06/08,AS,0,,,0,0,0,,,0,0,6/9/2020 16:49,,
2020/06/09,AS,0,,,0,0,0,,,0,0,6/10/2020 20:56,,
2020/06/10,AS,0,,,0,0,0,,,0,0,6/11/2020 14:48,,
2020/06/11,AS,0,,,0,0,0,,,0,0,6/12/2020 14:17,,
2020/06/12,AS,0,,,0,0,0,,,0,0,6/13/2020 17:46,,
2020/06/13,AS,0,,,0,0,0,,,0,0,6/14/2020 14:19,,
2020/06/14,AS,0,,,0,0,0,,,0,0,6/15/2020 14:33,,
2020/06/15,AS,0,,,0,0,0,,,0,0,6/16/2020 14:10,,
2020/06/16,AS,0,,,0,0,0,,,0,0,6/17/2020 15:06,,
2020/06/17,AS,0,,,0,0,0,,,0,0,6/18/2020 17:16,,
2020/06/18,AS,0,,,0,0,0,,,0,0,6/19/2020 15:01,,
2020/06/19,AS,0,,,0,0,0,,,0,0,6/20/2020 14:15,,
2020/06/20,AS,0,,,0,0,0,,,0,0,6/21/2020 14:32,,
2020/06/21,AS,0,,,0,0,0,,,0,0,6/22/2020 15:24,,
2020/06/22,AS,0,,,0,0,0,,,0,0,6/23/2020 14:28,,
2020/06/23,AS,0,,,0,0,0,,,0,0,6/24/2020 15:03,,
2020/06/24,AS,0,,,0,0,0,,,0,0,6/25/2020 14:07,,
2020/06/25,AS,0,,,0,0,0,,,0,0,6/26/2020 19:18,,
2020/06/26,AS,0,,,0,0,0,,,0,0,6/27/2020 17:51,,
2020/06/27,AS,0,,,0,0,0,,,0,0,6/28/2020 14:59,,
2020/06/28,AS,0,,,0,0,0,,,0,0,6/29/2020 14:37,,
2020/06/29,AS,0,,,0,0,0,,,0,0,6/30/2020 15:27,,
2020/06/30,AS,0,,,0,0,0,,,0,0,7/1/2020 15:45,,
2020/07/01,AS,0,,,0,0,0,,,0,0,7/2/2020 15:10,,
2020/07/02,AS,0,,,0,0,0,,,0,0,7/3/2020 15:01,,
2020/07/03,AS,0,,,0,0,0,,,0,0,7/4/2020 15:30,,
2020/07/04,AS,0,,,0,0,0,,,0,0,7/5/2020 15:00,,
2020/07/05,AS,0,,,0,0,0,,,0,0,7/6/2020 15:16,,
2020/07/06,AS,0,,,0,0,0,,,0,0,7/7/2020 14:58,,
2020/07/07,AS,0,,,0,0,0,,,0,0,7/8/2020 14:12,,
2020/07/08,AS,0,,,0,0,0,,,0,0,7/9/2020 15:14,,
2020/07/09,AS,0,,,0,0,0,,,0,0,7/10/2020 15:35,,
2020/07/10,AS,0,,,0,0,0,,,0,0,7/11/2020 18:25,,
2020/07/11,AS,0,,,0,0,0,,,0,0,7/12/2020 15:13,,
2020/07/12,AS,0,,,0,0,0,,,0,0,7/13/2020 15:19,,
2020/07/13,AS,0,,,0,0,0,,,0,0,7/14/2020 15:13,,
2020/07/14,AS,0,,,0,0,0,,,0,0,7/15/2020 15:05,,
2020/07/15,AS,0,,,0,0,0,,,0,0,7/16/2020 14:22,,
2020/07/16,AS,0,,,0,0,0,,,0,0,7/17/2020 14:31,,
2020/07/17,AS,0,,,0,0,0,,,0,0,7/18/2020 16:14,,
2020/07/18,AS,0,,,0,0,0,,,0,0,7/19/2020 15:05,,
2020/07/19,AS,0,,,0,0,0,,,0,0,7/20/2020 14:35,,
2020/07/20,AS,0,,,0,0,0,,,0,0,7/21/2020 14:50,,
2020/07/21,AS,0,,,0,0,0,,,0,0,7/22/2020 14:51,,
2020/07/22,AS,0,,,0,0,0,,,0,0,7/23/2020 14:48,,
2020/07/23,AS,0,,,0,0,0,,,0,0,7/24/2020 14:18,,
2020/07/24,AS,0,,,0,0,0,,,0,0,7/25/2020 17:40,,
2020/07/25,AS,0,,,0,0,0,,,0,0,7/26/2020 15:17,,
2020/07/26,AS,0,,,0,0,0,,,0,0,7/27/2020 14:16,,
2020/07/27,AS,0,,,0,0,0,,,0,0,7/28/2020 14:21,,
2020/07/28,AS,0,,,0,0,0,,,0,0,7/29/2020 14:34,,
2020/07/29,AS,0,,,0,0,0,,,0,0,7/30/2020 14:42,,
2020/07/30,AS,0,,,0,0,0,,,0,0,7/31/2020 14:35,,
2020/07/31,AS,0,,,0,0,0,,,0,0,8/1/2020 14:38,,
2020/08/01,AS,0,,,0,0,0,,,0,0,8/2/2020 14:54,,
2020/08/02,AS,0,,,0,0,0,,,0,0,8/3/2020 14:31,,
2020/08/03,AS,0,,,0,0,0,,,0,0,8/4/2020 14:09,,
2020/08/04,AS,0,,,0,0,0,,,0,0,8/5/2020 14:13,,
2020/08/05,AS,0,,,0,0,0,,,0,0,8/6/2020 14:12,,
2020/08/06,AS,0,,,0,0,0,,,0,0,8/7/2020 23:57,,
2020/08/07,AS,0,,,0,0,0,,,0,0,8/8/2020 14:58,,
2020/08/08,AS,0,,,0,0,0,,,0,0,8/9/2020 14:03,,
2020/08/09,AS,0,,,0,0,0,,,0,0,8/10/2020 14:23,,
2020/08/10,AS,0,,,0,0,0,,,0,0,8/11/2020 14:16,,
2020/08/11,AS,0,,,0,0,0,,,0,0,8/12/2020 13:50,,
2020/08/12,AS,0,,,0,0,0,,,0,0,8/13/2020 14:12,,
2020/08/13,AS,0,,,0,0,0,,,0,0,8/14/2020 14:30,,
2020/08/14,AS,0,,,0,0,0,,,0,0,8/15/2020 14:02,,
2020/08/15,AS,0,,,0,0,0,,,0,0,8/16/2020 14:57,,
2020/08/16,AS,0,,,0,0,0,,,0,0,8/17/2020 14:26,,
2020/08/17,AS,0,,,0,0,0,,,0,0,8/18/2020 14:26,,
2020/08/18,AS,0,,,0,0,0,,,0,0,8/19/2020 14:23,,
2020/08/19,AS,0,,,0,0,0,,,0,0,8/20/2020 15:11,,
2020/08/20,AS,0,,,0,0,0,,,0,0,8/21/2020 14:27,,
2020/08/21,AS,0,,,0,0,0,,,0,0,8/22/2020 14:21,,
2020/08/22,AS,0,,,0,0,0,,,0,0,8/23/2020 14:15,,
2020/08/23,AS,0,,,0,0,0,,,0,0,8/24/2020 13:54,,
2020/08/24,AS,0,,,0,0,0,,,0,0,8/25/2020 14:02,,
2020/08/25,AS,0,,,0,0,0,,,0,0,8/26/2020 13:51,,
2020/08/26,AS,0,,,0,0,0,,,0,0,8/27/2020 13:42,,
2020/08/27,AS,0,,,0,0,0,,,0,0,8/28/2020 13:43,,
2020/08/28,AS,0,,,0,0,0,,,0,0,8/29/2020 13:42,,
2020/08/29,AS,0,,,0,0,0,,,0,0,8/30/2020 14:49,,
2020/08/30,AS,0,,,0,0,0,,,0,0,8/31/2020 14:05,,
2020/08/31,AS,0,,,0,0,0,,,0,0,9/1/2020 14:09,,
2020/09/01,AS,0,,,0,0,0,,,0,0,9/2/2020 13:49,,
2020/09/02,AS,0,,,0,0,0,,,0,0,9/3/2020 14:18,,
2020/09/03,AS,0,,,0,0,0,,,0,0,9/4/2020 13:36,,
2020/09/04,AS,0,,,0,0,0,,,0,0,9/5/2020 14:09,,
2020/09/05,AS,0,,,0,0,0,,,0,0,9/6/2020 14:09,,
2020/09/06,AS,0,,,0,0,0,,,0,0,9/7/2020 13:37,,
2020/09/07,AS,0,,,0,0,0,,,0,0,9/8/2020 14:47,,
2020/09/08,AS,0,,,0,0,0,,,0,0,9/9/2020 13:47,,
2020/09/09,AS,0,,,0,0,0,,,0,0,9/10/2020 14:02,,
2020/09/10,AS,0,,,0,0,0,,,0,0,9/11/2020 13:51,,
2020/09/11,AS,0,,,0,0,0,,,0,0,9/12/2020 14:12,,
2020/09/12,AS,0,,,0,0,0,,,0,0,9/13/2020 16:17,,
2020/09/13,AS,0,,,0,0,0,,,0,0,9/14/2020 14:01,,
2020/09/14,AS,0,,,0,0,0,,,0,0,9/15/2020 14:03,,
2020/09/15,AS,0,,,0,0,0,,,0,0,9/16/2020 13:53,,
2020/09/16,AS,0,,,0,0,0,,,0,0,9/17/2020 13:45,,
2020/09/17,AS,0,,,0,0,0,,,0,0,9/18/2020 13:48,,
2020/09/18,AS,0,,,0,0,0,,,0,0,9/19/2020 14:00,,
2020/09/19,AS,0,,,0,0,0,,,0,0,9/20/2020 13:53,,
2020/09/20,AS,0,,,0,0,0,,,0,0,9/21/2020 13:47,,
2020/09/21,AS,0,,,0,0,0,,,0,0,9/22/2020 13:51,,
2020/09/22,AS,0,,,0,0,0,,,0,0,9/23/2020 13:51,,
2020/09/23,AS,0,,,0,0,0,,,0,0,9/24/2020 13:54,,
2020/09/24,AS,0,,,0,0,0,,,0,0,9/25/2020 13:54,,
2020/09/25,AS,0,,,0,0,0,,,0,0,9/26/2020 13:46,,
2020/01/22,MA,0,,,0,,0,,,0,,3/26/2020 16:22,Agree,Agree
2020/01/23,MA,0,,,0,,0,,,0,,3/26/2020 16:22,Agree,Agree
2020/01/24,MA,0,,,0,,0,,,0,,3/26/2020 16:22,Agree,Agree
2020/01/25,MA,0,,,0,,0,,,0,,3/26/2020 16:22,Agree,Agree
2020/01/26,MA,0,,,0,,0,,,0,,3/26/2020 16:22,Agree,Agree
2020/01/27,MA,0,,,0,,0,,,0,,3/26/2020 16:22,Agree,Agree
2020/01/28,MA,0,,,0,,0,,,0,,3/26/2020 16:22,Agree,Agree
2020/01/29,MA,0,,,0,,0,,,0,,3/26/2020 16:22,Agree,Agree
2020/01/30,MA,0,,,0,,0,,,0,,3/26/2020 16:22,Agree,Agree
2020/01/31,MA,0,,,0,,0,,,0,,3/26/2020 16:22,Agree,Agree
2020/02/01,MA,1,,,1,,0,,,0,,3/26/2020 16:22,Agree,Agree
2020/02/02,MA,1,,,0,,0,,,0,,3/26/2020 16:22,Agree,Agree
2020/02/03,MA,1,,,0,,0,,,0,,3/26/2020 16:22,Agree,Agree
2020/02/04,MA,1,,,0,,0,,,0,,3/26/2020 16:22,Agree,Agree
2020/02/05,MA,1,,,0,,0,,,0,,3/26/2020 16:22,Agree,Agree
2020/02/06,MA,1,,,0,,0,,,0,,3/26/2020 16:22,Agree,Agree
2020/02/07,MA,1,,,0,,0,,,0,,3/26/2020 16:22,Agree,Agree
2020/02/08,MA,1,,,0,,0,,,0,,3/26/2020 16:22,Agree,Agree
2020/02/09,MA,1,,,0,,0,,,0,,3/26/2020 16:22,Agree,Agree
2020/02/10,MA,1,,,0,,0,,,0,,3/26/2020 16:22,Agree,Agree
2020/02/11,MA,1,,,0,,0,,,0,,3/26/2020 16:22,Agree,Agree
2020/02/12,MA,1,,,0,,0,,,0,,3/26/2020 16:22,Agree,Agree
2020/02/13,MA,1,,,0,,0,,,0,,3/26/2020 16:22,Agree,Agree
2020/02/14,MA,1,,,0,,0,,,0,,3/26/2020 16:22,Agree,Agree
2020/02/15,MA,1,,,0,,0,,,0,,3/26/2020 16:22,Agree,Agree
2020/02/16,MA,1,,,0,,0,,,0,,3/26/2020 16:22,Agree,Agree
2020/02/17,MA,1,,,0,,0,,,0,,3/26/2020 16:22,Agree,Agree
2020/02/18,MA,1,,,0,,0,,,0,,3/26/2020 16:22,Agree,Agree
2020/02/19,MA,1,,,0,,0,,,0,,3/26/2020 16:22,Agree,Agree
2020/02/20,MA,1,,,0,,0,,,0,,3/26/2020 16:22,Agree,Agree
2020/02/21,MA,1,,,0,,0,,,0,,3/26/2020 16:22,Agree,Agree
2020/02/22,MA,1,,,0,,0,,,0,,3/26/2020 16:22,Agree,Agree
2020/02/23,MA,1,,,0,,0,,,0,,3/26/2020 16:22,Agree,Agree
2020/02/24,MA,1,,,0,,0,,,0,,3/26/2020 16:22,Agree,Agree
2020/02/25,MA,1,,,0,,0,,,0,,3/26/2020 16:22,Agree,Agree
2020/02/26,MA,1,,,0,,0,,,0,,3/26/2020 16:22,Agree,Agree
2020/02/27,MA,1,,,0,,0,,,0,,3/26/2020 16:22,Agree,Agree
2020/02/28,MA,1,,,0,,0,,,0,,3/26/2020 16:22,Agree,Agree
2020/02/29,MA,1,,,0,,0,,,0,,3/26/2020 16:22,Agree,Agree
2020/03/01,MA,1,,,0,,0,,,0,,3/26/2020 16:22,Agree,Agree
2020/03/02,MA,1,,,0,,0,,,0,,3/26/2020 16:22,Agree,Agree
2020/03/03,MA,2,,,1,,0,,,0,,3/26/2020 16:22,Agree,Agree
2020/03/04,MA,2,,,0,,0,,,0,,3/26/2020 16:22,Agree,Agree
2020/03/05,MA,2,,,0,,0,,,0,,3/26/2020 16:22,Agree,Agree
2020/03/06,MA,7,,,5,,0,,,0,,3/26/2020 16:22,Agree,Agree
2020/03/07,MA,9,,,2,,0,,,0,,3/26/2020 16:22,Agree,Agree
2020/03/08,MA,28,,,19,,0,,,0,,3/26/2020 16:22,Agree,Agree
2020/03/09,MA,28,,,0,,0,,,0,,3/26/2020 16:22,Agree,Agree
2020/03/10,MA,91,,,63,,0,,,0,,3/26/2020 16:22,Agree,Agree
2020/03/11,MA,95,,,4,,0,,,0,,3/26/2020 16:22,Agree,Agree
2020/03/12,MA,108,,,13,,0,,,0,,3/26/2020 16:22,Agree,Agree
2020/03/13,MA,109,,,1,,0,,,0,,3/26/2020 16:22,Agree,Agree
2020/03/14,MA,109,,,0,,0,,,0,,3/26/2020 16:22,Agree,Agree
2020/03/15,MA,164,,,55,,0,,,0,,3/26/2020 16:22,Agree,Agree
2020/03/16,MA,197,,,33,,0,,,0,,3/26/2020 16:22,Agree,Agree
2020/03/17,MA,218,,,21,,0,,,0,,3/26/2020 16:22,Agree,Agree
2020/03/18,MA,256,,,38,,0,,,0,,3/26/2020 16:22,Agree,Agree
2020/03/19,MA,328,,,72,,0,,,0,,3/26/2020 16:22,Agree,Agree
2020/03/20,MA,413,,,85,,1,,,1,,3/26/2020 16:22,Agree,Agree
2020/03/21,MA,525,,,112,,1,,,0,,3/26/2020 16:22,Agree,Agree
2020/03/22,MA,646,,,121,,5,,,4,,3/26/2020 16:22,Agree,Agree
2020/03/23,MA,777,,,131,,9,,,4,,3/26/2020 16:22,Agree,Agree
2020/03/24,MA,1159,,,382,,11,,,2,,3/26/2020 16:22,Agree,Agree
2020/03/25,MA,1838,,,679,,15,,,4,,3/26/2020 16:22,Agree,Agree
2020/03/26,MA,2417,,,579,,25,,,10,,3/26/2020 16:22,Agree,Agree
2020/03/27,MA,3240,,,823,,35,,,10,,3/26/2020 16:22,Agree,Agree
2020/03/28,MA,4257,,,1017,,44,,,9,,3/28/2020 16:22,Agree,Agree
2020/03/29,MA,4955,,,698,,48,,,4,,3/28/2020 16:22,Agree,Agree
2020/03/30,MA,5752,,,797,,56,,,8,,3/29/2020 16:22,Agree,Agree
2020/03/31,MA,6620,,,868,,89,,,33,,3/30/2020 16:22,Agree,Agree
2020/04/01,MA,7738,,,1118,,122,,,33,,3/31/2020 16:22,Agree,Agree
2020/04/02,MA,8966,,,1228,,154,,,32,,4/1/2020 16:22,Agree,Agree
2020/04/03,MA,10402,,,1436,,192,,,38,,4/3/2020 16:22,Agree,Agree
2020/04/04,MA,11736,,,1334,,216,,,24,,4/3/2020 16:22,Agree,Agree
2020/04/05,MA,12500,,,764,,231,,,15,,4/4/2020 16:22,Agree,Agree
2020/04/06,MA,13837,,,1337,,260,,,29,,4/5/2020 16:22,Agree,Agree
2020/04/07,MA,15202,,,1365,,356,,,96,,4/7/2020 16:22,Agree,Agree
2020/04/08,MA,16567,,,1365,,433,,,77,,4/7/2020 16:22,Agree,Agree
2020/04/09,MA,18941,,,2374,,503,,,70,,4/8/2020 16:22,Agree,Agree
2020/04/10,MA,20845,,,1904,,599,,,96,,4/9/2020 16:22,Agree,Agree
2020/04/11,MA,23918,,,3073,,692,,,93,,4/10/2020 16:22,Agree,Agree
2020/04/12,MA,25475,,,1557,,756,,,64,,4/11/2020 16:22,Agree,Agree
2020/04/13,MA,26867,,,1392,,844,,,88,,4/12/2020 16:22,Agree,Agree
2020/04/14,MA,28163,,,1296,,957,,,113,,4/13/2020 16:22,Agree,Agree
2020/04/15,MA,29918,,,1755,,1108,,,151,,4/15/2020 16:22,Agree,Agree
2020/04/16,MA,32181,,,2263,,1245,,,137,,4/16/2020 16:22,Agree,Agree
2020/04/17,MA,34402,,,2221,,1404,,,159,,4/17/2020 16:22,Agree,Agree
2020/04/18,MA,36372,,,1970,,1560,,,156,,4/18/2020 16:22,Agree,Agree
2020/04/19,MA,38077,38077,0,1705,0,1706,1706,0,146,0,4/19/2020 16:22,Agree,Agree
2020/04/20,MA,39643,39643,0,1566,0,1809,1809,0,103,0,4/20/2020 16:22,Agree,Agree
2020/04/21,MA,41199,41199,0,1556,0,1961,1961,0,152,0,4/21/2020 16:22,Agree,Agree
2020/04/22,MA,42944,42944,0,1745,0,2182,2182,0,221,0,4/22/2020 16:22,Agree,Agree
2020/04/23,MA,46023,46023,0,3079,0,2360,2360,0,178,0,5/25/2020 15:38,Agree,Agree
2020/04/24,MA,50969,50969,0,4946,0,2556,2556,0,196,0,5/25/2020 15:38,Agree,Agree
2020/04/25,MA,53348,53348,0,2379,0,2730,2730,0,174,0,5/25/2020 15:38,Agree,Agree
2020/04/26,MA,54938,54938,0,1590,0,2899,2899,0,169,0,5/25/2020 15:38,Agree,Agree
2020/04/27,MA,56462,56462,0,1524,0,3003,3003,0,104,0,5/25/2020 15:38,Agree,Agree
2020/04/28,MA,58302,58302,0,1840,0,3153,3153,0,150,0,4/29/2020 18:12,Agree,Agree
2020/04/29,MA,60265,60265,0,1963,0,3405,3405,0,252,0,4/30/2020 16:07,Agree,Agree
2020/04/30,MA,62205,62205,0,1940,0,3562,3562,0,157,0,5/1/2020 21:00,Agree,Agree
2020/05/01,MA,64311,64311,0,2106,0,3716,3716,0,154,0,5/2/2020 15:47,Agree,Agree
2020/05/02,MA,66263,66263,0,1952,0,3846,3846,0,130,0,5/3/2020 15:36,Agree,Agree
2020/05/03,MA,68087,68087,0,1824,0,4004,4004,0,158,0,5/4/2020 22:49,Agree,Agree
2020/05/04,MA,69087,69087,0,1000,0,4090,4090,0,86,0,5/5/2020 17:25,Agree,Agree
2020/05/05,MA,70271,70271,0,1184,0,4212,4212,0,122,0,5/6/2020 16:23,Agree,Agree
2020/05/06,MA,72025,72025,0,1754,0,4420,4420,0,208,0,5/7/2020 22:59,Agree,Agree
2020/05/07,MA,73721,73721,0,1696,0,4552,4552,0,132,0,5/8/2020 21:26,Agree,Agree
2020/05/08,MA,75333,75333,0,1612,0,4702,4702,0,150,0,5/9/2020 21:26,Agree,Agree
2020/05/09,MA,76743,76743,0,1410,0,4840,4840,0,138,0,5/10/2020 21:26,Agree,Agree
2020/05/10,MA,77793,77793,0,1050,0,4979,4979,0,139,0,5/11/2020 21:26,Agree,Agree
2020/05/11,MA,78462,78462,0,669,0,5108,5108,0,129,0,5/12/2020 17:26,Agree,Agree
2020/05/12,MA,79332,79332,0,870,0,5141,5141,0,33,0,5/13/2020 15:26,Agree,Agree
2020/05/13,MA,80497,80497,0,1165,0,5315,5315,0,174,0,5/14/2020 17:25,Agree,Agree
2020/05/14,MA,82182,82182,0,1685,0,5649,167,5482,334,5482,5/15/2020 16:11,Agree,Agree
2020/05/15,MA,83421,83421,0,1239,0,5592,5592,0,-57,-5482,5/16/2020 15:46,Agree,Agree
2020/05/16,MA,84933,84933,0,1512,0,5705,5705,0,113,0,5/17/2020 15:27,Agree,Agree
2020/05/17,MA,86010,86010,0,1077,0,5797,5797,0,92,0,5/18/2020 16:01,Agree,Agree
2020/05/18,MA,87052,87052,0,1042,0,5862,5862,0,65,0,5/19/2020 15:45,Agree,Agree
2020/05/19,MA,87925,87925,0,873,0,5938,5938,0,76,0,5/20/2020 15:28,Agree,Agree
2020/05/20,MA,88970,88970,0,1045,0,6066,6066,0,128,0,5/21/2020 15:41,Agree,Agree
2020/05/21,MA,90084,90084,0,1114,0,6148,6148,0,82,0,5/22/2020 15:31,Agree,Agree
2020/05/22,MA,90899,90899,0,815,0,6228,6228,0,80,0,5/23/2020 17:58,Agree,Agree
2020/05/23,MA,91662,91662,0,763,0,6304,6304,0,76,0,5/24/2020 14:15,Agree,Agree
2020/05/24,MA,92675,92675,0,1013,0,6372,6372,0,68,0,5/25/2020 14:12,Agree,Agree
2020/05/25,MA,93271,93271,0,596,0,6416,6416,0,44,0,5/26/2020 14:23,Agree,Agree
2020/05/26,MA,93693,93693,0,422,0,6473,6473,0,57,0,5/27/2020 15:37,Agree,Agree
2020/05/27,MA,94220,94220,0,527,0,6547,6547,0,74,0,5/28/2020 15:12,Agree,Agree
2020/05/28,MA,94895,94895,0,675,0,6640,6640,0,93,0,5/29/2020 14:19,Agree,Agree
2020/05/29,MA,95512,95512,0,617,0,6718,6718,0,78,0,5/30/2020 15:47,Agree,Agree
2020/05/30,MA,96301,96301,0,789,0,6768,6768,0,50,0,5/31/2020 14:43,Agree,Agree
2020/05/31,MA,96965,96965,0,664,0,6846,6846,0,78,0,6/1/2020 14:17,Agree,Agree
2020/06/01,MA,100805,97291,3514,3840,3514,7035,6894,141,189,141,6/2/2020 14:16,Agree,Agree
2020/06/02,MA,101163,97539,3624,358,110,7085,6944,141,50,0,6/3/2020 14:11,Agree,Agree
2020/06/03,MA,101592,97964,3628,429,4,7012,7012,0,-73,-141,6/4/2020 15:03,Agree,Agree
2020/06/04,MA,102063,98376,3687,471,59,7201,7062,139,189,139,6/5/2020 15:17,Agree,Agree
2020/06/05,MA,102557,98796,3761,494,74,7235,7097,138,34,-1,6/6/2020 14:31,Agree,Agree
2020/06/06,MA,103132,99301,3831,575,70,7289,7152,137,54,-1,6/7/2020 14:23,Agree,Agree
2020/06/07,MA,103436,99562,3874,304,43,7316,7179,137,27,0,6/8/2020 14:55,Agree,Agree
2020/06/08,MA,103626,99755,3871,190,-3,7353,7217,136,37,-1,6/9/2020 16:49,Agree,Agree
2020/06/09,MA,103889,99955,3934,263,63,7408,7255,153,55,17,6/10/2020 20:56,Agree,Agree
2020/06/10,MA,104156,100158,3998,267,64,7454,7300,154,46,1,6/11/2020 14:48,Agree,Agree
2020/06/11,MA,104667,100504,4163,511,165,7492,7337,155,38,1,6/12/2020 14:17,Agree,Agree
2020/06/12,MA,105059,100811,4248,392,85,7538,7382,156,46,1,6/13/2020 17:46,Agree,Agree
2020/06/13,MA,105395,101070,4325,336,77,7576,7420,156,38,0,6/14/2020 14:19,Agree,Agree
2020/06/14,MA,105603,101276,4327,208,2,7624,7467,157,48,1,6/15/2020 14:33,Agree,Agree
2020/06/15,MA,105690,101334,4356,87,29,7647,7490,157,23,0,6/16/2020 14:10,Agree,Agree
2020/06/16,MA,105885,101474,4411,195,55,7665,7508,157,18,0,6/17/2020 15:06,Agree,Agree
2020/06/17,MA,106151,101654,4497,266,86,7734,7568,166,69,9,6/18/2020 17:16,Agree,Agree
2020/06/18,MA,106422,101853,4569,271,72,7770,7591,179,36,13,6/19/2020 15:01,Agree,Agree
2020/06/19,MA,106650,102005,4645,228,76,7800,7619,181,30,2,6/20/2020 14:15,Agree,Agree
2020/06/20,MA,106936,102228,4708,286,63,7828,7647,181,28,0,6/21/2020 14:32,Agree,Agree
2020/06/21,MA,107061,102333,4728,125,20,7858,7677,181,30,0,6/22/2020 15:24,Agree,Agree
2020/06/22,MA,107210,102469,4741,149,13,7874,7694,180,16,-1,6/23/2020 14:28,Agree,Agree
2020/06/23,MA,107439,102651,4788,229,47,7890,7710,180,16,0,6/24/2020 15:03,Agree,Agree
2020/06/24,MA,107611,102762,4849,172,61,7938,7752,186,48,6,6/25/2020 14:07,Agree,Agree
2020/06/25,MA,107837,102922,4915,226,66,7963,7776,187,25,1,6/26/2020 19:18,Agree,Agree
2020/06/26,MA,108070,103071,4999,233,84,8013,7815,198,50,11,6/27/2020 17:51,Agree,Agree
2020/06/27,MA,108443,103376,5067,373,68,8041,7841,200,28,2,6/28/2020 14:59,Agree,Agree
2020/06/28,MA,108667,103539,5128,224,61,8060,7860,200,19,0,6/29/2020 14:37,Agree,Agree
2020/06/29,MA,108768,103628,5140,101,12,8095,7895,200,35,0,6/30/2020 15:27,Agree,Agree
2020/06/30,MA,108882,103701,5181,114,41,8054,7874,180,-41,-20,7/1/2020 15:45,Agree,Agree
2020/07/01,MA,109143,103858,5285,261,104,8081,7902,179,27,-1,7/2/2020 15:10,Agree,Agree
2020/07/02,MA,109338,104016,5322,195,37,8132,7918,214,51,35,7/3/2020 15:01,Agree,Agree
2020/07/03,MA,109628,104228,5400,290,78,8149,7935,214,17,0,7/4/2020 15:30,Agree,Agree
2020/07/04,MA,109838,104391,5447,210,47,8172,7958,214,23,0,7/5/2020 15:00,Agree,Agree
2020/07/05,MA,109974,104502,5472,136,25,8183,7968,215,11,1,7/6/2020 15:16,Agree,Agree
2020/07/06,MA,110137,104659,5478,163,6,8198,7983,215,15,0,7/7/2020 14:58,Agree,Agree
2020/07/07,MA,110338,104799,5539,201,61,8213,7998,215,15,0,7/8/2020 14:12,Agree,Agree
2020/07/08,MA,110602,104961,5641,264,102,8243,8028,215,30,0,7/9/2020 15:14,Agree,Agree
2020/07/09,MA,110897,105138,5759,295,118,8268,8053,215,25,0,7/10/2020 15:35,Agree,Agree
2020/07/10,MA,111110,105290,5820,213,61,8296,8081,215,28,0,7/11/2020 18:25,Agree,Agree
2020/07/11,MA,111398,105457,5941,288,121,8310,8095,215,14,0,7/12/2020 15:13,Agree,Agree
2020/07/12,MA,111597,105629,5968,199,27,8325,8110,215,15,0,7/13/2020 15:19,Agree,Agree
2020/07/13,MA,111827,105783,6044,230,76,8330,8115,215,5,0,7/14/2020 15:13,Agree,Agree
2020/07/14,MA,112130,105986,6144,303,100,8340,8125,215,10,0,7/15/2020 15:05,Agree,Agree
2020/07/15,MA,112347,106128,6219,217,75,8368,8152,216,28,1,7/16/2020 14:22,Agree,Agree
2020/07/16,MA,112581,106271,6310,234,91,8380,8163,217,12,1,7/17/2020 14:31,Agree,Agree
2020/07/17,MA,112879,106487,6392,298,82,8402,8184,218,22,1,7/18/2020 16:14,Agree,Agree
2020/07/18,MA,113238,106664,6574,359,182,8419,8201,218,17,0,7/19/2020 15:05,Agree,Agree
2020/07/19,MA,113534,106882,6652,296,78,8431,8213,218,12,0,7/20/2020 14:35,Agree,Agree
2020/07/20,MA,113789,107056,6733,255,81,8433,8214,219,2,1,7/21/2020 14:50,Agree,Agree
2020/07/21,MA,114033,107221,6812,244,79,8450,8231,219,17,0,7/22/2020 14:51,Agree,Agree
2020/07/22,MA,114320,107413,6907,287,95,8468,8249,219,18,0,7/23/2020 14:48,Agree,Agree
2020/07/23,MA,114647,107683,6964,327,57,8484,8265,219,16,0,7/24/2020 14:18,Agree,Agree
2020/07/24,MA,114985,107897,7088,338,124,8498,8279,219,14,0,7/25/2020 17:40,Agree,Agree
2020/07/25,MA,115274,108107,7167,289,79,8510,8291,219,12,0,7/26/2020 15:17,Agree,Agree
2020/07/26,MA,115637,108380,7257,363,90,8529,8310,219,19,0,7/27/2020 14:16,Agree,Agree
2020/07/27,MA,115926,108562,7364,289,107,8536,8317,219,7,0,7/28/2020 14:21,Agree,Agree
2020/07/28,MA,116182,108740,7442,256,78,8551,8331,220,15,1,7/29/2020 14:34,Agree,Agree
2020/07/29,MA,116684,109096,7588,502,146,8580,8360,220,29,0,7/30/2020 14:42,Agree,Agree
2020/07/30,MA,117098,109400,7698,414,110,8595,8375,220,15,0,7/31/2020 14:35,Agree,Agree
2020/07/31,MA,117612,109787,7825,514,127,8609,8389,220,14,0,8/1/2020 14:38,Agree,Agree
2020/08/01,MA,118040,110077,7963,428,138,8626,8406,220,17,0,8/2/2020 14:54,Agree,Agree
2020/08/02,MA,118458,110430,8028,418,65,8638,8417,221,12,1,8/3/2020 14:31,Agree,Agree
2020/08/03,MA,118657,110595,8062,199,34,8648,8427,221,10,0,8/4/2020 14:09,Agree,Agree
2020/08/04,MA,119203,111033,8170,546,108,8657,8436,221,9,0,8/5/2020 14:13,Agree,Agree
2020/08/05,MA,119643,111371,8272,440,102,8659,8438,221,2,0,8/6/2020 14:12,Agree,Agree
2020/08/06,MA,119874,111533,8341,231,69,8691,8470,221,32,0,8/7/2020 23:57,Agree,Agree
2020/08/07,MA,120291,111853,8438,417,97,8709,8488,221,18,0,8/8/2020 14:58,Agree,Agree
2020/08/08,MA,120711,112173,8538,420,100,8721,8500,221,12,0,8/9/2020 14:03,Agree,Agree
2020/08/09,MA,121040,112459,8581,329,43,8735,8514,221,14,0,8/10/2020 14:23,Agree,Agree
2020/08/10,MA,121315,112673,8642,275,61,8741,8519,222,6,1,8/11/2020 14:16,Agree,Agree
2020/08/11,MA,121707,112969,8738,392,96,8751,8529,222,10,0,8/12/2020 13:50,Agree,Agree
2020/08/12,MA,121936,113198,8738,229,0,8769,8547,222,18,0,8/13/2020 14:12,Agree,Agree
2020/08/13,MA,122255,113517,8738,319,0,8790,8568,222,21,0,8/14/2020 14:30,Agree,Agree
2020/08/14,MA,124081,113729,10352,1826,1614,8804,8582,222,14,0,8/15/2020 14:02,Agree,Agree
2020/08/15,MA,123199,114095,9104,-882,-1248,8813,8583,230,9,8,8/16/2020 14:57,Agree,Agree
2020/08/16,MA,123593,114398,9195,394,91,8837,8607,230,24,0,8/17/2020 14:26,Agree,Agree
2020/08/17,MA,123842,114611,9231,249,36,8842,8611,231,5,1,8/18/2020 14:26,Agree,Agree
2020/08/18,MA,124063,114786,9277,221,46,8848,8617,231,6,0,8/19/2020 14:23,Agree,Agree
2020/08/19,MA,124415,115048,9367,352,90,8876,8645,231,28,0,8/20/2020 15:11,Agree,Agree
2020/08/20,MA,124728,115310,9418,313,51,8888,8657,231,12,0,8/21/2020 14:27,Agree,Agree
2020/08/21,MA,125159,115741,9418,431,0,8901,8670,231,13,0,8/22/2020 14:21,Agree,Agree
2020/08/22,MA,125268,115850,9418,109,0,8921,8690,231,20,0,8/23/2020 14:15,Agree,Agree
2020/08/23,MA,125268,115850,9418,0,0,8921,8690,231,0,0,8/24/2020 13:54,Agree,Agree
2020/08/24,MA,125839,116421,9418,571,0,8949,8717,232,28,1,8/25/2020 14:02,Agree,Agree
2020/08/25,MA,126188,116770,9418,349,0,8961,8729,232,12,0,8/26/2020 13:51,Agree,Agree
2020/08/26,MA,126503,117085,9418,315,0,8987,8755,232,26,0,8/27/2020 13:42,Agree,Agree
2020/08/27,MA,126868,117450,9418,365,0,9008,8775,233,21,1,8/28/2020 13:43,Agree,Agree
2020/08/28,MA,127306,117888,9418,438,0,9024,8791,233,16,0,8/29/2020 13:42,Agree,Agree
2020/08/29,MA,127727,118309,9418,421,0,9036,8803,233,12,0,8/30/2020 14:49,Agree,Agree
2020/08/30,MA,127901,118483,9418,174,0,9049,8816,233,13,0,8/31/2020 14:05,Agree,Agree
2020/08/31,MA,128202,118784,9418,301,0,9060,8827,233,11,0,9/1/2020 14:09,Agree,Agree
2020/09/01,MA,128888,119138,9750,686,332,9064,8831,233,4,0,9/2/2020 13:49,Agree,Agree
2020/09/02,MA,129176,119426,9750,288,0,9086,8853,233,22,0,9/3/2020 14:18,Agree,Agree
2020/09/03,MA,129596,119819,9777,420,27,9103,8870,233,17,0,9/4/2020 13:36,Agree,Agree
2020/09/04,MA,129815,120038,9777,219,0,9126,8892,234,23,1,9/5/2020 14:09,Agree,Agree
2020/09/05,MA,130253,120454,9799,438,22,9116,8907,209,-10,-25,9/6/2020 14:09,Agree,Agree
2020/09/06,MA,130623,120824,9799,370,0,9152,8917,235,36,26,9/7/2020 13:37,Agree,Agree
2020/09/07,MA,130942,121046,9896,319,97,9133,8925,208,-19,-27,9/8/2020 14:47,Agree,Agree
2020/09/08,MA,131110,121214,9896,168,0,9141,8933,208,8,0,9/9/2020 13:47,Agree,Agree
2020/09/09,MA,131292,121396,9896,182,0,9145,8937,208,4,0,9/10/2020 14:02,Agree,Agree
2020/09/10,MA,131655,121759,9896,363,0,9165,8957,208,20,0,9/11/2020 13:51,Agree,Agree
2020/09/11,MA,132098,122202,9896,443,0,9179,8971,208,14,0,9/12/2020 14:12,Agree,Agree
2020/09/12,MA,132533,122637,9896,435,0,9195,8987,208,16,0,9/13/2020 16:17,Agree,Agree
2020/09/13,MA,132800,122904,9896,267,0,9209,9001,208,14,0,9/14/2020 14:01,Agree,Agree
2020/09/14,MA,133035,123139,9896,235,0,9218,9010,208,9,0,9/15/2020 14:03,Agree,Agree
2020/09/15,MA,133321,123425,9896,286,0,9224,9016,208,6,0,9/16/2020 13:53,Agree,Agree
2020/09/16,MA,133616,123720,9896,295,0,9244,9036,208,20,0,9/17/2020 13:45,Agree,Agree
2020/09/17,MA,134035,124139,9896,419,0,9259,9051,208,15,0,9/18/2020 13:48,Agree,Agree
2020/09/18,MA,134466,124570,9896,431,0,9267,9059,208,8,0,9/19/2020 14:00,Agree,Agree
2020/09/19,MA,135035,125139,9896,569,0,9293,9085,208,26,0,9/20/2020 13:53,Agree,Agree
2020/09/20,MA,135375,125479,9896,340,0,9308,9100,208,15,0,9/21/2020 13:47,Agree,Agree
2020/09/21,MA,135619,125723,9896,244,0,9315,9107,208,7,0,9/22/2020 13:51,Agree,Agree
2020/09/22,MA,135762,125866,9896,143,0,9326,9118,208,11,0,9/23/2020 13:51,Agree,Agree
2020/09/23,MA,136304,126408,9896,542,0,9343,9135,208,17,0,9/24/2020 13:54,Agree,Agree
2020/09/24,MA,136759,126863,9896,455,0,9358,9150,208,15,0,9/25/2020 13:54,Agree,Agree
2020/09/25,MA,137213,127317,9896,454,0,9368,9160,208,10,0,9/26/2020 13:46,Agree,Agree
2020/01/22,PA,0,,,0,,0,,,0,,3/26/2020 16:22,Agree,Not agree
2020/01/23,PA,0,,,0,,0,,,0,,3/26/2020 16:22,Agree,Not agree
2020/01/24,PA,0,,,0,,0,,,0,,3/26/2020 16:22,Agree,Not agree
2020/01/25,PA,0,,,0,,0,,,0,,3/26/2020 16:22,Agree,Not agree
2020/01/26,PA,0,,,0,,0,,,0,,3/26/2020 16:22,Agree,Not agree
2020/01/27,PA,0,,,0,,0,,,0,,3/26/2020 16:22,Agree,Not agree
2020/01/28,PA,0,,,0,,0,,,0,,3/26/2020 16:22,Agree,Not agree
2020/01/29,PA,0,,,0,,0,,,0,,3/26/2020 16:22,Agree,Not agree
2020/01/30,PA,0,,,0,,0,,,0,,3/26/2020 16:22,Agree,Not agree
2020/01/31,PA,0,,,0,,0,,,0,,3/26/2020 16:22,Agree,Not agree
2020/02/01,PA,0,,,0,,0,,,0,,3/26/2020 16:22,Agree,Not agree
2020/02/02,PA,0,,,0,,0,,,0,,3/26/2020 16:22,Agree,Not agree
2020/02/03,PA,0,,,0,,0,,,0,,3/26/2020 16:22,Agree,Not agree
2020/02/04,PA,0,,,0,,0,,,0,,3/26/2020 16:22,Agree,Not agree
2020/02/05,PA,0,,,0,,0,,,0,,3/26/2020 16:22,Agree,Not agree
2020/02/06,PA,0,,,0,,0,,,0,,3/26/2020 16:22,Agree,Not agree
2020/02/07,PA,0,,,0,,0,,,0,,3/26/2020 16:22,Agree,Not agree
2020/02/08,PA,0,,,0,,0,,,0,,3/26/2020 16:22,Agree,Not agree
2020/02/09,PA,0,,,0,,0,,,0,,3/26/2020 16:22,Agree,Not agree
2020/02/10,PA,0,,,0,,0,,,0,,3/26/2020 16:22,Agree,Not agree
2020/02/11,PA,0,,,0,,0,,,0,,3/26/2020 16:22,Agree,Not agree
2020/02/12,PA,0,,,0,,0,,,0,,3/26/2020 16:22,Agree,Not agree
2020/02/13,PA,0,,,0,,0,,,0,,3/26/2020 16:22,Agree,Not agree
2020/02/14,PA,0,,,0,,0,,,0,,3/26/2020 16:22,Agree,Not agree
2020/02/15,PA,0,,,0,,0,,,0,,3/26/2020 16:22,Agree,Not agree
2020/02/16,PA,0,,,0,,0,,,0,,3/26/2020 16:22,Agree,Not agree
2020/02/17,PA,0,,,0,,0,,,0,,3/26/2020 16:22,Agree,Not agree
2020/02/18,PA,0,,,0,,0,,,0,,3/26/2020 16:22,Agree,Not agree
2020/02/19,PA,0,,,0,,0,,,0,,3/26/2020 16:22,Agree,Not agree
2020/02/20,PA,0,,,0,,0,,,0,,3/26/2020 16:22,Agree,Not agree
2020/02/21,PA,0,,,0,,0,,,0,,3/26/2020 16:22,Agree,Not agree
2020/02/22,PA,0,,,0,,0,,,0,,3/26/2020 16:22,Agree,Not agree
2020/02/23,PA,0,,,0,,0,,,0,,3/26/2020 16:22,Agree,Not agree
2020/02/24,PA,0,,,0,,0,,,0,,3/26/2020 16:22,Agree,Not agree
2020/02/25,PA,0,,,0,,0,,,0,,3/26/2020 16:22,Agree,Not agree
2020/02/26,PA,0,,,0,,0,,,0,,3/26/2020 16:22,Agree,Not agree
2020/02/27,PA,0,,,0,,0,,,0,,3/26/2020 16:22,Agree,Not agree
2020/02/28,PA,0,,,0,,0,,,0,,3/26/2020 16:22,Agree,Not agree
2020/02/29,PA,0,,,0,,0,,,0,,3/26/2020 16:22,Agree,Not agree
2020/03/01,PA,0,,,0,,0,,,0,,3/26/2020 16:22,Agree,Not agree
2020/03/02,PA,0,,,0,,0,,,0,,3/26/2020 16:22,Agree,Not agree
2020/03/03,PA,0,,,0,,0,,,0,,3/26/2020 16:22,Agree,Not agree
2020/03/04,PA,0,,,0,,0,,,0,,3/26/2020 16:22,Agree,Not agree
2020/03/05,PA,0,,,0,,0,,,0,,3/26/2020 16:22,Agree,Not agree
2020/03/06,PA,2,,,2,,0,,,0,,3/26/2020 16:22,Agree,Not agree
2020/03/07,PA,4,,,2,,0,,,0,,3/26/2020 16:22,Agree,Not agree
2020/03/08,PA,6,,,2,,0,,,0,,3/26/2020 16:22,Agree,Not agree
2020/03/09,PA,10,,,4,,0,,,0,,3/26/2020 16:22,Agree,Not agree
2020/03/10,PA,12,,,2,,0,,,0,,3/26/2020 16:22,Agree,Not agree
2020/03/11,PA,16,,,4,,0,,,0,,3/26/2020 16:22,Agree,Not agree
2020/03/12,PA,23,,,7,,0,,,0,,3/26/2020 16:22,Agree,Not agree
2020/03/13,PA,29,,,6,,0,,,0,,3/26/2020 16:22,Agree,Not agree
2020/03/14,PA,47,,,18,,0,,,0,,3/26/2020 16:22,Agree,Not agree
2020/03/15,PA,63,,,16,,0,,,0,,3/26/2020 16:22,Agree,Not agree
2020/03/16,PA,76,,,13,,0,,,0,,3/26/2020 16:22,Agree,Not agree
2020/03/17,PA,96,,,20,,0,,,0,,3/26/2020 16:22,Agree,Not agree
2020/03/18,PA,133,,,37,,1,,,1,,3/26/2020 16:22,Agree,Not agree
2020/03/19,PA,185,,,52,,1,,,0,,3/26/2020 16:22,Agree,Not agree
2020/03/20,PA,269,,,84,,1,,,0,,3/26/2020 16:22,Agree,Not agree
2020/03/21,PA,371,,,102,,2,,,1,,3/26/2020 16:22,Agree,Not agree
2020/03/22,PA,479,,,108,,2,,,0,,3/26/2020 16:22,Agree,Not agree
2020/03/23,PA,644,,,165,,2,,,0,,3/26/2020 16:22,Agree,Not agree
2020/03/24,PA,851,,,207,,7,,,5,,3/26/2020 16:22,Agree,Not agree
2020/03/25,PA,1128,,,277,,10,,,3,,3/26/2020 16:22,Agree,Not agree
2020/03/26,PA,1688,,,560,,16,,,6,,3/26/2020 16:22,Agree,Not agree
2020/03/27,PA,2219,,,531,,22,,,6,,3/26/2020 16:22,Agree,Not agree
2020/03/28,PA,2752,,,533,,34,,,12,,3/28/2020 16:22,Agree,Not agree
2020/03/29,PA,3394,,,642,,38,,,4,,3/28/2020 16:22,Agree,Not agree
2020/03/30,PA,4087,,,693,,49,,,11,,3/29/2020 16:22,Agree,Not agree
2020/03/31,PA,4843,,,756,,63,,,14,,3/30/2020 16:22,Agree,Not agree
2020/04/01,PA,5805,,,962,,74,,,11,,3/31/2020 16:22,Agree,Not agree
2020/04/02,PA,7016,,,1211,,90,,,16,,4/1/2020 16:22,Agree,Not agree
2020/04/03,PA,8421,,,1405,,102,,,12,,4/3/2020 16:22,Agree,Not agree
2020/04/04,PA,10017,,,1596,,136,,,34,,4/3/2020 16:22,Agree,Not agree
2020/04/05,PA,11510,,,1493,,150,,,14,,4/4/2020 16:22,Agree,Not agree
2020/04/06,PA,12980,,,1470,,162,,,12,,4/5/2020 16:22,Agree,Not agree
2020/04/07,PA,14559,,,1579,,240,,,78,,4/7/2020 16:22,Agree,Not agree
2020/04/08,PA,16239,,,1680,,310,,,70,,4/7/2020 16:22,Agree,Not agree
2020/04/09,PA,18228,,,1989,,338,,,28,,4/8/2020 16:22,Agree,Not agree
2020/04/10,PA,19980,,,1752,,416,,,78,,4/9/2020 16:22,Agree,Not agree
2020/04/11,PA,21656,,,1676,,494,,,78,,4/10/2020 16:22,Agree,Not agree
2020/04/12,PA,22833,,,1177,,507,,,13,,4/11/2020 16:22,Agree,Not agree
2020/04/13,PA,24199,,,1366,,524,,,17,,4/12/2020 16:22,Agree,Not agree
2020/04/14,PA,25345,,,1146,,584,,,60,,4/13/2020 16:22,Agree,Not agree
2020/04/15,PA,26490,,,1145,,647,,,63,,4/15/2020 16:22,Agree,Not agree
2020/04/16,PA,27735,27545,190,1245,190,707,,,60,6,4/16/2020 16:22,Agree,Not agree
2020/04/17,PA,29442,,,1707,,756,,,49,,4/17/2020 16:22,Agree,Not agree
2020/04/18,PA,31070,,,1628,,836,,,80,,4/18/2020 16:22,Agree,Not agree
2020/04/19,PA,32284,31998,286,1214,286,1112,,,276,17,4/19/2020 16:22,Agree,Not agree
2020/04/20,PA,33232,32942,290,948,4,1204,,,92,-2,4/20/2020 16:22,Agree,Not agree
2020/04/21,PA,34528,33923,605,1296,315,1564,,,360,285,4/21/2020 16:22,Agree,Not agree
2020/04/22,PA,35684,35045,639,1156,34,1622,,,58,-3,4/22/2020 16:22,Agree,Not agree
2020/04/23,PA,37053,36665,388,1369,-251,1421,,,-201,-270,5/25/2020 15:38,Agree,Not agree
2020/04/24,PA,38652,38652,0,1599,-388,1492,,,71,-27,5/25/2020 15:38,Agree,Not agree
2020/04/25,PA,40049,40049,0,1397,0,1537,,,45,0,5/25/2020 15:38,Agree,Not agree
2020/04/26,PA,41165,40678,487,1116,487,1550,,,13,31,5/25/2020 15:38,Agree,Not agree
2020/04/27,PA,42050,41556,494,885,7,1597,,,47,2,5/25/2020 15:38,Agree,Not agree
2020/04/28,PA,43264,42734,530,1214,36,1716,,,119,2,4/29/2020 18:12,Agree,Not agree
2020/04/29,PA,44366,43802,564,1102,34,2195,,,479,2,4/30/2020 16:07,Agree,Not agree
2020/04/30,PA,45763,45154,609,1397,45,2292,,,97,6,5/1/2020 21:00,Agree,Not agree
2020/05/01,PA,46971,46971,0,1208,-609,2354,,,62,-43,5/2/2020 15:47,Agree,Not agree
2020/05/02,PA,48305,48305,0,1334,0,2418,,,64,0,5/3/2020 15:36,Agree,Not agree
2020/05/03,PA,49267,48552,715,962,715,2444,,,26,41,5/4/2020 22:49,Agree,Not agree
2020/05/04,PA,50092,49347,745,825,30,2458,,,14,0,5/5/2020 17:25,Agree,Not agree
2020/05/05,PA,50957,50171,786,865,41,3012,,,554,1,5/6/2020 16:23,Agree,Not agree
2020/05/06,PA,51845,51845,0,888,-786,3106,,,94,-42,5/7/2020 22:59,Agree,Not agree
2020/05/07,PA,52915,52040,875,1070,875,3416,,,310,49,5/8/2020 21:26,Agree,Not agree
2020/05/08,PA,54238,53304,934,1323,59,3616,,,200,2,5/9/2020 21:26,Agree,Not agree
2020/05/09,PA,55316,54327,989,1078,55,3688,,,72,0,5/10/2020 21:26,Agree,Not agree
2020/05/10,PA,56611,55585,1026,1295,37,3707,,,19,1,5/11/2020 21:26,Agree,Not agree
2020/05/11,PA,57154,56098,1056,543,30,3731,,,24,0,5/12/2020 17:26,Agree,Not agree
2020/05/12,PA,57991,56871,1120,837,64,3806,,,75,1,5/13/2020 15:26,Agree,Not agree
2020/05/13,PA,58698,57533,1165,707,45,3943,,,137,1,5/14/2020 17:25,Agree,Not agree
2020/05/14,PA,59636,58386,1250,938,85,4218,,,275,2,5/15/2020 16:11,Agree,Not agree
2020/05/15,PA,60622,59300,1322,986,72,4342,,,124,1,5/16/2020 15:46,Agree,Not agree
2020/05/16,PA,61611,60202,1409,989,87,4403,,,61,3,5/17/2020 15:27,Agree,Not agree
2020/05/17,PA,62234,60810,1424,623,15,4418,,,15,0,5/18/2020 16:01,Agree,Not agree
2020/05/18,PA,63666,62148,1518,1432,94,4418,,,0,0,5/19/2020 15:45,Agree,Not agree
2020/05/19,PA,63936,62418,1518,270,0,4418,,,0,0,5/20/2020 15:28,Agree,Not agree
2020/05/20,PA,64412,64412,0,476,-1518,4767,,,349,-60,5/21/2020 15:41,Agree,Not agree
2020/05/21,PA,66258,64551,1707,1846,1707,4418,,,-349,60,5/22/2020 15:31,Agree,Not agree
2020/05/22,PA,66983,65209,1774,725,67,5096,,,678,348,5/23/2020 17:58,Agree,Not agree
2020/05/23,PA,67713,65906,1807,730,33,5124,,,28,18,5/24/2020 14:15,Agree,Not agree
2020/05/24,PA,68186,66347,1839,473,32,5139,,,15,-10,5/25/2020 14:12,Agree,Not agree
2020/05/25,PA,68637,66779,1858,451,19,5152,,,13,3,5/26/2020 14:23,Agree,Not agree
2020/05/26,PA,69417,67515,1902,780,44,5265,,,113,-17,5/27/2020 15:37,Agree,Not agree
2020/05/27,PA,70042,68104,1938,625,36,5373,,,108,71,5/28/2020 15:12,Agree,Not agree
2020/05/28,PA,70735,68765,1970,693,32,5464,,,91,68,5/29/2020 14:19,Agree,Not agree
2020/05/29,PA,71415,69424,1991,680,21,5537,,,73,50,5/30/2020 15:47,Agree,Not agree
2020/05/30,PA,71926,69916,2010,511,19,5555,,,18,12,5/31/2020 14:43,Agree,Not agree
2020/05/31,PA,72282,70278,2004,356,-6,5567,,,12,-11,6/1/2020 14:17,Agree,Not agree
2020/06/01,PA,72894,70864,2030,612,26,5667,,,100,29,6/2/2020 14:16,Agree,Not agree
2020/06/02,PA,73405,71361,2044,511,14,5742,,,75,47,6/3/2020 14:11,Agree,Not agree
2020/06/03,PA,73942,71881,2061,537,17,5817,,,75,-285,6/4/2020 15:03,Agree,Not agree
2020/06/04,PA,74385,72292,2093,443,32,5886,,,69,-189,6/5/2020 15:17,Agree,Not agree
2020/06/05,PA,75086,72979,2107,701,14,5931,,,45,27,6/6/2020 14:31,Agree,Not agree
2020/06/06,PA,75592,73479,2113,506,6,5943,,,12,8,6/7/2020 14:23,Agree,Not agree
2020/06/07,PA,75943,73827,2116,351,3,5953,,,10,10,6/8/2020 14:55,Agree,Not agree
2020/06/08,PA,76436,74298,2138,493,22,6014,,,61,21,6/9/2020 16:49,Agree,Not agree
2020/06/09,PA,76846,74684,2162,410,24,6062,,,48,-68,6/10/2020 20:56,Agree,Not agree
2020/06/10,PA,77313,75119,2194,467,32,6113,,,51,34,6/11/2020 14:48,Agree,Not agree
2020/06/11,PA,77999,75800,2199,686,5,6162,,,49,-3,6/12/2020 14:17,Agree,Not agree
2020/06/12,PA,78462,76237,2225,463,26,6211,,,49,25,6/13/2020 17:46,Agree,Not agree
2020/06/13,PA,78462,76237,2225,0,0,6211,,,0,0,6/14/2020 14:19,Agree,Not agree
2020/06/14,PA,79121,76883,2238,659,13,6243,,,32,31,6/15/2020 14:33,Agree,Not agree
2020/06/15,PA,79483,77230,2253,362,15,6276,,,33,17,6/16/2020 14:10,Agree,Not agree
2020/06/16,PA,79818,77543,2275,335,22,6319,,,43,-44,6/17/2020 15:06,Agree,Not agree
2020/06/17,PA,80236,77949,2287,418,12,6361,,,42,34,6/18/2020 17:16,Agree,Not agree
2020/06/18,PA,80762,78451,2311,526,24,6399,,,38,19,6/19/2020 15:01,Agree,Not agree
2020/06/19,PA,81266,78947,2319,504,8,6419,,,20,-39,6/20/2020 14:15,Agree,Not agree
2020/06/20,PA,81730,79405,2325,464,6,6423,,,4,0,6/21/2020 14:32,Agree,Not agree
2020/06/21,PA,82186,79859,2327,456,2,6426,,,3,-2,6/22/2020 15:24,Agree,Not agree
2020/06/22,PA,82186,79859,2327,0,0,6426,,,0,-264,6/23/2020 14:28,Agree,Not agree
2020/06/23,PA,83191,80810,2381,1005,54,6518,,,92,244,6/24/2020 15:03,Agree,Not agree
2020/06/24,PA,83770,81374,2396,579,15,6557,,,39,33,6/25/2020 14:07,Agree,Not agree
2020/06/25,PA,84370,81956,2414,600,18,6579,,,22,-44,6/26/2020 19:18,Agree,Not agree
2020/06/26,PA,84991,82554,2437,621,23,6603,,,24,12,6/27/2020 17:51,Agree,Not agree
2020/06/27,PA,85496,83050,2446,505,9,6606,,,3,2,6/28/2020 14:59,Agree,Not agree
2020/06/28,PA,85988,83529,2459,492,13,6614,,,8,4,6/29/2020 14:37,Agree,Not agree
2020/06/29,PA,86606,84130,2476,618,17,6649,,,35,25,6/30/2020 15:27,Agree,Not agree
2020/06/30,PA,87242,84751,2491,636,15,6687,,,38,-21,7/1/2020 15:45,Agree,Not agree
2020/07/01,PA,88074,85573,2501,832,10,6712,,,25,17,7/2/2020 15:10,Agree,Not agree
2020/07/02,PA,88741,86205,2536,667,35,6746,,,34,29,7/3/2020 15:01,Agree,Not agree
2020/07/03,PA,89375,86813,2562,634,26,6740,,,-6,-80,7/4/2020 15:30,Agree,Not agree
2020/07/04,PA,89854,87267,2587,479,25,6749,,,9,9,7/5/2020 15:00,Agree,Not agree
2020/07/05,PA,90304,87705,2599,450,12,6754,,,5,75,7/6/2020 15:16,Agree,Not agree
2020/07/06,PA,91299,88691,2608,995,9,6787,,,33,-16,7/7/2020 14:58,Agree,Not agree
2020/07/07,PA,92148,89515,2633,849,25,6812,,,25,-41,7/8/2020 14:12,Agree,Not agree
2020/07/08,PA,92867,90202,2665,719,32,6848,,,36,31,7/9/2020 15:14,Agree,Not agree
2020/07/09,PA,93876,91206,2670,1009,5,6880,,,32,-17,7/10/2020 15:35,Agree,Not agree
2020/07/10,PA,94689,92001,2688,813,18,6897,,,17,9,7/11/2020 18:25,Agree,Not agree
2020/07/11,PA,95266,92552,2714,577,26,6904,,,7,4,7/12/2020 15:13,Agree,Not agree
2020/07/12,PA,95742,93015,2727,476,13,6911,,,7,5,7/13/2020 15:19,Agree,Not agree
2020/07/13,PA,96671,93906,2765,929,38,6931,,,20,-64,7/14/2020 15:13,Agree,Not agree
2020/07/14,PA,97665,94873,2792,994,27,6957,,,26,19,7/15/2020 15:05,Agree,Not agree
2020/07/15,PA,98446,95632,2814,781,22,6973,,,16,5,7/16/2020 14:22,Agree,Not agree
2020/07/16,PA,99478,96651,2827,1032,13,6992,,,19,11,7/17/2020 14:31,Agree,Not agree
2020/07/17,PA,100241,97388,2853,763,26,7007,,,15,-8,7/18/2020 16:14,Agree,Not agree
2020/07/18,PA,101027,98164,2863,786,10,7015,,,8,7,7/19/2020 15:05,Agree,Not agree
2020/07/19,PA,101738,98872,2866,711,3,7018,,,3,-1,7/20/2020 14:35,Agree,Not agree
2020/07/20,PA,102765,99875,2890,1027,24,7038,,,20,8,7/21/2020 14:50,Agree,Not agree
2020/07/21,PA,103396,100483,2913,631,23,7063,,,25,-16,7/22/2020 14:51,Agree,Not agree
2020/07/22,PA,104358,101408,2950,962,37,7079,,,16,9,7/23/2020 14:48,Agree,Not agree
2020/07/23,PA,105571,102602,2969,1213,19,7101,,,22,-5,7/24/2020 14:18,Agree,Not agree
2020/07/24,PA,106625,103632,2993,1054,24,7114,,,13,6,7/25/2020 17:40,Agree,Not agree
2020/07/25,PA,107425,104401,3024,800,31,7118,,,4,4,7/26/2020 15:17,Agree,Not agree
2020/07/26,PA,108264,105228,3036,839,12,7122,,,4,4,7/27/2020 14:16,Agree,Not agree
2020/07/27,PA,109384,106331,3053,1120,17,7146,,,24,15,7/28/2020 14:21,Agree,Not agree
2020/07/28,PA,110218,107138,3080,834,27,7162,,,16,-29,7/29/2020 14:34,Agree,Not agree
2020/07/29,PA,111078,107958,3120,860,40,7176,,,14,1,7/30/2020 14:42,Agree,Not agree
2020/07/30,PA,112048,108907,3141,970,21,7189,,,13,-13,7/31/2020 14:35,Agree,Not agree
2020/07/31,PA,112936,109779,3157,888,16,7204,,,15,11,8/1/2020 14:38,Agree,Not agree
2020/08/01,PA,112936,109779,3157,0,0,7204,,,0,-244,8/2/2020 14:54,Agree,Not agree
2020/08/02,PA,113590,110416,3174,654,17,7209,,,5,0,8/3/2020 14:31,Agree,Not agree
2020/08/03,PA,114155,110970,3185,565,11,7209,,,0,239,8/4/2020 14:09,Agree,Not agree
2020/08/04,PA,115009,111780,3229,854,44,7232,,,23,8,8/5/2020 14:13,Agree,Not agree
2020/08/05,PA,115714,112462,3252,705,23,7244,,,12,-24,8/6/2020 14:12,Agree,Not agree
2020/08/06,PA,116521,113241,3280,807,28,7282,,,38,32,8/7/2020 23:57,Agree,Not agree
2020/08/07,PA,117279,113969,3310,758,30,7297,,,15,-18,8/8/2020 14:58,Agree,Not agree
2020/08/08,PA,118092,114755,3337,813,27,7313,,,16,6,8/9/2020 14:03,Agree,Not agree
2020/08/09,PA,118852,115505,3347,760,10,7314,,,1,0,8/10/2020 14:23,Agree,Not agree
2020/08/10,PA,119453,116098,3355,601,8,7317,,,3,3,8/11/2020 14:16,Agree,Not agree
2020/08/11,PA,120281,116925,3356,828,1,7352,,,35,27,8/12/2020 13:50,Agree,Not agree
2020/08/12,PA,121130,117739,3391,849,35,7385,,,33,-22,8/13/2020 14:12,Agree,Not agree
2020/08/13,PA,122121,118731,3390,991,-1,7409,,,24,12,8/14/2020 14:30,Agree,Not agree
2020/08/14,PA,122950,119512,3438,829,48,7445,,,36,-8,8/15/2020 14:02,Agree,Not agree
2020/08/15,PA,123800,120346,3454,850,16,7465,,,20,14,8/16/2020 14:57,Agree,Not agree
2020/08/16,PA,124460,120986,3474,660,20,7468,,,3,-2,8/17/2020 14:26,Agree,Not agree
2020/08/17,PA,124844,121354,3490,384,16,7468,,,0,-4,8/18/2020 14:26,Agree,Not agree
2020/08/18,PA,125579,122050,3529,735,39,7499,,,31,20,8/19/2020 14:23,Agree,Not agree
2020/08/19,PA,126149,122605,3544,570,15,7523,,,24,-44,8/20/2020 15:11,Agree,Not agree
2020/08/20,PA,126940,123364,3576,791,32,7523,,,0,-6,8/21/2020 14:27,Agree,Not agree
2020/08/21,PA,127633,124031,3602,693,26,7558,,,35,8,8/22/2020 14:21,Agree,Not agree
2020/08/22,PA,128429,124802,3627,796,25,7576,,,18,12,8/23/2020 14:15,Agree,Not agree
2020/08/23,PA,129048,125407,3641,619,14,7578,,,2,0,8/24/2020 13:54,Agree,Not agree
2020/08/24,PA,129474,125822,3652,426,11,7579,,,1,-1,8/25/2020 14:02,Agree,Not agree
2020/08/25,PA,130035,126350,3685,561,33,7605,,,26,19,8/26/2020 13:51,Agree,Not agree
2020/08/26,PA,130536,126835,3701,501,16,7624,,,19,-22,8/27/2020 13:42,Agree,Not agree
2020/08/27,PA,131156,127430,3726,620,25,7635,,,11,4,8/28/2020 13:43,Agree,Not agree
2020/08/28,PA,131991,128250,3741,835,15,7655,,,20,-4,8/29/2020 13:42,Agree,Not agree
2020/08/29,PA,132834,129056,3778,843,37,7671,,,16,9,8/30/2020 14:49,Agree,Not agree
2020/08/30,PA,133504,129703,3801,670,23,7673,,,2,-1,8/31/2020 14:05,Agree,Not agree
2020/08/31,PA,134025,130211,3814,521,13,7673,,,0,0,9/1/2020 14:09,Agree,Not agree
2020/09/01,PA,134795,130961,3834,770,20,7691,,,18,7,9/2/2020 13:49,Agree,Not agree
2020/09/02,PA,135611,131752,3859,816,25,7712,,,21,-17,9/3/2020 14:18,Agree,Not agree
2020/09/03,PA,136771,132874,3897,1160,38,7732,,,20,12,9/4/2020 13:36,Agree,Not agree
2020/09/04,PA,137662,133731,3931,891,34,7742,,,10,-22,9/5/2020 14:09,Agree,Not agree
2020/09/05,PA,138625,134643,3982,963,51,7760,,,18,5,9/6/2020 14:09,Agree,Not agree
2020/09/06,PA,139316,135324,3992,691,10,7760,,,0,-3,9/7/2020 13:37,Agree,Not agree
2020/09/07,PA,139863,135862,4001,547,9,7780,,,20,18,9/8/2020 14:47,Agree,Not agree
2020/09/08,PA,140359,136345,4014,496,13,7791,,,11,9,9/9/2020 13:47,Agree,Not agree
2020/09/09,PA,141290,137241,4049,931,35,7805,,,14,-24,9/10/2020 14:02,Agree,Not agree
2020/09/10,PA,141877,137803,4074,587,25,7820,,,15,10,9/11/2020 13:51,Agree,Not agree
2020/09/11,PA,142885,138759,4126,1008,52,7837,,,17,-1,9/12/2020 14:12,Agree,Not agree
2020/09/12,PA,143805,139623,4182,920,56,7862,,,25,21,9/13/2020 16:17,Agree,Not agree
2020/09/13,PA,144774,140565,4209,969,27,7869,,,7,2,9/14/2020 14:01,Agree,Not agree
2020/09/14,PA,145063,140842,4221,289,12,7869,,,0,0,9/15/2020 14:03,Agree,Not agree
2020/09/15,PA,146214,141950,4264,1151,43,7875,,,6,-2,9/16/2020 13:53,Agree,Not agree
2020/09/16,PA,146990,142666,4324,776,60,7903,,,28,15,9/17/2020 13:45,Agree,Not agree
2020/09/17,PA,147923,143552,4371,933,47,7913,,,10,-26,9/18/2020 13:48,Agree,Not agree
2020/09/18,PA,148683,144228,4455,760,84,7934,,,21,-11,9/19/2020 14:00,Agree,Not agree
2020/09/19,PA,149845,145335,4510,1162,55,7956,,,22,22,9/20/2020 13:53,Agree,Not agree
2020/09/20,PA,150578,146057,4521,733,11,7956,,,0,-17,9/21/2020 13:47,Agree,Not agree
2020/09/21,PA,150812,146281,4531,234,10,8004,,,48,50,9/22/2020 13:51,Agree,Not agree
2020/09/22,PA,151646,147070,4576,834,45,8023,,,19,10,9/23/2020 13:51,Agree,Not agree
2020/09/23,PA,152544,147862,4682,898,106,8062,,,39,-12,9/24/2020 13:54,Agree,Not agree
2020/09/24,PA,153397,148658,4739,853,57,8079,,,17,11,9/25/2020 13:54,Agree,Not agree
2020/09/25,PA,154203,149410,4793,806,54,8081,,,2,-31,9/26/2020 13:46,Agree,Not agree
2020/01/22,NYC,0,,,0,,0,,,0,,3/26/2020 16:22,Agree,Agree
2020/01/23,NYC,0,,,0,,0,,,0,,3/26/2020 16:22,Agree,Agree
2020/01/24,NYC,0,,,0,,0,,,0,,3/26/2020 16:22,Agree,Agree
2020/01/25,NYC,0,,,0,,0,,,0,,3/26/2020 16:22,Agree,Agree
2020/01/26,NYC,0,,,0,,0,,,0,,3/26/2020 16:22,Agree,Agree
2020/01/27,NYC,0,,,0,,0,,,0,,3/26/2020 16:22,Agree,Agree
2020/01/28,NYC,0,,,0,,0,,,0,,3/26/2020 16:22,Agree,Agree
2020/01/29,NYC,0,,,0,,0,,,0,,3/26/2020 16:22,Agree,Agree
2020/01/30,NYC,0,,,0,,0,,,0,,3/26/2020 16:22,Agree,Agree
2020/01/31,NYC,0,,,0,,0,,,0,,3/26/2020 16:22,Agree,Agree
2020/02/01,NYC,0,,,0,,0,,,0,,3/26/2020 16:22,Agree,Agree
2020/02/02,NYC,0,,,0,,0,,,0,,3/26/2020 16:22,Agree,Agree
2020/02/03,NYC,0,,,0,,0,,,0,,3/26/2020 16:22,Agree,Agree
2020/02/04,NYC,0,,,0,,0,,,0,,3/26/2020 16:22,Agree,Agree
2020/02/05,NYC,0,,,0,,0,,,0,,3/26/2020 16:22,Agree,Agree
2020/02/06,NYC,0,,,0,,0,,,0,,3/26/2020 16:22,Agree,Agree
2020/02/07,NYC,0,,,0,,0,,,0,,3/26/2020 16:22,Agree,Agree
2020/02/08,NYC,0,,,0,,0,,,0,,3/26/2020 16:22,Agree,Agree
2020/02/09,NYC,0,,,0,,0,,,0,,3/26/2020 16:22,Agree,Agree
2020/02/10,NYC,0,,,0,,0,,,0,,3/26/2020 16:22,Agree,Agree
2020/02/11,NYC,0,,,0,,0,,,0,,3/26/2020 16:22,Agree,Agree
2020/02/12,NYC,0,,,0,,0,,,0,,3/26/2020 16:22,Agree,Agree
2020/02/13,NYC,0,,,0,,0,,,0,,3/26/2020 16:22,Agree,Agree
2020/02/14,NYC,0,,,0,,0,,,0,,3/26/2020 16:22,Agree,Agree
2020/02/15,NYC,0,,,0,,0,,,0,,3/26/2020 16:22,Agree,Agree
2020/02/16,NYC,0,,,0,,0,,,0,,3/26/2020 16:22,Agree,Agree
2020/02/17,NYC,0,,,0,,0,,,0,,3/26/2020 16:22,Agree,Agree
2020/02/18,NYC,0,,,0,,0,,,0,,3/26/2020 16:22,Agree,Agree
2020/02/19,NYC,0,,,0,,0,,,0,,3/26/2020 16:22,Agree,Agree
2020/02/20,NYC,0,,,0,,0,,,0,,3/26/2020 16:22,Agree,Agree
2020/02/21,NYC,0,,,0,,0,,,0,,3/26/2020 16:22,Agree,Agree
2020/02/22,NYC,0,,,0,,0,,,0,,3/26/2020 16:22,Agree,Agree
2020/02/23,NYC,0,,,0,,0,,,0,,3/26/2020 16:22,Agree,Agree
2020/02/24,NYC,0,,,0,,0,,,0,,3/26/2020 16:22,Agree,Agree
2020/02/25,NYC,0,,,0,,0,,,0,,3/26/2020 16:22,Agree,Agree
2020/02/26,NYC,0,,,0,,0,,,0,,3/26/2020 16:22,Agree,Agree
2020/02/27,NYC,0,,,0,,0,,,0,,3/26/2020 16:22,Agree,Agree
2020/02/28,NYC,0,,,0,,0,,,0,,3/26/2020 16:22,Agree,Agree
2020/02/29,NYC,0,,,0,,0,,,0,,3/26/2020 16:22,Agree,Agree
2020/03/01,NYC,0,,,0,,0,,,0,,3/26/2020 16:22,Agree,Agree
2020/03/02,NYC,1,,,1,,0,,,0,,3/26/2020 16:22,Agree,Agree
2020/03/03,NYC,1,,,0,,0,,,0,,3/26/2020 16:22,Agree,Agree
2020/03/04,NYC,1,,,0,,0,,,0,,3/26/2020 16:22,Agree,Agree
2020/03/05,NYC,2,,,1,,0,,,0,,3/26/2020 16:22,Agree,Agree
2020/03/06,NYC,2,,,0,,0,,,0,,3/26/2020 16:22,Agree,Agree
2020/03/07,NYC,2,,,0,,0,,,0,,3/26/2020 16:22,Agree,Agree
2020/03/08,NYC,12,,,10,,0,,,0,,3/26/2020 16:22,Agree,Agree
2020/03/09,NYC,17,,,5,,0,,,0,,3/26/2020 16:22,Agree,Agree
2020/03/10,NYC,36,,,19,,0,,,0,,3/26/2020 16:22,Agree,Agree
2020/03/11,NYC,53,,,17,,0,,,0,,3/26/2020 16:22,Agree,Agree
2020/03/12,NYC,95,,,42,,0,,,0,,3/26/2020 16:22,Agree,Agree
2020/03/13,NYC,95,,,0,,0,,,0,,3/26/2020 16:22,Agree,Agree
2020/03/14,NYC,150,,,55,,0,,,0,,3/26/2020 16:22,Agree,Agree
2020/03/15,NYC,269,,,119,,5,,,5,,3/26/2020 16:22,Agree,Agree
2020/03/16,NYC,344,,,75,,5,,,0,,3/26/2020 16:22,Agree,Agree
2020/03/17,NYC,1871,,,1527,,11,,,6,,3/26/2020 16:22,Agree,Agree
2020/03/18,NYC,3554,,,1683,,21,,,10,,3/26/2020 16:22,Agree,Agree
2020/03/19,NYC,5151,,,1597,,29,,,8,,3/26/2020 16:22,Agree,Agree
2020/03/20,NYC,5151,,,0,,29,,,0,,3/26/2020 16:22,Agree,Agree
2020/03/21,NYC,6211,,,1060,,43,,,14,,3/26/2020 16:22,Agree,Agree
2020/03/22,NYC,9045,,,2834,,63,,,20,,3/26/2020 16:22,Agree,Agree
2020/03/23,NYC,13119,,,4074,,125,,,62,,3/26/2020 16:22,Agree,Agree
2020/03/24,NYC,15597,,,2478,,192,,,67,,3/26/2020 16:22,Agree,Agree
2020/03/25,NYC,20011,,,4414,,280,,,88,,3/26/2020 16:22,Agree,Agree
2020/03/26,NYC,23112,,,3101,,365,,,85,,3/26/2020 16:22,Agree,Agree
2020/03/27,NYC,26697,,,3585,,450,,,85,,3/26/2020 16:22,Agree,Agree
2020/03/28,NYC,30756,,,4059,,672,,,222,,3/28/2020 16:22,Agree,Agree
2020/03/29,NYC,33474,,,2718,,776,,,104,,3/28/2020 16:22,Agree,Agree
2020/03/30,NYC,38087,,,4613,,914,,,138,,3/29/2020 16:22,Agree,Agree
2020/03/31,NYC,41771,,,3684,,1096,,,182,,3/30/2020 16:22,Agree,Agree
2020/04/01,NYC,48462,,,6691,,1397,,,301,,3/31/2020 16:22,Agree,Agree
2020/04/02,NYC,49707,,,1245,,1562,,,165,,4/1/2020 16:22,Agree,Agree
2020/04/03,NYC,56289,,,6582,,1867,,,305,,4/3/2020 16:22,Agree,Agree
2020/04/04,NYC,60850,,,4561,,2254,,,387,,4/3/2020 16:22,Agree,Agree
2020/04/05,NYC,64955,,,4105,,2472,,,218,,4/4/2020 16:22,Agree,Agree
2020/04/06,NYC,68776,,,3821,,2738,,,266,,4/5/2020 16:22,Agree,Agree
2020/04/07,NYC,76876,,,8100,,4111,,,1373,,4/7/2020 16:22,Agree,Agree
2020/04/08,NYC,81803,,,4927,,4695,,,584,,4/7/2020 16:22,Agree,Agree
2020/04/09,NYC,84163,,,2360,,5664,,,969,,4/8/2020 16:22,Agree,Agree
2020/04/10,NYC,92756,,,8593,,5820,,,156,,4/9/2020 16:22,Agree,Agree
2020/04/11,NYC,98308,,,5552,,6367,,,547,,4/10/2020 16:22,Agree,Agree
2020/04/12,NYC,103208,,,4900,,6719,,,352,,4/11/2020 16:22,Agree,Agree
2020/04/13,NYC,106813,,,3605,,6182,,,-537,,4/12/2020 16:22,Agree,Agree
2020/04/14,NYC,110091,,,3278,,6640,,,458,,4/13/2020 16:22,Agree,Agree
2020/04/15,NYC,116073,116073,0,5982,0,11225,7166,4059,4585,4059,4/15/2020 16:22,Agree,Agree
2020/04/16,NYC,117565,117565,0,1492,0,11477,7563,3914,252,-145,4/16/2020 16:22,Agree,Agree
2020/04/17,NYC,122148,122148,0,4583,0,12199,7890,4309,722,395,4/17/2020 16:22,Agree,Agree
2020/04/18,NYC,128022,126368,1654,5874,1654,12712,8448,4264,513,-45,4/18/2020 16:22,Agree,Agree
2020/04/19,NYC,129788,129788,0,1766,-1654,13240,8811,4429,528,165,4/19/2020 16:22,Agree,Agree
2020/04/20,NYC,134874,134874,0,5086,0,14427,9562,4865,1187,436,4/20/2020 16:22,Agree,Agree
2020/04/21,NYC,138435,138435,0,3561,0,14996,9944,5052,569,187,4/21/2020 16:22,Agree,Agree
2020/04/22,NYC,138435,138435,0,0,0,14996,9944,5052,0,0,4/22/2020 16:22,Agree,Agree
2020/04/23,NYC,146139,146139,0,7704,0,15848,10746,5102,852,50,5/25/2020 15:38,Agree,Agree
2020/04/24,NYC,146139,146139,0,0,0,15848,10746,5102,0,0,5/25/2020 15:38,Agree,Agree
2020/04/25,NYC,150576,150576,0,4437,0,16270,10961,5309,422,207,5/25/2020 15:38,Agree,Agree
2020/04/26,NYC,153204,153204,0,2628,0,16673,11460,5213,403,-96,5/25/2020 15:38,Agree,Agree
2020/04/27,NYC,156100,156100,0,2896,0,16936,11708,5228,263,15,5/25/2020 15:38,Agree,Agree
2020/04/28,NYC,157713,157713,0,1613,0,17215,11820,5395,279,167,4/29/2020 18:12,Agree,Agree
2020/04/29,NYC,159865,159865,0,2152,0,17589,12287,5302,374,-93,4/30/2020 16:07,Agree,Agree
2020/04/30,NYC,162212,162212,0,2347,0,17866,12571,5295,277,-7,5/1/2020 21:00,Agree,Agree
2020/05/01,NYC,164505,164505,0,2293,0,18231,13000,5231,365,-64,5/2/2020 15:47,Agree,Agree
2020/05/02,NYC,166883,166883,0,2378,0,18282,13156,5126,51,-105,5/3/2020 15:36,Agree,Agree
2020/05/03,NYC,170534,170534,0,3651,0,18909,13536,5373,627,247,5/4/2020 22:49,Agree,Agree
2020/05/04,NYC,170534,170534,0,0,0,18909,13536,5373,0,0,5/5/2020 17:25,Agree,Agree
2020/05/05,NYC,171723,171723,0,1189,0,19107,13724,5383,198,10,5/6/2020 16:23,Agree,Agree
2020/05/06,NYC,173288,173288,0,1565,0,19297,13938,5359,190,-24,5/7/2020 22:59,Agree,Agree
2020/05/07,NYC,174709,174709,0,1421,0,19540,14162,5378,243,19,5/8/2020 21:26,Agree,Agree
2020/05/08,NYC,176086,176086,0,1377,0,19702,14389,5313,162,-65,5/9/2020 21:26,Agree,Agree
2020/05/09,NYC,178766,178766,0,2680,0,19931,14753,5178,229,-135,5/10/2020 21:26,Agree,Agree
2020/05/10,NYC,183662,183662,0,4896,0,20056,14928,5128,125,-50,5/11/2020 21:26,Agree,Agree
2020/05/11,NYC,184319,184319,0,657,0,20237,15101,5136,181,8,5/12/2020 17:26,Agree,Agree
2020/05/12,NYC,184319,184319,0,0,0,20237,15101,5136,0,0,5/13/2020 15:26,Agree,Agree
2020/05/13,NYC,185206,185206,0,887,0,20316,15233,5083,79,-53,5/14/2020 17:25,Agree,Agree
2020/05/14,NYC,186293,186293,0,1087,0,20406,15349,5057,90,-26,5/15/2020 16:11,Agree,Agree
2020/05/15,NYC,187848,187848,0,1555,0,20476,15422,5054,70,-3,5/16/2020 15:46,Agree,Agree
2020/05/16,NYC,195240,190408,4832,7392,4832,20720,15888,4832,244,-222,5/17/2020 15:27,Agree,Agree
2020/05/17,NYC,190408,190408,0,-4832,-4832,20720,15888,4832,0,0,5/18/2020 16:01,Agree,Agree
2020/05/18,NYC,191073,191073,0,665,0,20806,15983,4823,86,-9,5/19/2020 15:45,Agree,Agree
2020/05/19,NYC,197155,192374,4781,6082,4781,20934,16153,4781,128,-42,5/20/2020 15:28,Agree,Agree
2020/05/20,NYC,197611,192840,4771,456,-10,21003,16232,4771,69,-10,5/21/2020 15:41,Agree,Agree
2020/05/21,NYC,192840,192840,0,-4771,-4771,21003,16232,4771,0,0,5/22/2020 15:31,Agree,Agree
2020/05/22,NYC,193951,193951,0,1111,0,21086,16333,4753,83,-18,5/23/2020 17:58,Agree,Agree
2020/05/23,NYC,200199,195452,4747,6248,4747,21216,16469,4747,130,-6,5/24/2020 14:15,Agree,Agree
2020/05/24,NYC,195452,195452,0,-4747,-4747,21216,16469,4747,0,0,5/25/2020 14:12,Agree,Agree
2020/05/25,NYC,201372,196623,4749,5920,4749,21314,16565,4749,98,2,5/26/2020 14:23,Agree,Agree
2020/05/26,NYC,202103,197351,4752,731,3,21362,16610,4752,48,3,5/27/2020 15:37,Agree,Agree
2020/05/27,NYC,202997,198255,4742,894,-10,21415,16673,4742,53,-10,5/28/2020 15:12,Agree,Agree
2020/05/28,NYC,203778,199038,4740,781,-2,21477,16737,4740,62,-2,5/29/2020 14:19,Agree,Agree
2020/05/29,NYC,199038,199038,0,-4740,-4740,21477,16737,4740,0,0,5/30/2020 15:47,Agree,Agree
2020/05/30,NYC,199893,199893,0,855,0,21512,16785,4727,35,-13,5/31/2020 14:43,Agree,Agree
2020/05/31,NYC,205555,200830,4725,5662,4725,21607,16882,4725,95,-2,6/1/2020 14:17,Agree,Agree
2020/06/01,NYC,200830,200830,0,-4725,-4725,21607,16882,4725,0,0,6/2/2020 14:16,Agree,Agree
2020/06/02,NYC,206561,201806,4755,5731,4755,21688,16933,4755,81,30,6/3/2020 14:11,Agree,Agree
2020/06/03,NYC,201806,201806,0,-4755,-4755,21688,16933,4755,0,0,6/4/2020 15:03,Agree,Agree
2020/06/04,NYC,202319,202319,0,513,0,21752,16992,4760,64,5,6/5/2020 15:17,Agree,Agree
2020/06/05,NYC,202829,202829,0,510,0,21782,17055,4727,30,-33,6/6/2020 14:31,Agree,Agree
2020/06/06,NYC,208517,203819,4698,5688,4698,21844,17146,4698,62,-29,6/7/2020 14:23,Agree,Agree
2020/06/07,NYC,208961,204253,4708,444,10,21877,17169,4708,33,10,6/8/2020 14:55,Agree,Agree
2020/06/08,NYC,209291,204576,4715,330,7,21918,17203,4715,41,7,6/9/2020 16:49,Agree,Agree
2020/06/09,NYC,209716,205011,4705,425,-10,21960,17255,4705,42,-10,6/10/2020 20:56,Agree,Agree
2020/06/10,NYC,210098,205405,4693,382,-12,21993,17300,4693,33,-12,6/11/2020 14:48,Agree,Agree
2020/06/11,NYC,210538,205846,4692,440,-1,22043,17351,4692,50,-1,6/12/2020 14:17,Agree,Agree
2020/06/12,NYC,205846,201154,4692,-4692,0,22043,17351,4692,0,0,6/13/2020 17:46,Agree,Agree
2020/06/13,NYC,206322,201634,4688,476,-4,22076,17388,4688,33,-4,6/14/2020 14:19,Agree,Agree
2020/06/14,NYC,206606,201918,4688,284,0,22103,17415,4688,27,0,6/15/2020 14:33,Agree,Agree
2020/06/15,NYC,207049,202358,4691,443,3,22124,17433,4691,21,3,6/16/2020 14:10,Agree,Agree
2020/06/16,NYC,212505,207821,4684,5456,-7,22171,17487,4684,47,-7,6/17/2020 15:06,Agree,Agree
2020/06/17,NYC,212789,208097,4692,284,8,22199,17507,4692,28,8,6/18/2020 17:16,Agree,Agree
2020/06/18,NYC,213145,208455,4690,356,-2,22236,17546,4690,37,-2,6/19/2020 15:01,Agree,Agree
2020/06/19,NYC,213444,208763,4681,299,-9,22244,17563,4681,8,-9,6/20/2020 14:15,Agree,Agree
2020/06/20,NYC,214002,209313,4689,558,8,22285,17596,4689,41,8,6/21/2020 14:32,Agree,Agree
2020/06/21,NYC,214247,209562,4685,245,-4,22321,17636,4685,36,-4,6/22/2020 15:24,Agree,Agree
2020/06/22,NYC,214579,209893,4686,332,1,22343,17657,4686,22,1,6/23/2020 14:28,Agree,Agree
2020/06/23,NYC,214865,210185,4680,286,-6,22365,17685,4680,22,-6,6/24/2020 15:03,Agree,Agree
2020/06/24,NYC,215192,210523,4669,327,-11,22384,17715,4669,19,-11,6/25/2020 14:07,Agree,Agree
2020/06/25,NYC,215576,210908,4668,384,-1,22421,17753,4668,37,-1,6/26/2020 19:18,Agree,Agree
2020/06/26,NYC,215891,211229,4662,315,-6,22441,17779,4662,20,-6,6/27/2020 17:51,Agree,Agree
2020/06/27,NYC,216239,211569,4670,348,8,22470,17800,4670,29,8,6/28/2020 14:59,Agree,Agree
2020/06/28,NYC,216461,211861,4600,222,-70,23077,18477,4600,607,-70,6/29/2020 14:37,Agree,Agree
2020/06/29,NYC,216676,212072,4604,215,4,23096,18492,4604,19,4,6/30/2020 15:27,Agree,Agree
2020/06/30,NYC,217019,212412,4607,343,3,23104,18497,4607,8,3,7/1/2020 15:45,Agree,Agree
2020/07/01,NYC,217378,212774,4604,359,-3,23123,18519,4604,19,-3,7/2/2020 15:10,Agree,Agree
2020/07/02,NYC,217817,213212,4605,439,1,23140,18535,4605,17,1,7/3/2020 15:01,Agree,Agree
2020/07/03,NYC,218165,213561,4604,348,-1,23159,18555,4604,19,-1,7/4/2020 15:30,Agree,Agree
2020/07/04,NYC,218459,213852,4607,294,3,23190,18583,4607,31,3,7/5/2020 15:00,Agree,Agree
2020/07/05,NYC,218666,214061,4605,207,-2,23201,18596,4605,11,-2,7/6/2020 15:16,Agree,Agree
2020/07/06,NYC,218978,214371,4607,312,2,23218,18611,4607,17,2,7/7/2020 14:58,Agree,Agree
2020/07/07,NYC,219176,214570,4606,198,-1,23224,18618,4606,6,-1,7/8/2020 14:12,Agree,Agree
2020/07/08,NYC,219567,214952,4615,391,9,23247,18637,4610,23,4,7/9/2020 15:14,Agree,Agree
2020/07/09,NYC,219884,215265,4619,317,4,23267,18653,4614,20,4,7/10/2020 15:35,Agree,Agree
2020/07/10,NYC,220214,215598,4616,330,-3,23278,18667,4611,11,-3,7/11/2020 18:25,Agree,Agree
2020/07/11,NYC,220542,215924,4618,328,2,23283,18670,4613,5,2,7/12/2020 15:13,Agree,Agree
2020/07/12,NYC,220819,216199,4620,277,2,23323,18708,4615,40,2,7/13/2020 15:19,Agree,Agree
2020/07/13,NYC,221089,216468,4621,270,1,23336,18720,4616,13,1,7/14/2020 15:13,Agree,Agree
2020/07/14,NYC,221458,216834,4624,369,3,23353,18734,4619,17,3,7/15/2020 15:05,Agree,Agree
2020/07/15,NYC,221852,217230,4622,394,-2,23371,18754,4617,18,-2,7/16/2020 14:22,Agree,Agree
2020/07/16,NYC,222186,217562,4624,334,2,23377,18758,4619,6,2,7/17/2020 14:31,Agree,Agree
2020/07/17,NYC,222517,217895,4622,331,-2,23388,18771,4617,11,-2,7/18/2020 16:14,Agree,Agree
2020/07/18,NYC,222788,218159,4629,271,7,23400,18776,4624,12,7,7/19/2020 15:05,Agree,Agree
2020/07/19,NYC,223107,218478,4629,319,0,23411,18787,4624,11,0,7/20/2020 14:35,Agree,Agree
2020/07/20,NYC,223107,218478,4629,0,0,23411,18787,4624,0,0,7/21/2020 14:50,Agree,Agree
2020/07/21,NYC,223758,219128,4630,651,1,23428,18803,4625,17,1,7/22/2020 14:51,Agree,Agree
2020/07/22,NYC,224118,219489,4629,360,-1,23463,18839,4624,35,-1,7/23/2020 14:48,Agree,Agree
2020/07/23,NYC,224275,219641,4634,157,5,23465,18836,4629,2,5,7/24/2020 14:18,Agree,Agree
2020/07/24,NYC,224804,220172,4632,529,-2,23476,18849,4627,11,-2,7/25/2020 17:40,Agree,Agree
2020/07/25,NYC,224894,220266,4628,90,-4,23485,18862,4623,9,-4,7/26/2020 15:17,Agree,Agree
2020/07/26,NYC,225116,220483,4633,222,5,23500,18872,4628,15,5,7/27/2020 14:16,Agree,Agree
2020/07/27,NYC,225541,220907,4634,425,1,23507,18878,4629,7,1,7/28/2020 14:21,Agree,Agree
2020/07/28,NYC,225850,221220,4630,309,-4,23512,18887,4625,5,-4,7/29/2020 14:34,Agree,Agree
2020/07/29,NYC,226167,221534,4633,317,3,23525,18898,4627,13,2,7/30/2020 14:42,Agree,Agree
2020/07/30,NYC,226453,221822,4631,286,-2,23531,18906,4625,6,-2,7/31/2020 14:35,Agree,Agree
2020/07/31,NYC,226767,222131,4636,314,5,23536,18910,4626,5,1,8/1/2020 14:38,Agree,Agree
2020/08/01,NYC,226966,222330,4636,199,0,23541,18915,4626,5,0,8/2/2020 14:54,Agree,Agree
2020/08/02,NYC,227155,222522,4633,189,-3,23550,18927,4623,9,-3,8/3/2020 14:31,Agree,Agree
2020/08/03,NYC,227473,222840,4633,318,0,23556,18933,4623,6,0,8/4/2020 14:09,Agree,Agree
2020/08/04,NYC,227822,223186,4636,349,3,23563,18937,4626,7,3,8/5/2020 14:13,Agree,Agree
2020/08/05,NYC,228108,223473,4635,286,-1,23563,18938,4625,0,-1,8/6/2020 14:12,Agree,Agree
2020/08/06,NYC,228509,223876,4633,401,-2,23567,18944,4623,4,-2,8/7/2020 23:57,Agree,Agree
2020/08/07,NYC,228753,224117,4636,244,3,23575,18949,4626,8,3,8/8/2020 14:58,Agree,Agree
2020/08/08,NYC,229073,224438,4635,320,-1,23580,18956,4624,5,-2,8/9/2020 14:03,Agree,Agree
2020/08/09,NYC,229321,224684,4637,248,2,23586,18960,4626,6,2,8/10/2020 14:23,Agree,Agree
2020/08/10,NYC,229557,224920,4637,236,0,23592,18966,4626,6,0,8/11/2020 14:16,Agree,Agree
2020/08/11,NYC,229927,225284,4643,370,6,23602,18970,4632,10,6,8/12/2020 13:50,Agree,Agree
2020/08/12,NYC,230355,225713,4642,428,-1,23610,18979,4631,8,-1,8/13/2020 14:12,Agree,Agree
2020/08/13,NYC,230682,226043,4639,327,-3,23615,18987,4628,5,-3,8/14/2020 14:30,Agree,Agree
2020/08/14,NYC,230682,226043,4639,0,0,23615,18987,4628,0,0,8/15/2020 14:02,Agree,Agree
2020/08/15,NYC,231401,226756,4645,719,6,23628,18994,4634,13,6,8/16/2020 14:57,Agree,Agree
2020/08/16,NYC,231624,226977,4647,223,2,23634,18998,4636,6,2,8/17/2020 14:26,Agree,Agree
2020/08/17,NYC,231812,227158,4654,188,7,23642,18999,4643,8,7,8/18/2020 14:26,Agree,Agree
2020/08/18,NYC,232068,227419,4649,256,-5,23643,19005,4638,1,-5,8/19/2020 14:23,Agree,Agree
2020/08/19,NYC,232371,227724,4647,303,-2,23639,19003,4636,-4,-2,8/20/2020 15:11,Agree,Agree
2020/08/20,NYC,232572,227927,4645,201,-2,23641,19007,4634,2,-2,8/21/2020 14:27,Agree,Agree
2020/08/21,NYC,232789,228144,4645,217,0,23646,19014,4632,5,-2,8/22/2020 14:21,Agree,Agree
2020/08/22,NYC,233084,228428,4656,295,11,23658,19017,4641,12,9,8/23/2020 14:15,Agree,Agree
2020/08/23,NYC,233268,228617,4651,184,-5,23662,19025,4637,4,-4,8/24/2020 13:54,Agree,Agree
2020/08/24,NYC,233524,228788,4736,256,85,23666,19029,4637,4,0,8/25/2020 14:02,Agree,Agree
2020/08/25,NYC,233711,228971,4740,187,4,23669,19030,4639,3,2,8/26/2020 13:51,Agree,Agree
2020/08/26,NYC,233943,229207,4736,232,-4,23674,19037,4637,5,-2,8/27/2020 13:42,Agree,Agree
2020/08/27,NYC,234254,229518,4736,311,0,23680,19044,4636,6,-1,8/28/2020 13:43,Agree,Agree
2020/08/28,NYC,234509,229751,4758,255,22,23683,19047,4636,3,0,8/29/2020 13:42,Agree,Agree
2020/08/29,NYC,234751,229980,4771,242,13,23689,19042,4647,6,11,8/30/2020 14:49,Agree,Agree
2020/08/30,NYC,234969,230205,4764,218,-7,23695,19055,4640,6,-7,8/31/2020 14:05,Agree,Agree
2020/08/31,NYC,235264,230496,4768,295,4,23703,19060,4643,8,3,9/1/2020 14:09,Agree,Agree
2020/09/01,NYC,235514,230744,4770,250,2,23708,19063,4645,5,2,9/2/2020 13:49,Agree,Agree
2020/09/02,NYC,235839,231068,4771,325,1,23710,19066,4644,2,-1,9/3/2020 14:18,Agree,Agree
2020/09/03,NYC,236060,231290,4770,221,-1,23716,19073,4643,6,-1,9/4/2020 13:36,Agree,Agree
2020/09/04,NYC,236363,231594,4769,303,-1,23721,19080,4641,5,-2,9/5/2020 14:09,Agree,Agree
2020/09/05,NYC,236363,231594,4769,0,0,23721,19080,4641,0,0,9/6/2020 14:09,Agree,Agree
2020/09/06,NYC,236657,231824,4833,294,64,23736,19090,4646,15,5,9/7/2020 13:37,Agree,Agree
2020/09/07,NYC,236868,232036,4832,211,-1,23744,19098,4646,8,0,9/8/2020 14:47,Agree,Agree
2020/09/08,NYC,237070,232232,4838,202,6,23741,19098,4643,-3,-3,9/9/2020 13:47,Agree,Agree
2020/09/09,NYC,237551,232710,4841,481,3,23741,19099,4642,0,-1,9/10/2020 14:02,Agree,Agree
2020/09/10,NYC,237752,232926,4826,201,-15,23739,19116,4623,-2,-19,9/11/2020 13:51,Agree,Agree
2020/09/11,NYC,238522,233216,5306,770,480,23743,19120,4623,4,0,9/12/2020 14:12,Agree,Agree
2020/09/12,NYC,238522,233216,5306,0,0,23743,19120,4623,0,0,9/13/2020 16:17,Agree,Agree
2020/09/13,NYC,238945,233636,5309,423,3,23750,19124,4626,7,3,9/14/2020 14:01,Agree,Agree
2020/09/14,NYC,239289,233972,5317,344,8,23758,19131,4627,8,1,9/15/2020 14:03,Agree,Agree
2020/09/15,NYC,239547,234225,5322,258,5,23762,19134,4628,4,1,9/16/2020 13:53,Agree,Agree
2020/09/16,NYC,239841,234500,5341,294,19,23767,19142,4625,5,-3,9/17/2020 13:45,Agree,Agree
2020/09/17,NYC,240187,234827,5360,346,19,23775,19147,4628,8,3,9/18/2020 13:48,Agree,Agree
2020/09/18,NYC,240822,235461,5361,635,1,23771,19146,4625,-4,-3,9/19/2020 14:00,Agree,Agree
2020/09/19,NYC,241015,235649,5366,193,5,23777,19149,4628,6,3,9/20/2020 13:53,Agree,Agree
2020/09/20,NYC,241337,235969,5368,322,2,23782,19152,4630,5,2,9/21/2020 13:47,Agree,Agree
2020/09/21,NYC,241631,236253,5378,294,10,23780,19153,4627,-2,-3,9/22/2020 13:51,Agree,Agree
2020/09/22,NYC,241858,236462,5396,227,18,23780,19152,4628,0,1,9/23/2020 13:51,Agree,Agree
2020/09/23,NYC,242255,236841,5414,397,18,23785,19159,4626,5,-2,9/24/2020 13:54,Agree,Agree
2020/09/24,NYC,242685,237227,5458,430,44,23792,19165,4627,7,1,9/25/2020 13:54,Agree,Agree
2020/09/25,NYC,243123,237628,5495,438,37,23795,19167,4628,3,1,9/26/2020 13:46,Agree,Agree
2020/01/22,OH,0,,,0,,0,,,0,,3/26/2020 16:22,Agree,Agree
2020/01/23,OH,0,,,0,,0,,,0,,3/26/2020 16:22,Agree,Agree
2020/01/24,OH,0,,,0,,0,,,0,,3/26/2020 16:22,Agree,Agree
2020/01/25,OH,0,,,0,,0,,,0,,3/26/2020 16:22,Agree,Agree
2020/01/26,OH,0,,,0,,0,,,0,,3/26/2020 16:22,Agree,Agree
2020/01/27,OH,0,,,0,,0,,,0,,3/26/2020 16:22,Agree,Agree
2020/01/28,OH,0,,,0,,0,,,0,,3/26/2020 16:22,Agree,Agree
2020/01/29,OH,0,,,0,,0,,,0,,3/26/2020 16:22,Agree,Agree
2020/01/30,OH,0,,,0,,0,,,0,,3/26/2020 16:22,Agree,Agree
2020/01/31,OH,0,,,0,,0,,,0,,3/26/2020 16:22,Agree,Agree
2020/02/01,OH,0,,,0,,0,,,0,,3/26/2020 16:22,Agree,Agree
2020/02/02,OH,0,,,0,,0,,,0,,3/26/2020 16:22,Agree,Agree
2020/02/03,OH,0,,,0,,0,,,0,,3/26/2020 16:22,Agree,Agree
2020/02/04,OH,0,,,0,,0,,,0,,3/26/2020 16:22,Agree,Agree
2020/02/05,OH,0,,,0,,0,,,0,,3/26/2020 16:22,Agree,Agree
2020/02/06,OH,0,,,0,,0,,,0,,3/26/2020 16:22,Agree,Agree
2020/02/07,OH,0,,,0,,0,,,0,,3/26/2020 16:22,Agree,Agree
2020/02/08,OH,0,,,0,,0,,,0,,3/26/2020 16:22,Agree,Agree
2020/02/09,OH,0,,,0,,0,,,0,,3/26/2020 16:22,Agree,Agree
2020/02/10,OH,0,,,0,,0,,,0,,3/26/2020 16:22,Agree,Agree
2020/02/11,OH,0,,,0,,0,,,0,,3/26/2020 16:22,Agree,Agree
2020/02/12,OH,0,,,0,,0,,,0,,3/26/2020 16:22,Agree,Agree
2020/02/13,OH,0,,,0,,0,,,0,,3/26/2020 16:22,Agree,Agree
2020/02/14,OH,0,,,0,,0,,,0,,3/26/2020 16:22,Agree,Agree
2020/02/15,OH,0,,,0,,0,,,0,,3/26/2020 16:22,Agree,Agree
2020/02/16,OH,0,,,0,,0,,,0,,3/26/2020 16:22,Agree,Agree
2020/02/17,OH,0,,,0,,0,,,0,,3/26/2020 16:22,Agree,Agree
2020/02/18,OH,0,,,0,,0,,,0,,3/26/2020 16:22,Agree,Agree
2020/02/19,OH,0,,,0,,0,,,0,,3/26/2020 16:22,Agree,Agree
2020/02/20,OH,0,,,0,,0,,,0,,3/26/2020 16:22,Agree,Agree
2020/02/21,OH,0,,,0,,0,,,0,,3/26/2020 16:22,Agree,Agree
2020/02/22,OH,0,,,0,,0,,,0,,3/26/2020 16:22,Agree,Agree
2020/02/23,OH,0,,,0,,0,,,0,,3/26/2020 16:22,Agree,Agree
2020/02/24,OH,0,,,0,,0,,,0,,3/26/2020 16:22,Agree,Agree
2020/02/25,OH,0,,,0,,0,,,0,,3/26/2020 16:22,Agree,Agree
2020/02/26,OH,0,,,0,,0,,,0,,3/26/2020 16:22,Agree,Agree
2020/02/27,OH,0,,,0,,0,,,0,,3/26/2020 16:22,Agree,Agree
2020/02/28,OH,0,,,0,,0,,,0,,3/26/2020 16:22,Agree,Agree
2020/02/29,OH,0,,,0,,0,,,0,,3/26/2020 16:22,Agree,Agree
2020/03/01,OH,0,,,0,,0,,,0,,3/26/2020 16:22,Agree,Agree
2020/03/02,OH,0,,,0,,0,,,0,,3/26/2020 16:22,Agree,Agree
2020/03/03,OH,0,,,0,,0,,,0,,3/26/2020 16:22,Agree,Agree
2020/03/04,OH,0,,,0,,0,,,0,,3/26/2020 16:22,Agree,Agree
2020/03/05,OH,0,,,0,,0,,,0,,3/26/2020 16:22,Agree,Agree
2020/03/06,OH,0,,,0,,0,,,0,,3/26/2020 16:22,Agree,Agree
2020/03/07,OH,0,,,0,,0,,,0,,3/26/2020 16:22,Agree,Agree
2020/03/08,OH,0,,,0,,0,,,0,,3/26/2020 16:22,Agree,Agree
2020/03/09,OH,0,,,0,,0,,,0,,3/26/2020 16:22,Agree,Agree
2020/03/10,OH,3,,,3,,0,,,0,,3/26/2020 16:22,Agree,Agree
2020/03/11,OH,3,,,0,,0,,,0,,3/26/2020 16:22,Agree,Agree
2020/03/12,OH,5,,,2,,0,,,0,,3/26/2020 16:22,Agree,Agree
2020/03/13,OH,5,,,0,,0,,,0,,3/26/2020 16:22,Agree,Agree
2020/03/14,OH,5,,,0,,0,,,0,,3/26/2020 16:22,Agree,Agree
2020/03/15,OH,37,,,32,,0,,,0,,3/26/2020 16:22,Agree,Agree
2020/03/16,OH,50,,,13,,0,,,0,,3/26/2020 16:22,Agree,Agree
2020/03/17,OH,67,,,17,,0,,,0,,3/26/2020 16:22,Agree,Agree
2020/03/18,OH,88,,,21,,0,,,0,,3/26/2020 16:22,Agree,Agree
2020/03/19,OH,119,,,31,,0,,,0,,3/26/2020 16:22,Agree,Agree
2020/03/20,OH,169,,,50,,1,,,1,,3/26/2020 16:22,Agree,Agree
2020/03/21,OH,247,,,78,,3,,,2,,3/26/2020 16:22,Agree,Agree
2020/03/22,OH,351,,,104,,3,,,0,,3/26/2020 16:22,Agree,Agree
2020/03/23,OH,442,,,91,,6,,,3,,3/26/2020 16:22,Agree,Agree
2020/03/24,OH,564,,,122,,8,,,2,,3/26/2020 16:22,Agree,Agree
2020/03/25,OH,704,,,140,,10,,,2,,3/26/2020 16:22,Agree,Agree
2020/03/26,OH,867,,,163,,15,,,5,,3/26/2020 16:22,Agree,Agree
2020/03/27,OH,1137,,,270,,19,,,4,,3/26/2020 16:22,Agree,Agree
2020/03/28,OH,1406,,,269,,25,,,6,,3/28/2020 16:22,Agree,Agree
2020/03/29,OH,1653,,,247,,29,,,4,,3/28/2020 16:22,Agree,Agree
2020/03/30,OH,1933,,,280,,39,,,10,,3/29/2020 16:22,Agree,Agree
2020/03/31,OH,2199,,,266,,55,,,16,,3/30/2020 16:22,Agree,Agree
2020/04/01,OH,2547,,,348,,65,,,10,,3/31/2020 16:22,Agree,Agree
2020/04/02,OH,2902,,,355,,81,,,16,,4/1/2020 16:22,Agree,Agree
2020/04/03,OH,3312,,,410,,91,,,10,,4/3/2020 16:22,Agree,Agree
2020/04/04,OH,3739,,,427,,102,,,11,,4/3/2020 16:22,Agree,Agree
2020/04/05,OH,4043,,,304,,119,,,17,,4/4/2020 16:22,Agree,Agree
2020/04/06,OH,4450,,,407,,142,,,23,,4/5/2020 16:22,Agree,Agree
2020/04/07,OH,4782,,,332,,167,,,25,,4/7/2020 16:22,Agree,Agree
2020/04/08,OH,5148,,,366,,193,,,26,,4/7/2020 16:22,Agree,Agree
2020/04/09,OH,5512,,,364,,213,,,20,,4/8/2020 16:22,Agree,Agree
2020/04/10,OH,5878,,,366,,231,,,18,,4/9/2020 16:22,Agree,Agree
2020/04/11,OH,6250,,,372,,247,,,16,,4/10/2020 16:22,Agree,Agree
2020/04/12,OH,6518,,,268,,248,,,1,,4/11/2020 16:22,Agree,Agree
2020/04/13,OH,6975,6881,94,457,94,268,,,20,,4/12/2020 16:22,Agree,Agree
2020/04/14,OH,7280,7153,127,305,33,324,,,56,,4/13/2020 16:22,Agree,Agree
2020/04/15,OH,7791,7628,163,511,36,361,346,15,37,15,4/15/2020 16:22,Agree,Agree
2020/04/16,OH,8414,8239,175,623,12,389,373,16,28,1,4/16/2020 16:22,Agree,Agree
2020/04/17,OH,9107,8858,249,693,74,418,401,17,29,1,4/17/2020 16:22,Agree,Agree
2020/04/18,OH,10222,9939,283,1115,34,451,434,17,33,0,4/18/2020 16:22,Agree,Agree
2020/04/19,OH,11602,11292,310,1380,27,471,453,18,20,1,4/19/2020 16:22,Agree,Agree
2020/04/20,OH,12919,12516,403,1317,93,509,491,18,38,0,4/20/2020 16:22,Agree,Agree
2020/04/21,OH,13725,13250,475,806,72,557,538,19,48,1,4/21/2020 16:22,Agree,Agree
2020/04/22,OH,14117,13609,508,392,33,610,584,26,53,7,4/22/2020 16:22,Agree,Agree
2020/04/23,OH,14694,14142,552,577,44,656,618,38,46,12,5/25/2020 15:38,Agree,Agree
2020/04/24,OH,15169,14581,588,475,36,690,649,41,34,3,5/25/2020 15:38,Agree,Agree
2020/04/25,OH,15587,14983,604,418,16,711,671,40,21,-1,5/25/2020 15:38,Agree,Agree
2020/04/26,OH,15963,15360,603,376,-1,728,687,41,17,1,5/25/2020 15:38,Agree,Agree
2020/04/27,OH,16325,15699,626,362,23,753,712,41,25,0,5/25/2020 15:38,Agree,Agree
2020/04/28,OH,16769,16128,641,444,15,799,757,42,46,1,4/29/2020 18:12,Agree,Agree
2020/04/29,OH,17303,16601,702,534,61,937,856,81,138,39,4/30/2020 16:07,Agree,Agree
2020/04/30,OH,18027,17285,742,724,40,975,898,77,38,-4,5/1/2020 21:00,Agree,Agree
2020/05/01,OH,18743,17962,781,716,39,1002,922,80,27,3,5/2/2020 15:47,Agree,Agree
2020/05/02,OH,19335,18537,798,592,17,1021,940,81,19,1,5/3/2020 15:36,Agree,Agree
2020/05/03,OH,19914,19094,820,579,22,1038,957,81,17,0,5/4/2020 22:49,Agree,Agree
2020/05/04,OH,20474,19609,865,560,45,1056,975,81,18,0,5/5/2020 17:25,Agree,Agree
2020/05/05,OH,20969,20072,897,495,32,1135,1038,97,79,16,5/6/2020 16:23,Agree,Agree
2020/05/06,OH,21576,20625,951,607,54,1225,1114,111,90,14,5/7/2020 22:59,Agree,Agree
2020/05/07,OH,22131,21132,999,555,48,1271,1153,118,46,7,5/8/2020 21:26,Agree,Agree
2020/05/08,OH,23016,21969,1047,885,48,1306,1185,121,35,3,5/9/2020 21:26,Agree,Agree
2020/05/09,OH,23697,22560,1137,681,90,1331,1214,117,25,-4,5/10/2020 21:26,Agree,Agree
2020/05/10,OH,24081,22891,1190,384,53,1341,1220,121,10,4,5/11/2020 21:26,Agree,Agree
2020/05/11,OH,24777,23400,1377,696,187,1357,1236,121,16,0,5/12/2020 17:26,Agree,Agree
2020/05/12,OH,25250,23809,1441,473,64,1436,1303,133,79,12,5/13/2020 15:26,Agree,Agree
2020/05/13,OH,25721,24245,1476,471,35,1483,1347,136,47,3,5/14/2020 17:25,Agree,Agree
2020/05/14,OH,26357,24800,1557,636,81,1534,1388,146,51,10,5/15/2020 16:11,Agree,Agree
2020/05/15,OH,26954,25349,1605,597,48,1581,1431,150,47,4,5/16/2020 15:46,Agree,Agree
2020/05/16,OH,27474,25836,1638,520,33,1610,1457,153,29,3,5/17/2020 15:27,Agree,Agree
2020/05/17,OH,27923,26220,1703,449,65,1625,1472,153,15,0,5/18/2020 16:01,Agree,Agree
2020/05/18,OH,28272,26464,1808,349,105,1657,1504,153,32,0,5/19/2020 15:45,Agree,Agree
2020/05/19,OH,28952,27106,1846,680,38,1720,1556,164,63,11,5/20/2020 15:28,Agree,Agree
2020/05/20,OH,29436,27517,1919,484,73,1781,1603,178,61,14,5/21/2020 15:41,Agree,Agree
2020/05/21,OH,30167,28174,1993,731,74,1836,1653,183,55,5,5/22/2020 15:31,Agree,Agree
2020/05/22,OH,30794,28758,2036,627,43,1872,1691,181,36,-2,5/23/2020 17:58,Agree,Agree
2020/05/23,OH,31408,29288,2120,614,84,1956,1756,200,84,19,5/24/2020 14:15,Agree,Agree
2020/05/24,OH,31911,29777,2134,503,14,1969,1769,200,13,0,5/25/2020 14:12,Agree,Agree
2020/05/25,OH,32477,30305,2172,566,38,1987,1788,199,18,-1,5/26/2020 14:23,Agree,Agree
2020/05/26,OH,33006,30827,2179,529,7,2002,1803,199,15,0,5/27/2020 15:37,Agree,Agree
2020/05/27,OH,33439,31191,2248,433,69,2044,1842,202,42,3,5/28/2020 15:12,Agree,Agree
2020/05/28,OH,33915,31625,2290,476,42,2098,1888,210,54,8,5/29/2020 14:19,Agree,Agree
2020/05/29,OH,34566,32202,2364,651,74,2131,1921,210,33,0,5/30/2020 15:47,Agree,Agree
2020/05/30,OH,35034,32639,2395,468,31,2149,1938,211,18,1,5/31/2020 14:43,Agree,Agree
2020/05/31,OH,35513,33073,2440,479,45,2155,1944,211,6,0,6/1/2020 14:17,Agree,Agree
2020/06/01,OH,35984,33501,2483,471,43,2206,1993,213,51,2,6/2/2020 14:16,Agree,Agree
2020/06/02,OH,36413,33892,2521,429,38,2258,2041,217,52,4,6/3/2020 14:11,Agree,Agree
2020/06/03,OH,36792,34208,2584,379,63,2299,2080,219,41,2,6/4/2020 15:03,Agree,Agree
2020/06/04,OH,37282,34639,2643,490,59,2339,2117,222,40,3,6/5/2020 15:17,Agree,Agree
2020/06/05,OH,37758,35096,2662,476,19,2355,2135,220,16,-2,6/6/2020 14:31,Agree,Agree
2020/06/06,OH,38111,35408,2703,353,41,2370,2148,222,15,2,6/7/2020 14:23,Agree,Agree
2020/06/07,OH,38476,35731,2745,365,42,2377,2155,222,7,0,6/8/2020 14:55,Agree,Agree
2020/06/08,OH,38837,36077,2760,361,15,2404,2177,227,27,5,6/9/2020 16:49,Agree,Agree
2020/06/09,OH,39162,36355,2807,325,47,2421,2196,225,17,-2,6/10/2020 20:56,Agree,Agree
2020/06/10,OH,39575,36710,2865,413,58,2457,2231,226,36,1,6/11/2020 14:48,Agree,Agree
2020/06/11,OH,40004,37120,2884,429,19,2490,2263,227,33,1,6/12/2020 14:17,Agree,Agree
2020/06/12,OH,40424,37519,2905,420,21,2508,2280,228,18,1,6/13/2020 17:46,Agree,Agree
2020/06/13,OH,40848,37893,2955,424,50,2554,2324,230,46,2,6/14/2020 14:19,Agree,Agree
2020/06/14,OH,41148,38188,2960,300,5,2557,2327,230,3,0,6/15/2020 14:33,Agree,Agree
2020/06/15,OH,41576,38536,3040,428,80,2573,2342,231,16,1,6/16/2020 14:10,Agree,Agree
2020/06/16,OH,42010,38911,3099,434,59,2597,2362,235,24,4,6/17/2020 15:06,Agree,Agree
2020/06/17,OH,42422,39303,3119,412,20,2611,2377,234,14,-1,6/18/2020 17:16,Agree,Agree
2020/06/18,OH,43122,39973,3149,700,30,2633,2401,232,22,-2,6/19/2020 15:01,Agree,Agree
2020/06/19,OH,43731,40549,3182,609,33,2667,2430,237,34,5,6/20/2020 14:15,Agree,Agree
2020/06/20,OH,44262,41062,3200,531,18,2697,2460,237,30,0,6/21/2020 14:32,Agree,Agree
2020/06/21,OH,44808,41578,3230,546,30,2700,2463,237,3,0,6/22/2020 15:24,Agree,Agree
2020/06/22,OH,45537,42254,3283,729,53,2704,2467,237,4,0,6/23/2020 14:28,Agree,Agree
2020/06/23,OH,46127,42767,3360,590,77,2735,2497,238,31,1,6/24/2020 15:03,Agree,Agree
2020/06/24,OH,46759,43363,3396,632,36,2755,2516,239,20,1,6/25/2020 14:07,Agree,Agree
2020/06/25,OH,47651,44221,3430,892,34,2772,2530,242,17,3,6/26/2020 19:18,Agree,Agree
2020/06/26,OH,48638,45172,3466,987,36,2788,2545,243,16,1,6/27/2020 17:51,Agree,Agree
2020/06/27,OH,49455,45969,3486,817,20,2804,2561,243,16,0,6/28/2020 14:59,Agree,Agree
2020/06/28,OH,50309,46790,3519,854,33,2807,2564,243,3,0,6/29/2020 14:37,Agree,Agree
2020/06/29,OH,51046,47524,3522,737,3,2818,2575,243,11,0,6/30/2020 15:27,Agree,Agree
2020/06/30,OH,51789,48222,3567,743,45,2863,2615,248,45,5,7/1/2020 15:45,Agree,Agree
2020/07/01,OH,52865,49263,3602,1076,35,2876,2626,250,13,2,7/2/2020 15:10,Agree,Agree
2020/07/02,OH,54166,50523,3643,1301,41,2886,2637,249,10,-1,7/3/2020 15:01,Agree,Agree
2020/07/03,OH,55257,51581,3676,1091,33,2903,2653,250,17,1,7/4/2020 15:30,Agree,Agree
2020/07/04,OH,56183,52488,3695,926,19,2907,2657,250,4,0,7/5/2020 15:00,Agree,Agree
2020/07/05,OH,57151,53458,3693,968,-2,2911,2661,250,4,0,7/6/2020 15:16,Agree,Agree
2020/07/06,OH,57956,54232,3724,805,31,2927,2677,250,16,0,7/7/2020 14:58,Agree,Agree
2020/07/07,OH,58904,55150,3754,948,30,2970,2718,252,43,2,7/8/2020 14:12,Agree,Agree
2020/07/08,OH,60181,56384,3797,1277,43,2991,2737,254,21,2,7/9/2020 15:14,Agree,Agree
2020/07/09,OH,61331,57506,3825,1150,28,3006,2749,257,15,3,7/10/2020 15:35,Agree,Agree
2020/07/10,OH,62856,59000,3856,1525,31,3032,2776,256,26,-1,7/11/2020 18:25,Agree,Agree
2020/07/11,OH,64214,60328,3886,1358,30,3036,2780,256,4,0,7/12/2020 15:13,Agree,Agree
2020/07/12,OH,65592,61669,3923,1378,37,3058,2801,257,22,1,7/13/2020 15:19,Agree,Agree
2020/07/13,OH,66853,62913,3940,1261,17,3064,2807,257,6,0,7/14/2020 15:13,Agree,Agree
2020/07/14,OH,67995,64013,3982,1142,42,3069,2813,256,5,-1,7/15/2020 15:05,Agree,Agree
2020/07/15,OH,69311,65287,4024,1316,42,3075,2819,256,6,0,7/16/2020 14:22,Agree,Agree
2020/07/16,OH,70601,66540,4061,1290,37,3103,2849,254,28,-2,7/17/2020 14:31,Agree,Agree
2020/07/17,OH,72280,68175,4105,1679,44,3112,2858,254,9,0,7/18/2020 16:14,Agree,Agree
2020/07/18,OH,73822,69684,4138,1542,33,3132,2875,257,20,3,7/19/2020 15:05,Agree,Agree
2020/07/19,OH,74932,70755,4177,1110,39,3174,2916,258,42,1,7/20/2020 14:35,Agree,Agree
2020/07/20,OH,76168,71952,4216,1236,39,3189,2931,258,15,0,7/21/2020 14:50,Agree,Agree
2020/07/21,OH,77215,72963,4252,1047,36,3219,2959,260,30,2,7/22/2020 14:51,Agree,Agree
2020/07/22,OH,78742,74409,4333,1527,81,3235,2976,259,16,-1,7/23/2020 14:48,Agree,Agree
2020/07/23,OH,80186,75819,4367,1444,34,3256,2997,259,21,0,7/24/2020 14:18,Agree,Agree
2020/07/24,OH,81746,77309,4437,1560,70,3297,3039,258,41,-1,7/25/2020 17:40,Agree,Agree
2020/07/25,OH,83184,78735,4449,1438,12,3297,3039,258,0,0,7/26/2020 15:17,Agree,Agree
2020/07/26,OH,84073,79573,4500,889,51,3307,3049,258,10,0,7/27/2020 14:16,Agree,Agree
2020/07/27,OH,85177,80628,4549,1104,49,3344,3082,262,37,4,7/28/2020 14:21,Agree,Agree
2020/07/28,OH,86497,81896,4601,1320,52,3382,3118,264,38,2,7/29/2020 14:34,Agree,Agree
2020/07/29,OH,87893,83213,4680,1396,79,3422,3156,266,40,2,7/30/2020 14:42,Agree,Agree
2020/07/30,OH,89626,84862,4764,1733,84,3442,3177,265,20,-1,7/31/2020 14:35,Agree,Agree
2020/07/31,OH,91159,86333,4826,1533,62,3489,3222,267,47,2,8/1/2020 14:38,Agree,Agree
2020/08/01,OH,92087,87218,4869,928,43,3515,3246,269,26,2,8/2/2020 14:54,Agree,Agree
2020/08/02,OH,93031,88134,4897,944,28,3529,3261,268,14,-1,8/3/2020 14:31,Agree,Agree
2020/08/03,OH,93963,88997,4966,932,69,3539,3271,268,10,0,8/4/2020 14:09,Agree,Agree
2020/08/04,OH,95106,90041,5065,1143,99,3570,3301,269,31,1,8/5/2020 14:13,Agree,Agree
2020/08/05,OH,96305,91171,5134,1199,69,3596,3326,270,26,1,8/6/2020 14:12,Agree,Agree
2020/08/06,OH,97471,92273,5198,1166,64,3618,3348,270,22,0,8/7/2020 23:57,Agree,Agree
2020/08/07,OH,98675,93402,5273,1204,75,3652,3381,271,34,1,8/8/2020 14:58,Agree,Agree
2020/08/08,OH,99969,94671,5298,1294,25,3668,3396,272,16,1,8/9/2020 14:03,Agree,Agree
2020/08/09,OH,100848,95496,5352,879,54,3669,3397,272,1,0,8/10/2020 14:23,Agree,Agree
2020/08/10,OH,101731,96358,5373,883,21,3673,3405,268,4,-4,8/11/2020 14:16,Agree,Agree
2020/08/11,OH,102826,97373,5453,1095,80,3708,3435,273,35,5,8/12/2020 13:50,Agree,Agree
2020/08/12,OH,104248,98725,5523,1422,70,3734,3460,274,26,1,8/13/2020 14:12,Agree,Agree
2020/08/13,OH,105426,99856,5570,1178,47,3755,3481,274,21,0,8/14/2020 14:30,Agree,Agree
2020/08/14,OH,106557,100945,5612,1131,42,3784,3510,274,29,0,8/15/2020 14:02,Agree,Agree
2020/08/15,OH,107674,102016,5658,1117,46,3824,3546,278,40,4,8/16/2020 14:57,Agree,Agree
2020/08/16,OH,108287,102577,5710,613,52,3826,3548,278,2,0,8/17/2020 14:26,Agree,Agree
2020/08/17,OH,109062,103320,5742,775,32,3832,3554,278,6,0,8/18/2020 14:26,Agree,Agree
2020/08/18,OH,109923,104105,5818,861,76,3871,3592,279,39,1,8/19/2020 14:23,Agree,Agree
2020/08/19,OH,110881,104999,5882,958,64,3907,3627,280,36,1,8/20/2020 15:11,Agree,Agree
2020/08/20,OH,112003,106063,5940,1122,58,3929,3650,279,22,-1,8/21/2020 14:27,Agree,Agree
2020/08/21,OH,113046,107064,5982,1043,42,3955,3675,280,26,1,8/22/2020 14:21,Agree,Agree
2020/08/22,OH,114165,108133,6032,1119,50,3975,3694,281,20,1,8/23/2020 14:15,Agree,Agree
2020/08/23,OH,114802,108735,6067,637,35,3978,3697,281,3,0,8/24/2020 13:54,Agree,Agree
2020/08/24,OH,115651,109566,6085,849,18,3986,3705,281,8,0,8/25/2020 14:02,Agree,Agree
2020/08/25,OH,116495,110343,6152,844,67,3996,3716,280,10,-1,8/26/2020 13:51,Agree,Agree
2020/08/26,OH,117584,111331,6253,1089,101,4044,3761,283,48,3,8/27/2020 13:42,Agree,Agree
2020/08/27,OH,118828,112489,6339,1244,86,4076,3791,285,32,2,8/28/2020 13:43,Agree,Agree
2020/08/28,OH,120124,113725,6399,1296,60,4105,3819,286,29,1,8/29/2020 13:42,Agree,Agree
2020/08/29,OH,121340,114911,6429,1216,30,4126,3842,284,21,-2,8/30/2020 14:49,Agree,Agree
2020/08/30,OH,122262,115806,6456,922,27,4128,3844,284,2,0,8/31/2020 14:05,Agree,Agree
2020/08/31,OH,123157,116666,6491,895,35,4138,3854,284,10,0,9/1/2020 14:09,Agree,Agree
2020/09/01,OH,124610,118048,6562,1453,71,4165,3879,286,27,2,9/2/2020 13:49,Agree,Agree
2020/09/02,OH,125767,119157,6610,1157,48,4176,3890,286,11,0,9/3/2020 14:18,Agree,Agree
2020/09/03,OH,127112,120471,6641,1345,31,4226,3939,287,50,1,9/4/2020 13:36,Agree,Agree
2020/09/04,OH,128444,121765,6679,1332,38,4248,3962,286,22,-1,9/5/2020 14:09,Agree,Agree
2020/09/05,OH,129785,123079,6706,1341,27,4256,3969,287,8,1,9/6/2020 14:09,Agree,Agree
2020/09/06,OH,130558,123803,6755,773,49,4259,3972,287,3,0,9/7/2020 13:37,Agree,Agree
2020/09/07,OH,130558,123803,6755,0,0,4259,3972,287,0,0,9/8/2020 14:47,Agree,Agree
2020/09/08,OH,131992,125144,6848,1434,93,4298,4009,289,39,2,9/9/2020 13:47,Agree,Agree
2020/09/09,OH,132965,126046,6919,973,71,4324,4034,290,26,1,9/10/2020 14:02,Agree,Agree
2020/09/10,OH,134086,127106,6980,1121,61,4354,4064,290,30,0,9/11/2020 13:51,Agree,Agree
2020/09/11,OH,135326,128297,7029,1240,49,4403,4110,293,49,3,9/12/2020 14:12,Agree,Agree
2020/09/12,OH,136568,129453,7115,1242,86,4411,4118,293,8,0,9/13/2020 16:17,Agree,Agree
2020/09/13,OH,137405,130196,7209,837,94,4415,4122,293,4,0,9/14/2020 14:01,Agree,Agree
2020/09/14,OH,138484,131235,7249,1079,40,4419,4126,293,4,0,9/15/2020 14:03,Agree,Agree
2020/09/15,OH,139485,132118,7367,1001,118,4506,4207,299,87,6,9/16/2020 13:53,Agree,Agree
2020/09/16,OH,140518,133046,7472,1033,105,4555,4256,299,49,0,9/17/2020 13:45,Agree,Agree
2020/09/17,OH,141585,134001,7584,1067,112,4580,4282,298,25,-1,9/18/2020 13:48,Agree,Agree
2020/09/18,OH,142596,134922,7674,1011,90,4608,4312,296,28,-2,9/19/2020 14:00,Agree,Agree
2020/09/19,OH,143547,135800,7747,951,73,4612,4316,296,4,0,9/20/2020 13:53,Agree,Agree
2020/09/20,OH,144309,136505,7804,762,57,4615,4318,297,3,1,9/21/2020 13:47,Agree,Agree
2020/09/21,OH,145165,137309,7856,856,52,4623,4325,298,8,1,9/22/2020 13:51,Agree,Agree
2020/09/22,OH,145850,137888,7962,685,106,4635,4338,297,12,-1,9/23/2020 13:51,Agree,Agree
2020/09/23,OH,146753,138712,8041,903,79,4687,4387,300,52,3,9/24/2020 13:54,Agree,Agree
2020/09/24,OH,147744,139632,8112,991,71,4715,4414,301,28,1,9/25/2020 13:54,Agree,Agree
2020/09/25,OH,148894,140683,8211,1150,99,4734,4433,301,19,0,9/26/2020 13:46,Agree,Agree
2020/01/22,AL,0,,,0,,0,,,0,,3/26/2020 16:22,Agree,Agree
2020/01/23,AL,0,,,0,,0,,,0,,3/26/2020 16:22,Agree,Agree
2020/01/24,AL,0,,,0,,0,,,0,,3/26/2020 16:22,Agree,Agree
2020/01/25,AL,0,,,0,,0,,,0,,3/26/2020 16:22,Agree,Agree
2020/01/26,AL,0,,,0,,0,,,0,,3/26/2020 16:22,Agree,Agree
2020/01/27,AL,0,,,0,,0,,,0,,3/26/2020 16:22,Agree,Agree
2020/01/28,AL,0,,,0,,0,,,0,,3/26/2020 16:22,Agree,Agree
2020/01/29,AL,0,,,0,,0,,,0,,3/26/2020 16:22,Agree,Agree
2020/01/30,AL,0,,,0,,0,,,0,,3/26/2020 16:22,Agree,Agree
2020/01/31,AL,0,,,0,,0,,,0,,3/26/2020 16:22,Agree,Agree
2020/02/01,AL,0,,,0,,0,,,0,,3/26/2020 16:22,Agree,Agree
2020/02/02,AL,0,,,0,,0,,,0,,3/26/2020 16:22,Agree,Agree
2020/02/03,AL,0,,,0,,0,,,0,,3/26/2020 16:22,Agree,Agree
2020/02/04,AL,0,,,0,,0,,,0,,3/26/2020 16:22,Agree,Agree
2020/02/05,AL,0,,,0,,0,,,0,,3/26/2020 16:22,Agree,Agree
2020/02/06,AL,0,,,0,,0,,,0,,3/26/2020 16:22,Agree,Agree
2020/02/07,AL,0,,,0,,0,,,0,,3/26/2020 16:22,Agree,Agree
2020/02/08,AL,0,,,0,,0,,,0,,3/26/2020 16:22,Agree,Agree
2020/02/09,AL,0,,,0,,0,,,0,,3/26/2020 16:22,Agree,Agree
2020/02/10,AL,0,,,0,,0,,,0,,3/26/2020 16:22,Agree,Agree
2020/02/11,AL,0,,,0,,0,,,0,,3/26/2020 16:22,Agree,Agree
2020/02/12,AL,0,,,0,,0,,,0,,3/26/2020 16:22,Agree,Agree
2020/02/13,AL,0,,,0,,0,,,0,,3/26/2020 16:22,Agree,Agree
2020/02/14,AL,0,,,0,,0,,,0,,3/26/2020 16:22,Agree,Agree
2020/02/15,AL,0,,,0,,0,,,0,,3/26/2020 16:22,Agree,Agree
2020/02/16,AL,0,,,0,,0,,,0,,3/26/2020 16:22,Agree,Agree
2020/02/17,AL,0,,,0,,0,,,0,,3/26/2020 16:22,Agree,Agree
2020/02/18,AL,0,,,0,,0,,,0,,3/26/2020 16:22,Agree,Agree
2020/02/19,AL,0,,,0,,0,,,0,,3/26/2020 16:22,Agree,Agree
2020/02/20,AL,0,,,0,,0,,,0,,3/26/2020 16:22,Agree,Agree
2020/02/21,AL,0,,,0,,0,,,0,,3/26/2020 16:22,Agree,Agree
2020/02/22,AL,0,,,0,,0,,,0,,3/26/2020 16:22,Agree,Agree
2020/02/23,AL,0,,,0,,0,,,0,,3/26/2020 16:22,Agree,Agree
2020/02/24,AL,0,,,0,,0,,,0,,3/26/2020 16:22,Agree,Agree
2020/02/25,AL,0,,,0,,0,,,0,,3/26/2020 16:22,Agree,Agree
2020/02/26,AL,0,,,0,,0,,,0,,3/26/2020 16:22,Agree,Agree
2020/02/27,AL,0,,,0,,0,,,0,,3/26/2020 16:22,Agree,Agree
2020/02/28,AL,0,,,0,,0,,,0,,3/26/2020 16:22,Agree,Agree
2020/02/29,AL,0,,,0,,0,,,0,,3/26/2020 16:22,Agree,Agree
2020/03/01,AL,0,,,0,,0,,,0,,3/26/2020 16:22,Agree,Agree
2020/03/02,AL,0,,,0,,0,,,0,,3/26/2020 16:22,Agree,Agree
2020/03/03,AL,0,,,0,,0,,,0,,3/26/2020 16:22,Agree,Agree
2020/03/04,AL,0,,,0,,0,,,0,,3/26/2020 16:22,Agree,Agree
2020/03/05,AL,0,,,0,,0,,,0,,3/26/2020 16:22,Agree,Agree
2020/03/06,AL,0,,,0,,0,,,0,,3/26/2020 16:22,Agree,Agree
2020/03/07,AL,0,,,0,,0,,,0,,3/26/2020 16:22,Agree,Agree
2020/03/08,AL,0,,,0,,0,,,0,,3/26/2020 16:22,Agree,Agree
2020/03/09,AL,0,,,0,,0,,,0,,3/26/2020 16:22,Agree,Agree
2020/03/10,AL,0,,,0,,0,,,0,,3/26/2020 16:22,Agree,Agree
2020/03/11,AL,0,,,0,,0,,,0,,3/26/2020 16:22,Agree,Agree
2020/03/12,AL,0,,,0,,0,,,0,,3/26/2020 16:22,Agree,Agree
2020/03/13,AL,1,,,1,,0,,,0,,3/26/2020 16:22,Agree,Agree
2020/03/14,AL,1,,,0,,0,,,0,,3/26/2020 16:22,Agree,Agree
2020/03/15,AL,22,,,21,,0,,,0,,3/26/2020 16:22,Agree,Agree
2020/03/16,AL,29,,,7,,0,,,0,,3/26/2020 16:22,Agree,Agree
2020/03/17,AL,39,,,10,,0,,,0,,3/26/2020 16:22,Agree,Agree
2020/03/18,AL,51,,,12,,0,,,0,,3/26/2020 16:22,Agree,Agree
2020/03/19,AL,78,,,27,,0,,,0,,3/26/2020 16:22,Agree,Agree
2020/03/20,AL,106,,,28,,0,,,0,,3/26/2020 16:22,Agree,Agree
2020/03/21,AL,131,,,25,,0,,,0,,3/26/2020 16:22,Agree,Agree
2020/03/22,AL,157,,,26,,0,,,0,,3/26/2020 16:22,Agree,Agree
2020/03/23,AL,196,,,39,,0,,,0,,3/26/2020 16:22,Agree,Agree
2020/03/24,AL,242,,,46,,0,,,0,,3/26/2020 16:22,Agree,Agree
2020/03/25,AL,386,,,144,,0,,,0,,3/26/2020 16:22,Agree,Agree
2020/03/26,AL,531,,,145,,1,,,1,,3/26/2020 16:22,Agree,Agree
2020/03/27,AL,639,,,108,,3,,,2,,3/26/2020 16:22,Agree,Agree
2020/03/28,AL,720,,,81,,3,,,0,,3/28/2020 16:22,Agree,Agree
2020/03/29,AL,830,,,110,,4,,,1,,3/28/2020 16:22,Agree,Agree
2020/03/30,AL,947,,,117,,6,,,2,,3/29/2020 16:22,Agree,Agree
2020/03/31,AL,999,,,52,,13,,,7,,3/30/2020 16:22,Agree,Agree
2020/04/01,AL,1106,,,107,,17,,,4,,3/31/2020 16:22,Agree,Agree
2020/04/02,AL,1270,,,164,,17,,,0,,4/1/2020 16:22,Agree,Agree
2020/04/03,AL,1535,,,265,,21,,,4,,4/3/2020 16:22,Agree,Agree
2020/04/04,AL,1633,,,98,,26,,,5,,4/3/2020 16:22,Agree,Agree
2020/04/05,AL,1841,,,208,,31,,,5,,4/4/2020 16:22,Agree,Agree
2020/04/06,AL,2006,,,165,,32,,,1,,4/5/2020 16:22,Agree,Agree
2020/04/07,AL,2197,,,191,,39,,,7,,4/7/2020 16:22,Agree,Agree
2020/04/08,AL,2499,,,302,,48,,,9,,4/7/2020 16:22,Agree,Agree
2020/04/09,AL,2838,,,339,,48,,,0,,4/8/2020 16:22,Agree,Agree
2020/04/10,AL,3008,,,170,,58,,,10,,4/9/2020 16:22,Agree,Agree
2020/04/11,AL,3262,,,254,,60,,,2,,4/10/2020 16:22,Agree,Agree
2020/04/12,AL,3583,,,321,,61,,,1,,4/11/2020 16:22,Agree,Agree
2020/04/13,AL,3803,,,220,,62,,,1,,4/12/2020 16:22,Agree,Agree
2020/04/14,AL,3953,,,150,,73,,,11,,4/13/2020 16:22,Agree,Agree
2020/04/15,AL,4241,,,288,,75,,,2,,4/15/2020 16:22,Agree,Agree
2020/04/16,AL,4404,,,163,,82,,,7,,4/16/2020 16:22,Agree,Agree
2020/04/17,AL,4572,,,168,,96,,,14,,4/17/2020 16:22,Agree,Agree
2020/04/18,AL,4723,,,151,,113,,,17,,4/18/2020 16:22,Agree,Agree
2020/04/19,AL,4946,4946,0,223,0,165,165,0,52,0,4/19/2020 16:22,Agree,Agree
2020/04/20,AL,5424,5191,233,478,233,147,146,1,-18,1,4/20/2020 16:22,Agree,Agree
2020/04/21,AL,5668,5426,242,244,9,180,179,1,33,0,4/21/2020 16:22,Agree,Agree
2020/04/22,AL,5831,5590,241,163,-1,187,186,1,7,0,4/22/2020 16:22,Agree,Agree
2020/04/23,AL,6071,5828,243,240,2,198,197,1,11,0,5/25/2020 15:38,Agree,Agree
2020/04/24,AL,6026,6026,0,-45,-243,209,209,0,11,-1,5/25/2020 15:38,Agree,Agree
2020/04/25,AL,6213,6213,0,187,0,213,213,0,4,0,5/25/2020 15:38,Agree,Agree
2020/04/26,AL,6627,6420,207,414,207,220,219,1,7,1,5/25/2020 15:38,Agree,Agree
2020/04/27,AL,6539,6539,0,-88,-207,228,228,0,8,-1,5/25/2020 15:38,Agree,Agree
2020/04/28,AL,6947,6744,203,408,203,243,242,1,15,1,4/29/2020 18:12,Agree,Agree
2020/04/29,AL,7105,6898,207,158,4,260,259,1,17,0,4/30/2020 16:07,Agree,Agree
2020/04/30,AL,7306,7097,209,201,2,280,279,1,20,0,5/1/2020 21:00,Agree,Agree
2020/05/01,AL,7294,7294,0,-12,-209,289,289,0,9,-1,5/2/2020 15:47,Agree,Agree
2020/05/02,AL,7611,7611,0,317,0,288,288,0,-1,0,5/3/2020 15:36,Agree,Agree
2020/05/03,AL,7888,7888,0,277,0,290,290,0,2,0,5/4/2020 22:49,Agree,Agree
2020/05/04,AL,8312,8095,217,424,217,300,299,1,10,1,5/5/2020 17:25,Agree,Agree
2020/05/05,AL,8679,8465,214,367,-3,323,322,1,23,0,5/6/2020 16:23,Agree,Agree
2020/05/06,AL,8691,8691,0,12,-214,343,343,0,20,-1,5/7/2020 22:59,Agree,Agree
2020/05/07,AL,9243,9017,226,552,226,370,369,1,27,1,5/8/2020 21:26,Agree,Agree
2020/05/08,AL,9639,9415,224,396,-2,386,385,1,16,0,5/9/2020 21:26,Agree,Agree
2020/05/09,AL,9923,9698,225,284,1,394,393,1,8,0,5/10/2020 21:26,Agree,Agree
2020/05/10,AL,10145,9921,224,222,-1,394,393,1,0,0,5/11/2020 21:26,Agree,Agree
2020/05/11,AL,10413,10177,236,268,12,424,423,1,30,0,5/12/2020 17:26,Agree,Agree
2020/05/12,AL,10665,10430,235,252,-1,433,432,1,9,0,5/13/2020 15:26,Agree,Agree
2020/05/13,AL,10936,10706,230,271,-5,451,450,1,18,0,5/14/2020 17:25,Agree,Agree
2020/05/14,AL,11338,11108,230,402,0,475,474,1,24,0,5/15/2020 16:11,Agree,Agree
2020/05/15,AL,11642,11389,253,304,23,484,483,1,9,0,5/16/2020 15:46,Agree,Agree
2020/05/16,AL,11981,11731,250,339,-3,487,485,2,3,1,5/17/2020 15:27,Agree,Agree
2020/05/17,AL,11771,11771,0,-210,-250,488,488,0,1,-2,5/18/2020 16:01,Agree,Agree
2020/05/18,AL,12587,12337,250,816,250,496,494,2,8,2,5/19/2020 15:45,Agree,Agree
2020/05/19,AL,12376,12376,0,-211,-250,504,504,0,8,-2,5/20/2020 15:28,Agree,Agree
2020/05/20,AL,13300,13038,262,924,262,524,522,2,20,2,5/21/2020 15:41,Agree,Agree
2020/05/21,AL,13647,13381,266,347,4,534,532,2,10,0,5/22/2020 15:31,Agree,Agree
2020/05/22,AL,13941,13676,265,294,-1,543,541,2,9,0,5/23/2020 17:58,Agree,Agree
2020/05/23,AL,14388,14123,265,447,0,551,549,2,8,0,5/24/2020 14:15,Agree,Agree
2020/05/24,AL,14741,14479,262,353,-3,554,552,2,3,0,5/25/2020 14:12,Agree,Agree
2020/05/25,AL,15257,14995,262,516,0,568,566,2,14,0,5/26/2020 14:23,Agree,Agree
2020/05/26,AL,15805,15538,267,548,5,579,577,2,11,0,5/27/2020 15:37,Agree,Agree
2020/05/27,AL,16262,15988,274,457,7,584,582,2,5,0,5/28/2020 15:12,Agree,Agree
2020/05/28,AL,16729,16446,283,467,9,594,592,2,10,0,5/29/2020 14:19,Agree,Agree
2020/05/29,AL,17322,17031,291,593,8,613,611,2,19,0,5/30/2020 15:47,Agree,Agree
2020/05/30,AL,17649,17359,290,327,-1,620,618,2,7,0,5/31/2020 14:43,Agree,Agree
2020/05/31,AL,18245,17956,289,596,-1,632,630,2,12,0,6/1/2020 14:17,Agree,Agree
2020/06/01,AL,18438,18150,288,193,-1,646,644,2,14,0,6/2/2020 14:16,Agree,Agree
2020/06/02,AL,18771,18474,297,333,9,653,651,2,7,0,6/3/2020 14:11,Agree,Agree
2020/06/03,AL,18851,18554,297,80,0,653,651,2,0,0,6/4/2020 15:03,Agree,Agree
2020/06/04,AL,19082,18776,306,231,9,653,651,2,0,0,6/5/2020 15:17,Agree,Agree
2020/06/05,AL,19396,19082,314,314,8,674,672,2,21,0,6/6/2020 14:31,Agree,Agree
2020/06/06,AL,20054,19720,334,658,20,688,686,2,14,0,6/7/2020 14:23,Agree,Agree
2020/06/07,AL,20500,20166,334,446,0,692,688,4,4,2,6/8/2020 14:55,Agree,Agree
2020/06/08,AL,21430,21079,351,930,17,728,725,3,36,-1,6/9/2020 16:49,Agree,Agree
2020/06/09,AL,21422,21071,351,-8,0,729,725,4,1,1,6/10/2020 20:56,Agree,Agree
2020/06/10,AL,22000,21637,363,578,12,744,739,5,15,1,6/11/2020 14:48,Agree,Agree
2020/06/11,AL,22845,22474,371,845,8,755,750,5,11,0,6/12/2020 14:17,Agree,Agree
2020/06/12,AL,23710,23333,377,865,6,769,764,5,14,0,6/13/2020 17:46,Agree,Agree
2020/06/13,AL,25368,24988,380,1658,3,774,769,5,5,0,6/14/2020 14:19,Agree,Agree
2020/06/14,AL,26287,25907,380,919,0,776,771,5,2,0,6/15/2020 14:33,Agree,Agree
2020/06/15,AL,26713,26327,386,426,6,781,776,5,5,0,6/16/2020 14:10,Agree,Agree
2020/06/16,AL,26912,26524,388,199,2,785,779,6,4,1,6/17/2020 15:06,Agree,Agree
2020/06/17,AL,27327,26929,398,415,10,792,787,5,7,-1,6/18/2020 17:16,Agree,Agree
2020/06/18,AL,28214,27804,410,887,12,810,803,7,18,2,6/19/2020 15:01,Agree,Agree
2020/06/19,AL,29017,28598,419,803,9,823,813,10,13,3,6/20/2020 14:15,Agree,Agree
2020/06/20,AL,29549,29126,423,532,4,838,828,10,15,0,6/21/2020 14:32,Agree,Agree
2020/06/21,AL,30021,29598,423,472,0,839,829,10,1,0,6/22/2020 15:24,Agree,Agree
2020/06/22,AL,30477,30054,423,456,0,843,833,10,4,0,6/23/2020 14:28,Agree,Agree
2020/06/23,AL,31234,30803,431,757,8,870,860,10,27,0,6/24/2020 15:03,Agree,Agree
2020/06/24,AL,32086,31645,441,852,10,890,880,10,20,0,6/25/2020 14:07,Agree,Agree
2020/06/25,AL,33232,32778,454,1146,13,895,881,14,5,4,6/26/2020 19:18,Agree,Agree
2020/06/26,AL,34220,33753,467,988,13,910,891,19,15,5,6/27/2020 17:51,Agree,Agree
2020/06/27,AL,35105,34626,479,885,12,923,903,20,13,1,6/28/2020 14:59,Agree,Agree
2020/06/28,AL,36350,35856,494,1245,15,924,903,21,1,1,6/29/2020 14:37,Agree,Agree
2020/06/29,AL,37203,36709,494,853,0,931,910,21,7,0,6/30/2020 15:27,Agree,Agree
2020/06/30,AL,38064,37554,510,861,16,947,926,21,16,0,7/1/2020 15:45,Agree,Agree
2020/07/01,AL,38981,38460,521,917,11,969,947,22,22,1,7/2/2020 15:10,Agree,Agree
2020/07/02,AL,40111,39604,507,1130,-14,985,961,24,16,2,7/3/2020 15:01,Agree,Agree
2020/07/03,AL,41865,41362,503,1754,-4,1006,983,23,21,-1,7/4/2020 15:30,Agree,Agree
2020/07/04,AL,42862,42359,503,997,0,1007,984,23,1,0,7/5/2020 15:00,Agree,Agree
2020/07/05,AL,44909,44405,504,2047,1,1009,986,23,2,0,7/6/2020 15:16,Agree,Agree
2020/07/06,AL,44909,44405,504,0,0,1009,986,23,0,0,7/7/2020 14:58,Agree,Agree
2020/07/07,AL,45821,45299,522,912,18,1032,1007,25,23,2,7/8/2020 14:12,Agree,Agree
2020/07/08,AL,46991,46453,538,1170,16,1057,1032,25,25,0,7/9/2020 15:14,Agree,Agree
2020/07/09,AL,49205,48619,586,2214,48,1067,1042,25,10,0,7/10/2020 15:35,Agree,Agree
2020/07/10,AL,50546,49929,617,1341,31,1103,1078,25,36,0,7/11/2020 18:25,Agree,Agree
2020/07/11,AL,51947,51294,653,1401,36,1114,1086,28,11,3,7/12/2020 15:13,Agree,Agree
2020/07/12,AL,53587,52908,679,1640,26,1121,1093,28,7,0,7/13/2020 15:19,Agree,Agree
2020/07/13,AL,55590,54812,778,2003,99,1124,1096,28,3,0,7/14/2020 15:13,Agree,Agree
2020/07/14,AL,57308,56493,815,1718,37,1166,1138,28,42,0,7/15/2020 15:05,Agree,Agree
2020/07/15,AL,59113,58270,843,1805,28,1211,1183,28,45,0,7/16/2020 14:22,Agree,Agree
2020/07/16,AL,61143,60212,931,2030,88,1230,1201,29,19,1,7/17/2020 14:31,Agree,Agree
2020/07/17,AL,63153,62172,981,2010,50,1263,1233,30,33,1,7/18/2020 16:14,Agree,Agree
2020/07/18,AL,65234,64180,1054,2081,73,1286,1253,33,23,3,7/19/2020 15:05,Agree,Agree
2020/07/19,AL,67011,65865,1146,1777,92,1287,1254,33,1,0,7/20/2020 14:35,Agree,Agree
2020/07/20,AL,68950,67769,1181,1939,35,1292,1261,31,5,-2,7/21/2020 14:50,Agree,Agree
2020/07/21,AL,70426,69142,1284,1476,103,1307,1274,33,15,2,7/22/2020 14:51,Agree,Agree
2020/07/22,AL,71886,70485,1401,1460,117,1363,1328,35,56,2,7/23/2020 14:48,Agree,Agree
2020/07/23,AL,74344,72827,1517,2458,116,1399,1362,37,36,2,7/24/2020 14:18,Agree,Agree
2020/07/24,AL,76136,74490,1646,1792,129,1439,1401,38,40,1,7/25/2020 17:40,Agree,Agree
2020/07/25,AL,78130,76314,1816,1994,170,1456,1413,43,17,5,7/26/2020 15:17,Agree,Agree
2020/07/26,AL,79294,77351,1943,1164,127,1473,1428,45,17,2,7/27/2020 14:16,Agree,Agree
2020/07/27,AL,81270,79275,1995,1976,52,1492,1450,42,19,-3,7/28/2020 14:21,Agree,Agree
2020/07/28,AL,82530,80464,2066,1260,71,1493,1451,42,1,0,7/29/2020 14:34,Agree,Agree
2020/07/29,AL,83782,81572,2210,1252,144,1538,1489,49,45,7,7/30/2020 14:42,Agree,Agree
2020/07/30,AL,85906,83629,2277,2124,67,1567,1521,46,29,-3,7/31/2020 14:35,Agree,Agree
2020/07/31,AL,87867,85409,2458,1961,181,1581,1533,48,14,2,8/1/2020 14:38,Agree,Agree
2020/08/01,AL,89349,86780,2569,1482,111,1603,1553,50,22,2,8/2/2020 14:54,Agree,Agree
2020/08/02,AL,91444,88811,2633,2095,64,1627,1576,51,24,1,8/3/2020 14:31,Agree,Agree
2020/08/03,AL,92661,89927,2734,1217,101,1633,1580,53,6,2,8/4/2020 14:09,Agree,Agree
2020/08/04,AL,93847,91018,2829,1186,95,1668,1616,52,35,-1,8/5/2020 14:13,Agree,Agree
2020/08/05,AL,94819,91917,2902,972,73,1698,1646,52,30,0,8/6/2020 14:12,Agree,Agree
2020/08/06,AL,96592,93402,3190,1773,288,1714,1654,60,16,8,8/7/2020 23:57,Agree,Agree
2020/08/07,AL,98484,94969,3515,1892,325,1731,1676,55,17,-5,8/8/2020 14:58,Agree,Agree
2020/08/08,AL,100353,96754,3599,1869,84,1751,1696,55,20,0,8/9/2020 14:03,Agree,Agree
2020/08/09,AL,101334,97735,3599,981,0,1768,1707,61,17,6,8/10/2020 14:23,Agree,Agree
2020/08/10,AL,103020,99390,3630,1686,31,1797,1733,64,29,3,8/11/2020 14:16,Agree,Agree
2020/08/11,AL,103851,99926,3925,831,295,1847,1781,66,50,2,8/12/2020 13:50,Agree,Agree
2020/08/12,AL,104786,100801,3985,935,60,1882,1814,68,35,2,8/13/2020 14:12,Agree,Agree
2020/08/13,AL,105557,101496,4061,771,76,1890,1821,69,8,1,8/14/2020 14:30,Agree,Agree
2020/08/14,AL,106309,102196,4113,752,52,1893,1825,68,3,-1,8/15/2020 14:02,Agree,Agree
2020/08/15,AL,107580,103357,4223,1271,110,1896,1828,68,3,0,8/16/2020 14:57,Agree,Agree
2020/08/16,AL,108433,104079,4354,853,131,1898,1830,68,2,0,8/17/2020 14:26,Agree,Agree
2020/08/17,AL,109004,104595,4409,571,55,1925,1855,70,27,2,8/18/2020 14:26,Agree,Agree
2020/08/18,AL,110361,105815,4546,1357,137,1936,1867,69,11,-1,8/19/2020 14:23,Agree,Agree
2020/08/19,AL,111478,106784,4694,1117,148,1944,1876,68,8,-1,8/20/2020 15:11,Agree,Agree
2020/08/20,AL,112449,107483,4966,971,272,1974,1905,69,30,1,8/21/2020 14:27,Agree,Agree
2020/08/21,AL,113632,108666,4966,1183,0,1996,1927,69,22,0,8/22/2020 14:21,Agree,Agree
2020/08/22,AL,114532,109566,4966,900,0,2011,1942,69,15,0,8/23/2020 14:15,Agree,Agree
2020/08/23,AL,115992,110094,5898,1460,932,2017,1944,73,6,4,8/24/2020 13:54,Agree,Agree
2020/08/24,AL,116710,110769,5941,718,43,2024,1950,74,7,1,8/25/2020 14:02,Agree,Agree
2020/08/25,AL,117240,110954,6286,530,345,2030,1962,68,6,-6,8/26/2020 13:51,Agree,Agree
2020/08/26,AL,119254,112126,7128,2014,842,2045,1965,80,15,12,8/27/2020 13:42,Agree,Agree
2020/08/27,AL,121023,112794,8229,1769,1101,2076,1990,86,31,6,8/28/2020 13:43,Agree,Agree
2020/08/28,AL,122185,113723,8462,1162,233,2107,2017,90,31,4,8/29/2020 13:42,Agree,Agree
2020/08/29,AL,123889,115284,8605,1704,143,2152,2059,93,45,3,8/30/2020 14:49,Agree,Agree
2020/08/30,AL,125235,116456,8779,1346,174,2162,2067,95,10,2,8/31/2020 14:05,Agree,Agree
2020/08/31,AL,126058,117152,8906,823,127,2182,2083,99,20,4,9/1/2020 14:09,Agree,Agree
2020/09/01,AL,127616,118134,9482,1558,576,2200,2102,98,18,-1,9/2/2020 13:49,Agree,Agree
2020/09/02,AL,128239,118220,10019,623,537,2217,2114,103,17,5,9/3/2020 14:18,Agree,Agree
2020/09/03,AL,129285,118601,10684,1046,665,2233,2120,113,16,10,9/4/2020 13:36,Agree,Agree
2020/09/04,AL,130393,119289,11104,1108,420,2266,2144,122,33,9,9/5/2020 14:09,Agree,Agree
2020/09/05,AL,131803,120327,11476,1410,372,2275,2151,124,9,2,9/6/2020 14:09,Agree,Agree
2020/09/06,AL,132314,120815,11499,511,23,2276,2152,124,1,0,9/7/2020 13:37,Agree,Agree
2020/09/07,AL,133604,121879,11725,1290,226,2267,2153,114,-9,-10,9/8/2020 14:47,Agree,Agree
2020/09/08,AL,133606,121879,11727,2,2,2277,2153,124,10,10,9/9/2020 13:47,Agree,Agree
2020/09/09,AL,134417,122580,11837,811,110,2285,2161,124,8,0,9/10/2020 14:02,Agree,Agree
2020/09/10,AL,135565,123267,12298,1148,461,2301,2176,125,16,1,9/11/2020 13:51,Agree,Agree
2020/09/11,AL,136703,124097,12606,1138,308,2333,2204,129,32,4,9/12/2020 14:12,Agree,Agree
2020/09/12,AL,137646,124823,12823,943,217,2350,2217,133,17,4,9/13/2020 16:17,Agree,Agree
2020/09/13,AL,138755,125795,12960,1109,137,2351,2218,133,1,0,9/14/2020 14:01,Agree,Agree
2020/09/14,AL,139459,126299,13160,704,200,2355,2221,134,4,1,9/15/2020 14:03,Agree,Agree
2020/09/15,AL,140160,126813,13347,701,187,2387,2253,134,32,0,9/16/2020 13:53,Agree,Agree
2020/09/16,AL,141087,127523,13564,927,217,2392,2257,135,5,1,9/17/2020 13:45,Agree,Agree
2020/09/17,AL,141757,128097,13660,670,96,2401,2264,137,9,2,9/18/2020 13:48,Agree,Agree
2020/09/18,AL,142863,128818,14045,1106,385,2428,2284,144,27,7,9/19/2020 14:00,Agree,Agree
2020/09/19,AL,144164,129974,14190,1301,145,2437,2290,147,9,3,9/20/2020 13:53,Agree,Agree
2020/09/20,AL,144962,130651,14311,798,121,2437,2290,147,0,0,9/21/2020 13:47,Agree,Agree
2020/09/21,AL,145780,131405,14375,818,64,2439,2292,147,2,0,9/22/2020 13:51,Agree,Agree
2020/09/22,AL,146584,131988,14596,804,221,2457,2304,153,18,6,9/23/2020 13:51,Agree,Agree
2020/09/23,AL,147153,132452,14701,569,105,2488,2335,153,31,0,9/24/2020 13:54,Agree,Agree
2020/09/24,AL,148206,133433,14773,1053,72,2480,2349,131,-8,-22,9/25/2020 13:54,Agree,Agree
2020/09/25,AL,150658,134231,16427,2452,1654,2491,2357,134,11,3,9/26/2020 13:46,Agree,Agree
2020/01/22,VA,0,,,0,,0,,,0,,3/26/2020 16:22,Agree,Agree
2020/01/23,VA,0,,,0,,0,,,0,,3/26/2020 16:22,Agree,Agree
2020/01/24,VA,0,,,0,,0,,,0,,3/26/2020 16:22,Agree,Agree
2020/01/25,VA,0,,,0,,0,,,0,,3/26/2020 16:22,Agree,Agree
2020/01/26,VA,0,,,0,,0,,,0,,3/26/2020 16:22,Agree,Agree
2020/01/27,VA,0,,,0,,0,,,0,,3/26/2020 16:22,Agree,Agree
2020/01/28,VA,0,,,0,,0,,,0,,3/26/2020 16:22,Agree,Agree
2020/01/29,VA,0,,,0,,0,,,0,,3/26/2020 16:22,Agree,Agree
2020/01/30,VA,0,,,0,,0,,,0,,3/26/2020 16:22,Agree,Agree
2020/01/31,VA,0,,,0,,0,,,0,,3/26/2020 16:22,Agree,Agree
2020/02/01,VA,0,,,0,,0,,,0,,3/26/2020 16:22,Agree,Agree
2020/02/02,VA,0,,,0,,0,,,0,,3/26/2020 16:22,Agree,Agree
2020/02/03,VA,0,,,0,,0,,,0,,3/26/2020 16:22,Agree,Agree
2020/02/04,VA,0,,,0,,0,,,0,,3/26/2020 16:22,Agree,Agree
2020/02/05,VA,0,,,0,,0,,,0,,3/26/2020 16:22,Agree,Agree
2020/02/06,VA,0,,,0,,0,,,0,,3/26/2020 16:22,Agree,Agree
2020/02/07,VA,0,,,0,,0,,,0,,3/26/2020 16:22,Agree,Agree
2020/02/08,VA,0,,,0,,0,,,0,,3/26/2020 16:22,Agree,Agree
2020/02/09,VA,0,,,0,,0,,,0,,3/26/2020 16:22,Agree,Agree
2020/02/10,VA,0,,,0,,0,,,0,,3/26/2020 16:22,Agree,Agree
2020/02/11,VA,0,,,0,,0,,,0,,3/26/2020 16:22,Agree,Agree
2020/02/12,VA,0,,,0,,0,,,0,,3/26/2020 16:22,Agree,Agree
2020/02/13,VA,0,,,0,,0,,,0,,3/26/2020 16:22,Agree,Agree
2020/02/14,VA,0,,,0,,0,,,0,,3/26/2020 16:22,Agree,Agree
2020/02/15,VA,0,,,0,,0,,,0,,3/26/2020 16:22,Agree,Agree
2020/02/16,VA,0,,,0,,0,,,0,,3/26/2020 16:22,Agree,Agree
2020/02/17,VA,0,,,0,,0,,,0,,3/26/2020 16:22,Agree,Agree
2020/02/18,VA,0,,,0,,0,,,0,,3/26/2020 16:22,Agree,Agree
2020/02/19,VA,0,,,0,,0,,,0,,3/26/2020 16:22,Agree,Agree
2020/02/20,VA,0,,,0,,0,,,0,,3/26/2020 16:22,Agree,Agree
2020/02/21,VA,0,,,0,,0,,,0,,3/26/2020 16:22,Agree,Agree
2020/02/22,VA,0,,,0,,0,,,0,,3/26/2020 16:22,Agree,Agree
2020/02/23,VA,0,,,0,,0,,,0,,3/26/2020 16:22,Agree,Agree
2020/02/24,VA,0,,,0,,0,,,0,,3/26/2020 16:22,Agree,Agree
2020/02/25,VA,0,,,0,,0,,,0,,3/26/2020 16:22,Agree,Agree
2020/02/26,VA,0,,,0,,0,,,0,,3/26/2020 16:22,Agree,Agree
2020/02/27,VA,0,,,0,,0,,,0,,3/26/2020 16:22,Agree,Agree
2020/02/28,VA,0,,,0,,0,,,0,,3/26/2020 16:22,Agree,Agree
2020/02/29,VA,0,,,0,,0,,,0,,3/26/2020 16:22,Agree,Agree
2020/03/01,VA,0,,,0,,0,,,0,,3/26/2020 16:22,Agree,Agree
2020/03/02,VA,0,,,0,,0,,,0,,3/26/2020 16:22,Agree,Agree
2020/03/03,VA,0,,,0,,0,,,0,,3/26/2020 16:22,Agree,Agree
2020/03/04,VA,0,,,0,,0,,,0,,3/26/2020 16:22,Agree,Agree
2020/03/05,VA,0,,,0,,0,,,0,,3/26/2020 16:22,Agree,Agree
2020/03/06,VA,0,,,0,,0,,,0,,3/26/2020 16:22,Agree,Agree
2020/03/07,VA,0,,,0,,0,,,0,,3/26/2020 16:22,Agree,Agree
2020/03/08,VA,2,,,2,,0,,,0,,3/26/2020 16:22,Agree,Agree
2020/03/09,VA,5,,,3,,0,,,0,,3/26/2020 16:22,Agree,Agree
2020/03/10,VA,8,,,3,,0,,,0,,3/26/2020 16:22,Agree,Agree
2020/03/11,VA,15,,,7,,0,,,0,,3/26/2020 16:22,Agree,Agree
2020/03/12,VA,29,,,14,,0,,,0,,3/26/2020 16:22,Agree,Agree
2020/03/13,VA,29,,,0,,0,,,0,,3/26/2020 16:22,Agree,Agree
2020/03/14,VA,29,,,0,,0,,,0,,3/26/2020 16:22,Agree,Agree
2020/03/15,VA,51,,,22,,1,,,1,,3/26/2020 16:22,Agree,Agree
2020/03/16,VA,67,,,16,,2,,,1,,3/26/2020 16:22,Agree,Agree
2020/03/17,VA,68,,,1,,2,,,0,,3/26/2020 16:22,Agree,Agree
2020/03/18,VA,94,,,26,,2,,,0,,3/26/2020 16:22,Agree,Agree
2020/03/19,VA,114,,,20,,2,,,0,,3/26/2020 16:22,Agree,Agree
2020/03/20,VA,114,,,0,,2,,,0,,3/26/2020 16:22,Agree,Agree
2020/03/21,VA,152,,,38,,2,,,0,,3/26/2020 16:22,Agree,Agree
2020/03/22,VA,254,,,102,,6,,,4,,3/26/2020 16:22,Agree,Agree
2020/03/23,VA,290,,,36,,6,,,0,,3/26/2020 16:22,Agree,Agree
2020/03/24,VA,391,,,101,,9,,,3,,3/26/2020 16:22,Agree,Agree
2020/03/25,VA,460,,,69,,13,,,4,,3/26/2020 16:22,Agree,Agree
2020/03/26,VA,604,,,144,,14,,,1,,3/26/2020 16:22,Agree,Agree
2020/03/27,VA,604,,,0,,14,,,0,,3/26/2020 16:22,Agree,Agree
2020/03/28,VA,739,,,135,,17,,,3,,3/28/2020 16:22,Agree,Agree
2020/03/29,VA,1020,,,281,,25,,,8,,3/28/2020 16:22,Agree,Agree
2020/03/30,VA,1020,,,0,,27,,,2,,3/29/2020 16:22,Agree,Agree
2020/03/31,VA,1484,,,464,,34,,,7,,3/30/2020 16:22,Agree,Agree
2020/04/01,VA,1706,,,222,,41,,,7,,3/31/2020 16:22,Agree,Agree
2020/04/02,VA,2012,,,306,,46,,,5,,4/1/2020 16:22,Agree,Agree
2020/04/03,VA,2012,,,0,,46,,,0,,4/3/2020 16:22,Agree,Agree
2020/04/04,VA,2407,,,395,,52,,,6,,4/3/2020 16:22,Agree,Agree
2020/04/05,VA,2878,,,471,,54,,,2,,4/4/2020 16:22,Agree,Agree
2020/04/06,VA,3333,,,455,,63,,,9,,4/5/2020 16:22,Agree,Agree
2020/04/07,VA,3645,,,312,,75,,,12,,4/7/2020 16:22,Agree,Agree
2020/04/08,VA,4042,,,397,,109,,,34,,4/7/2020 16:22,Agree,Agree
2020/04/09,VA,4509,,,467,,121,,,12,,4/8/2020 16:22,Agree,Agree
2020/04/10,VA,4509,,,0,,121,,,0,,4/9/2020 16:22,Agree,Agree
2020/04/11,VA,5077,,,568,,130,,,9,,4/10/2020 16:22,Agree,Agree
2020/04/12,VA,5747,,,670,,149,,,19,,4/11/2020 16:22,Agree,Agree
2020/04/13,VA,6171,,,424,,154,,,5,,4/12/2020 16:22,Agree,Agree
2020/04/14,VA,6500,,,329,,195,,,41,,4/13/2020 16:22,Agree,Agree
2020/04/15,VA,6889,,,389,,208,,,13,,4/15/2020 16:22,Agree,Agree
2020/04/16,VA,7491,7406,85,602,85,231,231,0,23,0,4/16/2020 16:22,Agree,Agree
2020/04/17,VA,8053,,,562,,231,,,0,,4/17/2020 16:22,Agree,Agree
2020/04/18,VA,8053,,,0,,258,,,27,,4/18/2020 16:22,Agree,Agree
2020/04/19,VA,8990,8853,137,937,137,300,297,3,42,3,4/19/2020 16:22,Agree,Agree
2020/04/20,VA,9630,9451,179,640,42,324,321,3,24,0,4/20/2020 16:22,Agree,Agree
2020/04/21,VA,9630,9451,179,0,0,324,321,3,0,0,4/21/2020 16:22,Agree,Agree
2020/04/22,VA,10998,10627,371,1368,192,372,370,2,48,-1,4/22/2020 16:22,Agree,Agree
2020/04/23,VA,11594,11169,425,596,54,410,407,3,38,1,5/25/2020 15:38,Agree,Agree
2020/04/24,VA,12366,11902,464,772,39,436,432,4,26,1,5/25/2020 15:38,Agree,Agree
2020/04/25,VA,12366,11902,464,0,0,436,432,4,0,0,5/25/2020 15:38,Agree,Agree
2020/04/26,VA,13535,13036,499,1169,35,458,454,4,22,0,5/25/2020 15:38,Agree,Agree
2020/04/27,VA,14339,13794,545,804,46,492,487,5,34,1,5/25/2020 15:38,Agree,Agree
2020/04/28,VA,14961,14328,633,622,88,522,513,9,30,4,4/29/2020 18:12,Agree,Agree
2020/04/29,VA,15846,15180,666,885,33,552,543,9,30,0,4/30/2020 16:07,Agree,Agree
2020/04/30,VA,16901,16109,792,1055,126,581,572,9,29,0,5/1/2020 21:00,Agree,Agree
2020/05/01,VA,16901,16109,792,0,0,581,572,9,0,0,5/2/2020 15:47,Agree,Agree
2020/05/02,VA,17731,16979,752,830,-40,616,607,9,35,0,5/3/2020 15:36,Agree,Agree
2020/05/03,VA,19492,18640,852,1761,100,684,662,22,68,13,5/4/2020 22:49,Agree,Agree
2020/05/04,VA,19492,18640,852,0,0,684,662,22,0,0,5/5/2020 17:25,Agree,Agree
2020/05/05,VA,20256,19357,899,764,47,713,690,23,29,1,5/6/2020 16:23,Agree,Agree
2020/05/06,VA,20256,19357,899,0,0,713,690,23,0,0,5/7/2020 22:59,Agree,Agree
2020/05/07,VA,22342,21274,1068,2086,169,812,787,25,99,2,5/8/2020 21:26,Agree,Agree
2020/05/08,VA,22342,21274,1068,0,0,812,787,25,0,0,5/9/2020 21:26,Agree,Agree
2020/05/09,VA,23196,22086,1110,854,42,827,801,26,15,1,5/10/2020 21:26,Agree,Agree
2020/05/10,VA,25070,23889,1181,1874,71,850,823,27,23,1,5/11/2020 21:26,Agree,Agree
2020/05/11,VA,25800,24601,1199,730,18,891,864,27,41,0,5/12/2020 17:26,Agree,Agree
2020/05/12,VA,26746,25431,1315,946,116,927,899,28,36,1,5/13/2020 15:26,Agree,Agree
2020/05/13,VA,27813,26469,1344,1067,29,955,927,28,28,0,5/14/2020 17:25,Agree,Agree
2020/05/14,VA,28672,27293,1379,859,35,977,944,33,22,5,5/15/2020 16:11,Agree,Agree
2020/05/15,VA,29683,28233,1450,1011,71,1002,968,34,25,1,5/16/2020 15:46,Agree,Agree
2020/05/16,VA,30388,28901,1487,705,37,1009,975,34,7,0,5/17/2020 15:27,Agree,Agree
2020/05/17,VA,31140,29591,1549,752,62,1014,980,34,5,0,5/18/2020 16:01,Agree,Agree
2020/05/18,VA,32145,30539,1606,1005,57,1041,1007,34,27,0,5/19/2020 15:45,Agree,Agree
2020/05/19,VA,32908,31247,1661,763,55,1074,1040,34,33,0,5/20/2020 15:28,Agree,Agree
2020/05/20,VA,34137,32428,1709,1229,48,1099,1064,35,25,1,5/21/2020 15:41,Agree,Agree
2020/05/21,VA,34950,33208,1742,813,33,1136,1100,36,37,1,5/22/2020 15:31,Agree,Agree
2020/05/22,VA,35749,33962,1787,799,45,1159,1123,36,23,0,5/23/2020 17:58,Agree,Agree
2020/05/23,VA,36244,34451,1793,495,6,1171,1135,36,12,0,5/24/2020 14:15,Agree,Agree
2020/05/24,VA,37727,35890,1837,1483,44,1208,1158,50,37,14,5/25/2020 14:12,Agree,Agree
2020/05/25,VA,39342,37440,1902,1615,65,1236,1175,61,28,11,5/26/2020 14:23,Agree,Agree
2020/05/26,VA,40249,38276,1973,907,71,1281,1202,79,45,18,5/27/2020 15:37,Agree,Agree
2020/05/27,VA,41401,39393,2008,1152,35,1338,1236,102,57,23,5/28/2020 15:12,Agree,Agree
2020/05/28,VA,42533,40477,2056,1132,48,1358,1258,100,20,-2,5/29/2020 14:19,Agree,Agree
2020/05/29,VA,43611,41529,2082,1078,26,1370,1269,101,12,1,5/30/2020 15:47,Agree,Agree
2020/05/30,VA,44607,42499,2108,996,26,1375,1274,101,5,0,5/31/2020 14:43,Agree,Agree
2020/05/31,VA,45398,43247,2151,791,43,1392,1282,110,17,9,6/1/2020 14:17,Agree,Agree
2020/06/01,VA,46239,44069,2170,841,19,1407,1300,107,15,-3,6/2/2020 14:16,Agree,Agree
2020/06/02,VA,46905,44715,2190,666,20,1428,1322,106,21,-1,6/3/2020 14:11,Agree,Agree
2020/06/03,VA,47856,45620,2236,951,46,1445,1338,107,17,1,6/4/2020 15:03,Agree,Agree
2020/06/04,VA,48532,46281,2251,676,15,1453,1350,103,8,-4,6/5/2020 15:17,Agree,Agree
2020/06/05,VA,49397,47123,2274,865,23,1460,1357,103,7,0,6/6/2020 14:31,Agree,Agree
2020/06/06,VA,50681,48349,2332,1284,58,1472,1369,103,12,0,6/7/2020 14:23,Agree,Agree
2020/06/07,VA,51251,48879,2372,570,40,1477,1373,104,5,1,6/8/2020 14:55,Agree,Agree
2020/06/08,VA,51738,49362,2376,487,4,1496,1391,105,19,1,6/9/2020 16:49,Agree,Agree
2020/06/09,VA,52177,49785,2392,439,16,1514,1408,106,18,1,6/10/2020 20:56,Agree,Agree
2020/06/10,VA,52647,50275,2372,470,-20,1520,1413,107,6,1,6/11/2020 14:48,Agree,Agree
2020/06/11,VA,53211,50853,2358,564,-14,1534,1426,108,14,1,6/12/2020 14:17,Agree,Agree
2020/06/12,VA,53869,51499,2370,658,12,1541,1435,106,7,-2,6/13/2020 17:46,Agree,Agree
2020/06/13,VA,54506,52103,2403,637,33,1546,1438,108,5,2,6/14/2020 14:19,Agree,Agree
2020/06/14,VA,54886,52460,2426,380,23,1552,1444,108,6,0,6/15/2020 14:33,Agree,Agree
2020/06/15,VA,55331,52917,2414,445,-12,1570,1465,105,18,-3,6/16/2020 14:10,Agree,Agree
2020/06/16,VA,55775,53318,2457,444,43,1583,1478,105,13,0,6/17/2020 15:06,Agree,Agree
2020/06/17,VA,56238,53769,2469,463,12,1586,1482,104,3,-1,6/18/2020 17:16,Agree,Agree
2020/06/18,VA,56793,54312,2481,555,12,1602,1499,103,16,-1,6/19/2020 15:01,Agree,Agree
2020/06/19,VA,57443,54953,2490,650,9,1607,1504,103,5,0,6/20/2020 14:15,Agree,Agree
2020/06/20,VA,57994,55504,2490,551,0,1611,1508,103,4,0,6/21/2020 14:32,Agree,Agree
2020/06/21,VA,58465,55949,2516,471,26,1620,1517,103,9,0,6/22/2020 15:24,Agree,Agree
2020/06/22,VA,58994,56452,2542,529,26,1645,1542,103,25,0,6/23/2020 14:28,Agree,Agree
2020/06/23,VA,59514,56956,2558,520,16,1661,1559,102,16,-1,6/24/2020 15:03,Agree,Agree
2020/06/24,VA,59946,57384,2562,432,4,1675,1572,103,14,1,6/25/2020 14:07,Agree,Agree
2020/06/25,VA,60570,57977,2593,624,31,1700,1596,104,25,1,6/26/2020 19:18,Agree,Agree
2020/06/26,VA,61247,58611,2636,677,43,1724,1620,104,24,0,6/27/2020 17:51,Agree,Agree
2020/06/27,VA,61736,59071,2665,489,29,1732,1628,104,8,0,6/28/2020 14:59,Agree,Agree
2020/06/28,VA,62189,59522,2667,453,2,1740,1635,105,8,1,6/29/2020 14:37,Agree,Agree
2020/06/29,VA,62787,60124,2663,598,-4,1763,1658,105,23,0,6/30/2020 15:27,Agree,Agree
2020/06/30,VA,62787,60124,2663,0,0,1763,1658,105,0,0,7/1/2020 15:45,Agree,Agree
2020/07/01,VA,63203,60528,2675,416,12,1786,1681,105,23,0,7/2/2020 15:10,Agree,Agree
2020/07/02,VA,63735,61039,2696,532,21,1816,1712,104,30,-1,7/3/2020 15:01,Agree,Agree
2020/07/03,VA,64393,61690,2703,658,7,1845,1741,104,29,0,7/4/2020 15:30,Agree,Agree
2020/07/04,VA,65748,62981,2767,1355,64,1853,1746,107,8,3,7/5/2020 15:00,Agree,Agree
2020/07/05,VA,66102,63339,2763,354,-4,1853,1747,106,0,-1,7/6/2020 15:16,Agree,Agree
2020/07/06,VA,66740,63950,2790,638,27,1881,1775,106,28,0,7/7/2020 14:58,Agree,Agree
2020/07/07,VA,67375,64583,2792,635,2,1905,1799,106,24,0,7/8/2020 14:12,Agree,Agree
2020/07/08,VA,67988,65191,2797,613,5,1937,1832,105,32,-1,7/9/2020 15:14,Agree,Agree
2020/07/09,VA,68931,66095,2836,943,39,1958,1853,105,21,0,7/10/2020 15:35,Agree,Agree
2020/07/10,VA,69782,66963,2819,851,-17,1962,1857,105,4,0,7/11/2020 18:25,Agree,Agree
2020/07/11,VA,70670,67830,2840,888,21,1966,1859,107,4,2,7/12/2020 15:13,Agree,Agree
2020/07/12,VA,71642,68814,2828,972,-12,1968,1861,107,2,0,7/13/2020 15:19,Agree,Agree
2020/07/13,VA,72443,69610,2833,801,5,1977,1870,107,9,0,7/14/2020 15:13,Agree,Agree
2020/07/14,VA,73527,70669,2858,1084,25,1992,1882,110,15,3,7/15/2020 15:05,Agree,Agree
2020/07/15,VA,74431,71570,2861,904,3,2007,1903,104,15,-6,7/16/2020 14:22,Agree,Agree
2020/07/16,VA,75433,72516,2917,1002,56,2013,1909,104,6,0,7/17/2020 14:31,Agree,Agree
2020/07/17,VA,76373,73420,2953,940,36,2025,1921,104,12,0,7/18/2020 16:14,Agree,Agree
2020/07/18,VA,77430,74490,2940,1057,-13,2027,1923,104,2,0,7/19/2020 15:05,Agree,Agree
2020/07/19,VA,78375,75415,2960,945,20,2031,1927,104,4,0,7/20/2020 14:35,Agree,Agree
2020/07/20,VA,79371,76427,2944,996,-16,2048,1945,103,17,-1,7/21/2020 14:50,Agree,Agree
2020/07/21,VA,80393,77380,3013,1022,69,2051,1948,103,3,0,7/22/2020 14:51,Agree,Agree
2020/07/22,VA,81237,78182,3055,844,42,2054,1951,103,3,0,7/23/2020 14:48,Agree,Agree
2020/07/23,VA,82364,79253,3111,1127,56,2067,1964,103,13,0,7/24/2020 14:18,Agree,Agree
2020/07/24,VA,83609,80480,3129,1245,18,2075,1972,103,8,0,7/25/2020 17:40,Agree,Agree
2020/07/25,VA,84567,81393,3174,958,45,2078,1975,103,3,0,7/26/2020 15:17,Agree,Agree
2020/07/26,VA,86072,82871,3201,1505,27,2082,1978,104,4,1,7/27/2020 14:16,Agree,Agree
2020/07/27,VA,86994,83732,3262,922,61,2095,1991,104,13,0,7/28/2020 14:21,Agree,Agree
2020/07/28,VA,87993,84700,3293,999,31,2125,2020,105,30,1,7/29/2020 14:34,Agree,Agree
2020/07/29,VA,88904,85546,3358,911,65,2141,2035,106,16,1,7/30/2020 14:42,Agree,Agree
2020/07/30,VA,89888,86501,3387,984,29,2174,2067,107,33,1,7/31/2020 14:35,Agree,Agree
2020/07/31,VA,90801,87367,3434,913,47,2215,2105,110,41,3,8/1/2020 14:38,Agree,Agree
2020/08/01,VA,91782,88324,3458,981,24,2218,2108,110,3,0,8/2/2020 14:54,Agree,Agree
2020/08/02,VA,93106,89602,3504,1324,46,2218,2108,110,0,0,8/3/2020 14:31,Agree,Agree
2020/08/03,VA,94251,90728,3523,1145,19,2244,2134,110,26,0,8/4/2020 14:09,Agree,Agree
2020/08/04,VA,95049,91473,3576,798,53,2274,2164,110,30,0,8/5/2020 14:13,Agree,Agree
2020/08/05,VA,95867,92244,3623,818,47,2299,2191,108,25,-2,8/6/2020 14:12,Agree,Agree
2020/08/06,VA,97882,94141,3741,2015,118,2317,2208,109,18,1,8/7/2020 23:57,Agree,Agree
2020/08/07,VA,99189,95326,3863,1307,122,2322,2211,111,5,2,8/8/2020 14:58,Agree,Agree
2020/08/08,VA,100086,96167,3919,897,56,2326,2214,112,4,1,8/9/2020 14:03,Agree,Agree
2020/08/09,VA,100750,96808,3942,664,23,2327,2215,112,1,0,8/10/2020 14:23,Agree,Agree
2020/08/10,VA,101746,97713,4033,996,91,2344,2232,112,17,0,8/11/2020 14:16,Agree,Agree
2020/08/11,VA,102521,98374,4147,775,114,2352,2238,114,8,2,8/12/2020 13:50,Agree,Agree
2020/08/12,VA,103623,99429,4194,1102,47,2364,2249,115,12,1,8/13/2020 14:12,Agree,Agree
2020/08/13,VA,104838,100603,4235,1215,41,2370,2255,115,6,0,8/14/2020 14:30,Agree,Agree
2020/08/14,VA,105753,101451,4302,915,67,2381,2265,116,11,1,8/15/2020 14:02,Agree,Agree
2020/08/15,VA,106691,102303,4388,938,86,2382,2267,115,1,-1,8/16/2020 14:57,Agree,Agree
2020/08/16,VA,107421,103016,4405,730,17,2385,2268,117,3,2,8/17/2020 14:26,Agree,Agree
2020/08/17,VA,108283,103810,4473,862,68,2397,2279,118,12,1,8/18/2020 14:26,Agree,Agree
2020/08/18,VA,109019,104475,4544,736,71,2410,2293,117,13,-1,8/19/2020 14:23,Agree,Agree
2020/08/19,VA,109882,105289,4593,863,49,2427,2310,117,17,0,8/20/2020 15:11,Agree,Agree
2020/08/20,VA,110860,106177,4683,978,90,2436,2319,117,9,0,8/21/2020 14:27,Agree,Agree
2020/08/21,VA,112072,107268,4804,1212,121,2443,2324,119,7,2,8/22/2020 14:21,Agree,Agree
2020/08/22,VA,112072,107268,4804,0,0,2443,2324,119,0,0,8/23/2020 14:15,Agree,Agree
2020/08/23,VA,113630,108767,4863,1558,59,2471,2352,119,28,0,8/24/2020 13:54,Agree,Agree
2020/08/24,VA,114636,109680,4956,1006,93,2495,2371,124,24,5,8/25/2020 14:02,Agree,Agree
2020/08/25,VA,115458,110437,5021,822,65,2515,2382,133,20,9,8/26/2020 13:51,Agree,Agree
2020/08/26,VA,116579,111484,5095,1121,74,2527,2394,133,12,0,8/27/2020 13:42,Agree,Agree
2020/08/27,VA,117592,112446,5146,1013,51,2550,2417,133,23,0,8/28/2020 13:43,Agree,Agree
2020/08/28,VA,118809,113623,5186,1217,40,2568,2435,133,18,0,8/29/2020 13:42,Agree,Agree
2020/08/29,VA,119747,114514,5233,938,47,2569,2436,133,1,0,8/30/2020 14:49,Agree,Agree
2020/08/30,VA,120594,115334,5260,847,27,2580,2447,133,11,0,8/31/2020 14:05,Agree,Agree
2020/08/31,VA,121615,116294,5321,1021,61,2612,2479,133,32,0,9/1/2020 14:09,Agree,Agree
2020/09/01,VA,122542,117141,5401,927,80,2641,2508,133,29,0,9/2/2020 13:49,Agree,Agree
2020/09/02,VA,123668,118190,5478,1126,77,2652,2519,133,11,0,9/3/2020 14:18,Agree,Agree
2020/09/03,VA,124779,119259,5520,1111,42,2662,2529,133,10,0,9/4/2020 13:36,Agree,Agree
2020/09/04,VA,125727,120191,5536,948,16,2677,2544,133,15,0,9/5/2020 14:09,Agree,Agree
2020/09/05,VA,126926,121317,5609,1199,73,2678,2545,133,1,0,9/6/2020 14:09,Agree,Agree
2020/09/06,VA,127571,121919,5652,645,43,2684,2551,133,6,0,9/7/2020 13:37,Agree,Agree
2020/09/07,VA,128407,122711,5696,836,44,2686,2553,133,2,0,9/8/2020 14:47,Agree,Agree
2020/09/08,VA,129289,123488,5801,882,105,2697,2564,133,11,0,9/9/2020 13:47,Agree,Agree
2020/09/09,VA,130529,124623,5906,1240,105,2708,2575,133,11,0,9/10/2020 14:02,Agree,Agree
2020/09/10,VA,131644,125707,5937,1115,31,2711,2578,133,3,0,9/11/2020 13:51,Agree,Agree
2020/09/11,VA,132940,126850,6090,1296,153,2722,2589,133,11,0,9/12/2020 14:12,Agree,Agree
2020/09/12,VA,133814,127672,6142,874,52,2724,2591,133,2,0,9/13/2020 16:17,Agree,Agree
2020/09/13,VA,134571,128400,6171,757,29,2743,2607,136,19,3,9/14/2020 14:01,Agree,Agree
2020/09/14,VA,135514,129259,6255,943,84,2839,2691,148,96,12,9/15/2020 14:03,Agree,Agree
2020/09/15,VA,136359,129963,6396,845,141,2884,2711,173,45,25,9/16/2020 13:53,Agree,Agree
2020/09/16,VA,137460,130960,6500,1101,104,2920,2734,186,36,13,9/17/2020 13:45,Agree,Agree
2020/09/17,VA,138702,132090,6612,1242,112,2949,2755,194,29,8,9/18/2020 13:48,Agree,Agree
2020/09/18,VA,139655,132966,6689,953,77,2990,2787,203,41,9,9/19/2020 14:00,Agree,Agree
2020/09/19,VA,140512,133723,6789,857,100,3015,2811,204,25,1,9/20/2020 13:53,Agree,Agree
2020/09/20,VA,141138,134301,6837,626,48,3021,2816,205,6,1,9/21/2020 13:47,Agree,Agree
2020/09/21,VA,142010,135101,6909,872,72,3060,2853,207,39,2,9/22/2020 13:51,Agree,Agree
2020/09/22,VA,142590,135626,6964,580,55,3089,2882,207,29,0,9/23/2020 13:51,Agree,Agree
2020/09/23,VA,143492,136448,7044,902,80,3113,2907,206,24,-1,9/24/2020 13:54,Agree,Agree
2020/09/24,VA,144433,137283,7150,941,106,3136,2930,206,23,0,9/25/2020 13:54,Agree,Agree
2020/09/25,VA,145408,138173,7235,975,85,3144,2937,207,8,1,9/26/2020 13:46,Agree,Agree
2020/01/22,MI,0,,,0,,0,,,0,,3/26/2020 16:22,Agree,Agree
2020/01/23,MI,0,,,0,,0,,,0,,3/26/2020 16:22,Agree,Agree
2020/01/24,MI,0,,,0,,0,,,0,,3/26/2020 16:22,Agree,Agree
2020/01/25,MI,0,,,0,,0,,,0,,3/26/2020 16:22,Agree,Agree
2020/01/26,MI,0,,,0,,0,,,0,,3/26/2020 16:22,Agree,Agree
2020/01/27,MI,0,,,0,,0,,,0,,3/26/2020 16:22,Agree,Agree
2020/01/28,MI,0,,,0,,0,,,0,,3/26/2020 16:22,Agree,Agree
2020/01/29,MI,0,,,0,,0,,,0,,3/26/2020 16:22,Agree,Agree
2020/01/30,MI,0,,,0,,0,,,0,,3/26/2020 16:22,Agree,Agree
2020/01/31,MI,0,,,0,,0,,,0,,3/26/2020 16:22,Agree,Agree
2020/02/01,MI,0,,,0,,0,,,0,,3/26/2020 16:22,Agree,Agree
2020/02/02,MI,0,,,0,,0,,,0,,3/26/2020 16:22,Agree,Agree
2020/02/03,MI,0,,,0,,0,,,0,,3/26/2020 16:22,Agree,Agree
2020/02/04,MI,0,,,0,,0,,,0,,3/26/2020 16:22,Agree,Agree
2020/02/05,MI,0,,,0,,0,,,0,,3/26/2020 16:22,Agree,Agree
2020/02/06,MI,0,,,0,,0,,,0,,3/26/2020 16:22,Agree,Agree
2020/02/07,MI,0,,,0,,0,,,0,,3/26/2020 16:22,Agree,Agree
2020/02/08,MI,0,,,0,,0,,,0,,3/26/2020 16:22,Agree,Agree
2020/02/09,MI,0,,,0,,0,,,0,,3/26/2020 16:22,Agree,Agree
2020/02/10,MI,0,,,0,,0,,,0,,3/26/2020 16:22,Agree,Agree
2020/02/11,MI,0,,,0,,0,,,0,,3/26/2020 16:22,Agree,Agree
2020/02/12,MI,0,,,0,,0,,,0,,3/26/2020 16:22,Agree,Agree
2020/02/13,MI,0,,,0,,0,,,0,,3/26/2020 16:22,Agree,Agree
2020/02/14,MI,0,,,0,,0,,,0,,3/26/2020 16:22,Agree,Agree
2020/02/15,MI,0,,,0,,0,,,0,,3/26/2020 16:22,Agree,Agree
2020/02/16,MI,0,,,0,,0,,,0,,3/26/2020 16:22,Agree,Agree
2020/02/17,MI,0,,,0,,0,,,0,,3/26/2020 16:22,Agree,Agree
2020/02/18,MI,0,,,0,,0,,,0,,3/26/2020 16:22,Agree,Agree
2020/02/19,MI,0,,,0,,0,,,0,,3/26/2020 16:22,Agree,Agree
2020/02/20,MI,0,,,0,,0,,,0,,3/26/2020 16:22,Agree,Agree
2020/02/21,MI,0,,,0,,0,,,0,,3/26/2020 16:22,Agree,Agree
2020/02/22,MI,0,,,0,,0,,,0,,3/26/2020 16:22,Agree,Agree
2020/02/23,MI,0,,,0,,0,,,0,,3/26/2020 16:22,Agree,Agree
2020/02/24,MI,0,,,0,,0,,,0,,3/26/2020 16:22,Agree,Agree
2020/02/25,MI,0,,,0,,0,,,0,,3/26/2020 16:22,Agree,Agree
2020/02/26,MI,0,,,0,,0,,,0,,3/26/2020 16:22,Agree,Agree
2020/02/27,MI,0,,,0,,0,,,0,,3/26/2020 16:22,Agree,Agree
2020/02/28,MI,0,,,0,,0,,,0,,3/26/2020 16:22,Agree,Agree
2020/02/29,MI,0,,,0,,0,,,0,,3/26/2020 16:22,Agree,Agree
2020/03/01,MI,0,,,0,,0,,,0,,3/26/2020 16:22,Agree,Agree
2020/03/02,MI,0,,,0,,0,,,0,,3/26/2020 16:22,Agree,Agree
2020/03/03,MI,0,,,0,,0,,,0,,3/26/2020 16:22,Agree,Agree
2020/03/04,MI,0,,,0,,0,,,0,,3/26/2020 16:22,Agree,Agree
2020/03/05,MI,0,,,0,,0,,,0,,3/26/2020 16:22,Agree,Agree
2020/03/06,MI,0,,,0,,0,,,0,,3/26/2020 16:22,Agree,Agree
2020/03/07,MI,0,,,0,,0,,,0,,3/26/2020 16:22,Agree,Agree
2020/03/08,MI,0,,,0,,0,,,0,,3/26/2020 16:22,Agree,Agree
2020/03/09,MI,0,,,0,,0,,,0,,3/26/2020 16:22,Agree,Agree
2020/03/10,MI,2,,,2,,0,,,0,,3/26/2020 16:22,Agree,Agree
2020/03/11,MI,2,,,0,,0,,,0,,3/26/2020 16:22,Agree,Agree
2020/03/12,MI,3,,,1,,0,,,0,,3/26/2020 16:22,Agree,Agree
2020/03/13,MI,13,,,10,,0,,,0,,3/26/2020 16:22,Agree,Agree
2020/03/14,MI,25,,,12,,0,,,0,,3/26/2020 16:22,Agree,Agree
2020/03/15,MI,53,,,28,,0,,,0,,3/26/2020 16:22,Agree,Agree
2020/03/16,MI,54,,,1,,0,,,0,,3/26/2020 16:22,Agree,Agree
2020/03/17,MI,65,,,11,,0,,,0,,3/26/2020 16:22,Agree,Agree
2020/03/18,MI,80,,,15,,1,,,1,,3/26/2020 16:22,Agree,Agree
2020/03/19,MI,334,,,254,,1,,,0,,3/26/2020 16:22,Agree,Agree
2020/03/20,MI,549,,,215,,3,,,2,,3/26/2020 16:22,Agree,Agree
2020/03/21,MI,787,,,238,,5,,,2,,3/26/2020 16:22,Agree,Agree
2020/03/22,MI,1035,,,248,,8,,,3,,3/26/2020 16:22,Agree,Agree
2020/03/23,MI,1328,,,293,,15,,,7,,3/26/2020 16:22,Agree,Agree
2020/03/24,MI,1791,,,463,,24,,,9,,3/26/2020 16:22,Agree,Agree
2020/03/25,MI,2294,,,503,,43,,,19,,3/26/2020 16:22,Agree,Agree
2020/03/26,MI,2856,,,562,,60,,,17,,3/26/2020 16:22,Agree,Agree
2020/03/27,MI,3657,,,801,,92,,,32,,3/26/2020 16:22,Agree,Agree
2020/03/28,MI,4650,,,993,,111,,,19,,3/28/2020 16:22,Agree,Agree
2020/03/29,MI,5486,,,836,,132,,,21,,3/28/2020 16:22,Agree,Agree
2020/03/30,MI,6498,,,1012,,184,,,52,,3/29/2020 16:22,Agree,Agree
2020/03/31,MI,7615,,,1117,,259,,,75,,3/30/2020 16:22,Agree,Agree
2020/04/01,MI,9334,,,1719,,337,,,78,,3/31/2020 16:22,Agree,Agree
2020/04/02,MI,10791,,,1457,,417,,,80,,4/1/2020 16:22,Agree,Agree
2020/04/03,MI,12670,,,1879,,478,,,61,,4/3/2020 16:22,Agree,Agree
2020/04/04,MI,14225,,,1555,,540,,,62,,4/3/2020 16:22,Agree,Agree
2020/04/05,MI,15718,,,1493,,617,,,77,,4/4/2020 16:22,Agree,Agree
2020/04/06,MI,17221,,,1503,,727,,,110,,4/5/2020 16:22,Agree,Agree
2020/04/07,MI,18970,,,1749,,845,,,118,,4/7/2020 16:22,Agree,Agree
2020/04/08,MI,20346,,,1376,,959,,,114,,4/7/2020 16:22,Agree,Agree
2020/04/09,MI,21504,,,1158,,1076,,,117,,4/8/2020 16:22,Agree,Agree
2020/04/10,MI,22562,,,1058,,1278,,,202,,4/9/2020 16:22,Agree,Agree
2020/04/11,MI,23853,,,1291,,1391,,,113,,4/10/2020 16:22,Agree,Agree
2020/04/12,MI,24638,,,785,,1487,,,96,,4/11/2020 16:22,Agree,Agree
2020/04/13,MI,25635,,,997,,1602,,,115,,4/12/2020 16:22,Agree,Agree
2020/04/14,MI,27001,,,1366,,1768,,,166,,4/13/2020 16:22,Agree,Agree
2020/04/15,MI,28059,,,1058,,1921,,,153,,4/15/2020 16:22,Agree,Agree
2020/04/16,MI,29263,,,1204,,2093,,,172,,4/16/2020 16:22,Agree,Agree
2020/04/17,MI,29952,,,689,,2226,,,133,,4/17/2020 16:22,Agree,Agree
2020/04/18,MI,30717,,,765,,2307,,,81,,4/18/2020 16:22,Agree,Agree
2020/04/19,MI,31424,31424,0,707,0,2391,2391,0,84,0,4/19/2020 16:22,Agree,Agree
2020/04/20,MI,32000,32000,0,576,0,2468,2468,0,77,0,4/20/2020 16:22,Agree,Agree
2020/04/21,MI,32967,32967,0,967,0,2700,2700,0,232,0,4/21/2020 16:22,Agree,Agree
2020/04/22,MI,33966,33966,0,999,0,2813,2813,0,113,0,4/22/2020 16:22,Agree,Agree
2020/04/23,MI,35291,35291,0,1325,0,2977,2977,0,164,0,5/25/2020 15:38,Agree,Agree
2020/04/24,MI,36627,36627,0,1336,0,3084,3084,0,107,0,5/25/2020 15:38,Agree,Agree
2020/04/25,MI,37184,37184,0,557,0,3273,3273,0,189,0,5/25/2020 15:38,Agree,Agree
2020/04/26,MI,37778,37778,0,594,0,3315,3315,0,42,0,5/25/2020 15:38,Agree,Agree
2020/04/27,MI,38210,38210,0,432,0,3407,3407,0,92,0,5/25/2020 15:38,Agree,Agree
2020/04/28,MI,39262,39262,0,1052,0,3567,3567,0,160,0,4/29/2020 18:12,Agree,Agree
2020/04/29,MI,40399,40399,0,1137,0,3670,3670,0,103,0,4/30/2020 16:07,Agree,Agree
2020/04/30,MI,41379,41379,0,980,0,3789,3789,0,119,0,5/1/2020 21:00,Agree,Agree
2020/05/01,MI,42356,42356,0,977,0,3866,3866,0,77,0,5/2/2020 15:47,Agree,Agree
2020/05/02,MI,43207,43207,0,851,0,4020,4020,0,154,0,5/3/2020 15:36,Agree,Agree
2020/05/03,MI,43754,43754,0,547,0,4049,4049,0,29,0,5/4/2020 22:49,Agree,Agree
2020/05/04,MI,43950,43950,0,196,0,4135,4135,0,86,0,5/5/2020 17:25,Agree,Agree
2020/05/05,MI,44397,44397,0,447,0,4179,4179,0,44,0,5/6/2020 16:23,Agree,Agree
2020/05/06,MI,45054,45054,0,657,0,4250,4250,0,71,0,5/7/2020 22:59,Agree,Agree
2020/05/07,MI,45646,45646,0,592,0,4343,4343,0,93,0,5/8/2020 21:26,Agree,Agree
2020/05/08,MI,46326,46326,0,680,0,4393,4393,0,50,0,5/9/2020 21:26,Agree,Agree
2020/05/09,MI,46756,46756,0,430,0,4526,4526,0,133,0,5/10/2020 21:26,Agree,Agree
2020/05/10,MI,47138,47138,0,382,0,4551,4551,0,25,0,5/11/2020 21:26,Agree,Agree
2020/05/11,MI,47552,47552,0,414,0,4584,4584,0,33,0,5/12/2020 17:26,Agree,Agree
2020/05/12,MI,48021,48021,0,469,0,4674,4674,0,90,0,5/13/2020 15:26,Agree,Agree
2020/05/13,MI,48391,48391,0,370,0,4714,4714,0,40,0,5/14/2020 17:25,Agree,Agree
2020/05/14,MI,49582,49582,0,1191,0,4787,4787,0,73,0,5/15/2020 16:11,Agree,Agree
2020/05/15,MI,50079,50079,0,497,0,4825,4825,0,38,0,5/16/2020 15:46,Agree,Agree
2020/05/16,MI,50504,50504,0,425,0,4880,4880,0,55,0,5/17/2020 15:27,Agree,Agree
2020/05/17,MI,51142,51142,0,638,0,4891,4891,0,11,0,5/18/2020 16:01,Agree,Agree
2020/05/18,MI,51915,51915,0,773,0,4915,4915,0,24,0,5/19/2020 15:45,Agree,Agree
2020/05/19,MI,52350,52350,0,435,0,5017,5017,0,102,0,5/20/2020 15:28,Agree,Agree
2020/05/20,MI,53009,53009,0,659,0,5060,5060,0,43,0,5/21/2020 15:41,Agree,Agree
2020/05/21,MI,53510,53510,0,501,0,5129,5129,0,69,0,5/22/2020 15:31,Agree,Agree
2020/05/22,MI,53913,53913,0,403,0,5158,5158,0,29,0,5/23/2020 17:58,Agree,Agree
2020/05/23,MI,54365,54365,0,452,0,5223,5223,0,65,0,5/24/2020 14:15,Agree,Agree
2020/05/24,MI,54679,54679,0,314,0,5228,5228,0,5,0,5/25/2020 14:12,Agree,Agree
2020/05/25,MI,54881,54881,0,202,0,5240,5240,0,12,0,5/26/2020 14:23,Agree,Agree
2020/05/26,MI,55104,55104,0,223,0,5266,5266,0,26,0,5/27/2020 15:37,Agree,Agree
2020/05/27,MI,55608,55608,0,504,0,5334,5334,0,68,0,5/28/2020 15:12,Agree,Agree
2020/05/28,MI,56014,56014,0,406,0,5372,5372,0,38,0,5/29/2020 14:19,Agree,Agree
2020/05/29,MI,56621,56621,0,607,0,5406,5406,0,34,0,5/30/2020 15:47,Agree,Agree
2020/05/30,MI,56884,56884,0,263,0,5463,5463,0,57,0,5/31/2020 14:43,Agree,Agree
2020/05/31,MI,57397,57397,0,513,0,5491,5491,0,28,0,6/1/2020 14:17,Agree,Agree
2020/06/01,MI,57532,57532,0,135,0,5516,5516,0,25,0,6/2/2020 14:16,Agree,Agree
2020/06/02,MI,57731,57731,0,199,0,5553,5553,0,37,0,6/3/2020 14:11,Agree,Agree
2020/06/03,MI,58035,58035,0,304,0,5570,5570,0,17,0,6/4/2020 15:03,Agree,Agree
2020/06/04,MI,58241,58241,0,206,0,5585,5585,0,15,0,6/5/2020 15:17,Agree,Agree
2020/06/05,MI,63539,58525,5014,5298,5014,5855,5616,239,270,239,6/6/2020 14:31,Agree,Agree
2020/06/06,MI,63983,58749,5234,444,220,5891,5652,239,36,0,6/7/2020 14:23,Agree,Agree
2020/06/07,MI,64413,58870,5543,430,309,5895,5656,239,4,0,6/8/2020 14:55,Agree,Agree
2020/06/08,MI,64701,58999,5702,288,159,5912,5673,239,17,0,6/9/2020 16:49,Agree,Agree
2020/06/09,MI,64998,59107,5891,297,189,5943,5698,245,31,6,6/10/2020 20:56,Agree,Agree
2020/06/10,MI,65182,59278,5904,184,13,5955,5711,244,12,-1,6/11/2020 14:48,Agree,Agree
2020/06/11,MI,65449,59496,5953,267,49,5985,5738,247,30,3,6/12/2020 14:17,Agree,Agree
2020/06/12,MI,65672,59621,6051,223,98,5990,5745,245,5,-2,6/13/2020 17:46,Agree,Agree
2020/06/13,MI,65836,59801,6035,164,-16,6013,5768,245,23,0,6/14/2020 14:19,Agree,Agree
2020/06/14,MI,66054,59990,6064,218,29,6016,5771,245,3,0,6/15/2020 14:33,Agree,Agree
2020/06/15,MI,66085,60064,6021,31,-43,6017,5772,245,1,0,6/16/2020 14:10,Agree,Agree
2020/06/16,MI,66269,60189,6080,184,59,6034,5790,244,17,-1,6/17/2020 15:06,Agree,Agree
2020/06/17,MI,66497,60393,6104,228,24,6036,5792,244,2,0,6/18/2020 17:16,Agree,Agree
2020/06/18,MI,66798,60618,6180,301,76,6061,5818,243,25,-1,6/19/2020 15:01,Agree,Agree
2020/06/19,MI,67097,60829,6268,299,88,6067,5823,244,6,1,6/20/2020 14:15,Agree,Agree
2020/06/20,MI,67545,61084,6461,448,193,6087,5843,244,20,0,6/21/2020 14:32,Agree,Agree
2020/06/21,MI,67711,61230,6481,166,20,6090,5846,244,3,0,6/22/2020 15:24,Agree,Agree
2020/06/22,MI,67957,61409,6548,246,67,6097,5853,244,7,0,6/23/2020 14:28,Agree,Agree
2020/06/23,MI,68197,61630,6567,240,19,6109,5864,245,12,1,6/24/2020 15:03,Agree,Agree
2020/06/24,MI,68555,61953,6602,358,35,6114,5868,246,5,1,6/25/2020 14:07,Agree,Agree
2020/06/25,MI,68989,62306,6683,434,81,6133,5886,247,19,1,6/26/2020 19:18,Agree,Agree
2020/06/26,MI,69329,62695,6634,340,-49,6134,5888,246,1,-1,6/27/2020 17:51,Agree,Agree
2020/06/27,MI,69679,63009,6670,350,36,6153,5907,246,19,0,6/28/2020 14:59,Agree,Agree
2020/06/28,MI,69946,63261,6685,267,15,6157,5911,246,4,0,6/29/2020 14:37,Agree,Agree
2020/06/29,MI,70223,63497,6726,277,41,6161,5915,246,4,0,6/30/2020 15:27,Agree,Agree
2020/06/30,MI,70728,63870,6858,505,132,6193,5947,246,32,0,7/1/2020 15:45,Agree,Agree
2020/07/01,MI,71089,64132,6957,361,99,6198,5951,247,5,1,7/2/2020 15:10,Agree,Agree
2020/07/02,MI,71678,64675,7003,589,46,6212,5966,246,14,-1,7/3/2020 15:01,Agree,Agree
2020/07/03,MI,71678,64675,7003,0,0,6212,5966,246,0,0,7/4/2020 15:30,Agree,Agree
2020/07/04,MI,72581,65533,7048,903,45,6218,5972,246,6,0,7/5/2020 15:00,Agree,Agree
2020/07/05,MI,72941,65876,7065,360,17,6218,5972,246,0,0,7/6/2020 15:16,Agree,Agree
2020/07/06,MI,73269,66173,7096,328,31,6221,5975,246,3,0,7/7/2020 14:58,Agree,Agree
2020/07/07,MI,73900,66627,7273,631,177,6251,6005,246,30,0,7/8/2020 14:12,Agree,Agree
2020/07/08,MI,74551,67237,7314,651,41,6262,6015,247,11,1,7/9/2020 15:14,Agree,Agree
2020/07/09,MI,75063,67683,7380,512,66,6271,6024,247,9,0,7/10/2020 15:35,Agree,Agree
2020/07/10,MI,75685,68295,7390,622,10,6285,6039,246,14,-1,7/11/2020 18:25,Agree,Agree
2020/07/11,MI,76370,68948,7422,685,32,6313,6067,246,28,0,7/12/2020 15:13,Agree,Agree
2020/07/12,MI,76776,69338,7438,406,16,6314,6068,246,1,0,7/13/2020 15:19,Agree,Agree
2020/07/13,MI,77198,69722,7476,422,38,6321,6075,246,7,0,7/14/2020 15:13,Agree,Agree
2020/07/14,MI,77864,70306,7558,666,82,6326,6081,245,5,-1,7/15/2020 15:05,Agree,Agree
2020/07/15,MI,78913,71197,7716,1049,158,6330,6085,245,4,0,7/16/2020 14:22,Agree,Agree
2020/07/16,MI,79839,71842,7997,926,281,6348,6101,247,18,2,7/17/2020 14:31,Agree,Agree
2020/07/17,MI,80593,72502,8091,754,94,6355,6108,247,7,0,7/18/2020 16:14,Agree,Agree
2020/07/18,MI,81338,73180,8158,745,67,6364,6117,247,9,0,7/19/2020 15:05,Agree,Agree
2020/07/19,MI,81868,73663,8205,530,47,6366,6119,247,2,0,7/20/2020 14:35,Agree,Agree
2020/07/20,MI,82395,74152,8243,527,38,6373,6126,247,7,0,7/21/2020 14:50,Agree,Agree
2020/07/21,MI,83059,74725,8334,664,91,6382,6135,247,9,0,7/22/2020 14:51,Agree,Agree
2020/07/22,MI,83730,75248,8482,671,148,6388,6141,247,6,0,7/23/2020 14:48,Agree,Agree
2020/07/23,MI,84431,75947,8484,701,2,6395,6148,247,7,0,7/24/2020 14:18,Agree,Agree
2020/07/24,MI,85072,76541,8531,641,47,6400,6151,249,5,2,7/25/2020 17:40,Agree,Agree
2020/07/25,MI,85622,76978,8644,550,113,6400,6149,251,0,2,7/26/2020 15:17,Agree,Agree
2020/07/26,MI,86661,78019,8642,1039,-2,6400,6149,251,0,0,7/27/2020 14:16,Agree,Agree
2020/07/27,MI,87173,78507,8666,512,24,6405,6154,251,5,0,7/28/2020 14:21,Agree,Agree
2020/07/28,MI,87958,79176,8782,785,116,6421,6170,251,16,0,7/29/2020 14:34,Agree,Agree
2020/07/29,MI,88974,80172,8802,1016,20,6422,6172,250,1,-1,7/30/2020 14:42,Agree,Agree
2020/07/30,MI,89781,80887,8894,807,92,6443,6191,252,21,2,7/31/2020 14:35,Agree,Agree
2020/07/31,MI,90574,81621,8953,793,59,6450,6199,251,7,-1,8/1/2020 14:38,Agree,Agree
2020/08/01,MI,91332,82356,8976,758,23,6457,6206,251,7,0,8/2/2020 14:54,Agree,Agree
2020/08/02,MI,91761,82782,8979,429,3,6457,6206,251,0,0,8/3/2020 14:31,Agree,Agree
2020/08/03,MI,92374,83386,8988,613,9,6463,6212,251,6,0,8/4/2020 14:09,Agree,Agree
2020/08/04,MI,93175,84050,9125,801,137,6471,6219,252,8,1,8/5/2020 14:13,Agree,Agree
2020/08/05,MI,93893,84707,9186,718,61,6478,6221,257,7,5,8/6/2020 14:12,Agree,Agree
2020/08/06,MI,94656,85429,9227,763,41,6506,6247,259,28,2,8/7/2020 23:57,Agree,Agree
2020/08/07,MI,95470,86191,9279,814,52,6524,6247,277,18,18,8/8/2020 14:58,Agree,Agree
2020/08/08,MI,96191,86889,9302,721,23,6520,6250,270,-4,-7,8/9/2020 14:03,Agree,Agree
2020/08/09,MI,96726,87403,9323,535,21,6519,6249,270,-1,0,8/10/2020 14:23,Agree,Agree
2020/08/10,MI,97306,87960,9346,580,23,6526,6257,269,7,-1,8/11/2020 14:16,Agree,Agree
2020/08/11,MI,98213,88756,9457,907,111,6533,6264,269,7,0,8/12/2020 13:50,Agree,Agree
2020/08/12,MI,98689,89271,9418,476,-39,6539,6273,266,6,-3,8/13/2020 14:12,Agree,Agree
2020/08/13,MI,99856,90392,9464,1167,46,6555,6289,266,16,0,8/14/2020 14:30,Agree,Agree
2020/08/14,MI,100724,91140,9584,868,120,6566,6300,266,11,0,8/15/2020 14:02,Agree,Agree
2020/08/15,MI,101782,92155,9627,1058,43,6586,6318,268,20,2,8/16/2020 14:57,Agree,Agree
2020/08/16,MI,102259,92720,9539,477,-88,6592,6324,268,6,0,8/17/2020 14:26,Agree,Agree
2020/08/17,MI,102749,93185,9564,490,25,6592,6325,267,0,-1,8/18/2020 14:26,Agree,Agree
2020/08/18,MI,103403,93662,9741,654,177,6608,6340,268,16,1,8/19/2020 14:23,Agree,Agree
2020/08/19,MI,104091,94278,9813,688,72,6618,6349,269,10,1,8/20/2020 15:11,Agree,Agree
2020/08/20,MI,104618,94697,9921,527,108,6634,6368,266,16,-3,8/21/2020 14:27,Agree,Agree
2020/08/21,MI,104618,94697,9921,0,0,6634,6368,266,0,0,8/22/2020 14:21,Agree,Agree
2020/08/22,MI,106044,96024,10020,1426,99,6655,6389,266,21,0,8/23/2020 14:15,Agree,Agree
2020/08/23,MI,106808,96792,10016,764,-4,6659,6393,266,4,0,8/24/2020 13:54,Agree,Agree
2020/08/24,MI,107686,97660,10026,878,10,6663,6397,266,4,0,8/25/2020 14:02,Agree,Agree
2020/08/25,MI,108637,98439,10198,951,172,6684,6417,267,21,1,8/26/2020 13:51,Agree,Agree
2020/08/26,MI,109480,99200,10280,843,82,6690,6424,266,6,-1,8/27/2020 13:42,Agree,Agree
2020/08/27,MI,110343,99958,10385,863,105,6706,6440,266,16,0,8/28/2020 13:43,Agree,Agree
2020/08/28,MI,111136,100699,10437,793,52,6712,6446,266,6,0,8/29/2020 13:42,Agree,Agree
2020/08/29,MI,111975,101478,10497,839,60,6745,6467,278,33,12,8/30/2020 14:49,Agree,Agree
2020/08/30,MI,112526,102017,10509,551,12,6748,6473,275,3,-3,8/31/2020 14:05,Agree,Agree
2020/08/31,MI,113025,102468,10557,499,48,6753,6480,273,5,-2,9/1/2020 14:09,Agree,Agree
2020/09/01,MI,113820,103186,10634,795,77,6767,6495,272,14,-1,9/2/2020 13:49,Agree,Agree
2020/09/02,MI,114468,103710,10758,648,124,6781,6509,272,14,0,9/3/2020 14:18,Agree,Agree
2020/09/03,MI,115242,104395,10847,774,89,6791,6519,272,10,0,9/4/2020 13:36,Agree,Agree
2020/09/04,MI,116295,105377,10918,1053,71,6798,6526,272,7,0,9/5/2020 14:09,Agree,Agree
2020/09/05,MI,117191,106215,10976,896,58,6806,6534,272,8,0,9/6/2020 14:09,Agree,Agree
2020/09/06,MI,117191,106215,10976,0,0,6806,6534,272,0,0,9/7/2020 13:37,Agree,Agree
2020/09/07,MI,118403,107371,11032,1212,56,6810,6538,272,4,0,9/8/2020 14:47,Agree,Agree
2020/09/08,MI,118902,107812,11090,499,58,6811,6539,272,1,0,9/9/2020 13:47,Agree,Agree
2020/09/09,MI,119863,108595,11268,961,178,6887,6552,335,76,63,9/10/2020 14:02,Agree,Agree
2020/09/10,MI,120846,109519,11327,983,59,6894,6569,325,7,-10,9/11/2020 13:51,Agree,Agree
2020/09/11,MI,122251,110832,11419,1405,92,6900,6578,322,6,-3,9/12/2020 14:12,Agree,Agree
2020/09/12,MI,123058,111524,11534,807,115,6911,6591,320,11,-2,9/13/2020 16:17,Agree,Agree
2020/09/13,MI,123058,111524,11534,0,0,6911,6591,320,0,0,9/14/2020 14:01,Agree,Agree
2020/09/14,MI,124287,112612,11675,1229,141,6921,6601,320,10,0,9/15/2020 14:03,Agree,Agree
2020/09/15,MI,124969,113183,11786,682,111,6932,6612,320,11,0,9/16/2020 13:53,Agree,Agree
2020/09/16,MI,125742,113863,11879,773,93,6943,6623,320,11,0,9/17/2020 13:45,Agree,Agree
2020/09/17,MI,126722,114692,12030,980,151,6955,6632,323,12,3,9/18/2020 13:48,Agree,Agree
2020/09/18,MI,127500,115387,12113,778,83,6954,6638,316,-1,-7,9/19/2020 14:00,Agree,Agree
2020/09/19,MI,128087,115870,12217,587,104,6969,6653,316,15,0,9/20/2020 13:53,Agree,Agree
2020/09/20,MI,128087,115870,12217,0,0,6969,6653,316,0,0,9/21/2020 13:47,Agree,Agree
2020/09/21,MI,129662,117406,12256,1575,39,6981,6665,316,12,0,9/22/2020 13:51,Agree,Agree
2020/09/22,MI,130357,117910,12447,695,191,6997,6680,317,16,1,9/23/2020 13:51,Agree,Agree
2020/09/23,MI,131259,118615,12644,902,197,7013,6692,321,16,4,9/24/2020 13:54,Agree,Agree
2020/09/24,MI,132337,119597,12740,1078,96,7019,6700,319,6,-2,9/25/2020 13:54,Agree,Agree
2020/09/25,MI,133377,120526,12851,1040,111,7027,6708,319,8,0,9/26/2020 13:46,Agree,Agree
2020/01/22,CA,0,,,0,,0,,,0,,3/26/2020 16:22,Not agree,Not agree
2020/01/23,CA,0,,,0,,0,,,0,,3/26/2020 16:22,Not agree,Not agree
2020/01/24,CA,0,,,0,,0,,,0,,3/26/2020 16:22,Not agree,Not agree
2020/01/25,CA,0,,,0,,0,,,0,,3/26/2020 16:22,Not agree,Not agree
2020/01/26,CA,2,,,2,,0,,,0,,3/26/2020 16:22,Not agree,Not agree
2020/01/27,CA,2,,,0,,0,,,0,,3/26/2020 16:22,Not agree,Not agree
2020/01/28,CA,2,,,0,,0,,,0,,3/26/2020 16:22,Not agree,Not agree
2020/01/29,CA,2,,,0,,0,,,0,,3/26/2020 16:22,Not agree,Not agree
2020/01/30,CA,2,,,0,,0,,,0,,3/26/2020 16:22,Not agree,Not agree
2020/01/31,CA,3,,,1,,0,,,0,,3/26/2020 16:22,Not agree,Not agree
2020/02/01,CA,3,,,0,,0,,,0,,3/26/2020 16:22,Not agree,Not agree
2020/02/02,CA,3,,,0,,0,,,0,,3/26/2020 16:22,Not agree,Not agree
2020/02/03,CA,6,,,3,,0,,,0,,3/26/2020 16:22,Not agree,Not agree
2020/02/04,CA,6,,,0,,0,,,0,,3/26/2020 16:22,Not agree,Not agree
2020/02/05,CA,6,,,0,,0,,,0,,3/26/2020 16:22,Not agree,Not agree
2020/02/06,CA,6,,,0,,0,,,0,,3/26/2020 16:22,Not agree,Not agree
2020/02/07,CA,6,,,0,,0,,,0,,3/26/2020 16:22,Not agree,Not agree
2020/02/08,CA,6,,,0,,0,,,0,,3/26/2020 16:22,Not agree,Not agree
2020/02/09,CA,6,,,0,,0,,,0,,3/26/2020 16:22,Not agree,Not agree
2020/02/10,CA,6,,,0,,0,,,0,,3/26/2020 16:22,Not agree,Not agree
2020/02/11,CA,7,,,1,,0,,,0,,3/26/2020 16:22,Not agree,Not agree
2020/02/12,CA,7,,,0,,0,,,0,,3/26/2020 16:22,Not agree,Not agree
2020/02/13,CA,8,,,1,,0,,,0,,3/26/2020 16:22,Not agree,Not agree
2020/02/14,CA,8,,,0,,0,,,0,,3/26/2020 16:22,Not agree,Not agree
2020/02/15,CA,8,,,0,,0,,,0,,3/26/2020 16:22,Not agree,Not agree
2020/02/16,CA,8,,,0,,0,,,0,,3/26/2020 16:22,Not agree,Not agree
2020/02/17,CA,8,,,0,,0,,,0,,3/26/2020 16:22,Not agree,Not agree
2020/02/18,CA,8,,,0,,0,,,0,,3/26/2020 16:22,Not agree,Not agree
2020/02/19,CA,8,,,0,,0,,,0,,3/26/2020 16:22,Not agree,Not agree
2020/02/20,CA,8,,,0,,0,,,0,,3/26/2020 16:22,Not agree,Not agree
2020/02/21,CA,10,,,2,,0,,,0,,3/26/2020 16:22,Not agree,Not agree
2020/02/22,CA,10,,,0,,0,,,0,,3/26/2020 16:22,Not agree,Not agree
2020/02/23,CA,10,,,0,,0,,,0,,3/26/2020 16:22,Not agree,Not agree
2020/02/24,CA,10,,,0,,0,,,0,,3/26/2020 16:22,Not agree,Not agree
2020/02/25,CA,10,,,0,,0,,,0,,3/26/2020 16:22,Not agree,Not agree
2020/02/26,CA,10,,,0,,0,,,0,,3/26/2020 16:22,Not agree,Not agree
2020/02/27,CA,11,,,1,,0,,,0,,3/26/2020 16:22,Not agree,Not agree
2020/02/28,CA,11,,,0,,0,,,0,,3/26/2020 16:22,Not agree,Not agree
2020/02/29,CA,12,,,1,,0,,,0,,3/26/2020 16:22,Not agree,Not agree
2020/03/01,CA,12,,,0,,0,,,0,,3/26/2020 16:22,Not agree,Not agree
2020/03/02,CA,21,,,9,,0,,,0,,3/26/2020 16:22,Not agree,Not agree
2020/03/03,CA,29,,,8,,0,,,0,,3/26/2020 16:22,Not agree,Not agree
2020/03/04,CA,36,,,7,,0,,,0,,3/26/2020 16:22,Not agree,Not agree
2020/03/05,CA,45,,,9,,1,,,1,,3/26/2020 16:22,Not agree,Not agree
2020/03/06,CA,56,,,11,,1,,,0,,3/26/2020 16:22,Not agree,Not agree
2020/03/07,CA,56,,,0,,1,,,0,,3/26/2020 16:22,Not agree,Not agree
2020/03/08,CA,110,,,54,,1,,,0,,3/26/2020 16:22,Not agree,Not agree
2020/03/09,CA,135,,,25,,2,,,1,,3/26/2020 16:22,Not agree,Not agree
2020/03/10,CA,152,,,17,,2,,,0,,3/26/2020 16:22,Not agree,Not agree
2020/03/11,CA,175,,,23,,3,,,1,,3/26/2020 16:22,Not agree,Not agree
2020/03/12,CA,224,,,49,,4,,,1,,3/26/2020 16:22,Not agree,Not agree
2020/03/13,CA,264,,,40,,4,,,0,,3/26/2020 16:22,Not agree,Not agree
2020/03/14,CA,311,,,47,,4,,,0,,3/26/2020 16:22,Not agree,Not agree
2020/03/15,CA,369,,,58,,5,,,1,,3/26/2020 16:22,Not agree,Not agree
2020/03/16,CA,447,,,78,,7,,,2,,3/26/2020 16:22,Not agree,Not agree
2020/03/17,CA,596,,,149,,10,,,3,,3/26/2020 16:22,Not agree,Not agree
2020/03/18,CA,652,,,56,,14,,,4,,3/26/2020 16:22,Not agree,Not agree
2020/03/19,CA,982,,,330,,18,,,4,,3/26/2020 16:22,Not agree,Not agree
2020/03/20,CA,1304,,,322,,24,,,6,,3/26/2020 16:22,Not agree,Not agree
2020/03/21,CA,1534,,,230,,27,,,3,,3/26/2020 16:22,Not agree,Not agree
2020/03/22,CA,1709,,,175,,32,,,5,,3/26/2020 16:22,Not agree,Not agree
2020/03/23,CA,1931,,,222,,35,,,3,,3/26/2020 16:22,Not agree,Not agree
2020/03/24,CA,2511,,,580,,44,,,9,,3/26/2020 16:22,Not agree,Not agree
2020/03/25,CA,2982,,,471,,57,,,13,,3/26/2020 16:22,Not agree,Not agree
2020/03/26,CA,3777,,,795,,64,,,7,,3/26/2020 16:22,Not agree,Not agree
2020/03/27,CA,4730,,,953,,107,,,43,,3/26/2020 16:22,Not agree,Not agree
2020/03/28,CA,5259,,,529,,119,,,12,,3/28/2020 16:22,Not agree,Not agree
2020/03/29,CA,5739,,,480,,137,,,18,,3/28/2020 16:22,Not agree,Not agree
2020/03/30,CA,6909,,,1170,,151,,,14,,3/29/2020 16:22,Not agree,Not agree
2020/03/31,CA,8131,,,1222,,172,,,21,,3/30/2020 16:22,Not agree,Not agree
2020/04/01,CA,8155,,,24,,172,,,0,,3/31/2020 16:22,Not agree,Not agree
2020/04/02,CA,9191,,,1036,,203,,,31,,4/1/2020 16:22,Not agree,Not agree
2020/04/03,CA,12024,,,2833,,270,,,67,,4/3/2020 16:22,Not agree,Not agree
2020/04/04,CA,12026,,,2,,276,,,6,,4/3/2020 16:22,Not agree,Not agree
2020/04/05,CA,13438,,,1412,,319,,,43,,4/4/2020 16:22,Not agree,Not agree
2020/04/06,CA,14336,,,898,,343,,,24,,4/5/2020 16:22,Not agree,Not agree
2020/04/07,CA,15865,,,1529,,374,,,31,,4/7/2020 16:22,Not agree,Not agree
2020/04/08,CA,16957,,,1092,,442,,,68,,4/7/2020 16:22,Not agree,Not agree
2020/04/09,CA,18309,,,1352,,492,,,50,,4/8/2020 16:22,Not agree,Not agree
2020/04/10,CA,19472,,,1163,,541,,,49,,4/9/2020 16:22,Not agree,Not agree
2020/04/11,CA,20615,,,1143,,609,,,68,,4/10/2020 16:22,Not agree,Not agree
2020/04/12,CA,21794,,,1179,,651,,,42,,4/11/2020 16:22,Not agree,Not agree
2020/04/13,CA,22348,,,554,,687,,,36,,4/12/2020 16:22,Not agree,Not agree
2020/04/14,CA,23338,,,990,,758,,,71,,4/13/2020 16:22,Not agree,Not agree
2020/04/15,CA,24424,,,1086,,821,,,63,,4/15/2020 16:22,Not agree,Not agree
2020/04/16,CA,26182,,,1758,,890,,,69,,4/16/2020 16:22,Not agree,Not agree
2020/04/17,CA,27528,,,1346,,985,,,95,,4/17/2020 16:22,Not agree,Not agree
2020/04/18,CA,28963,,,1435,,1072,,,87,,4/18/2020 16:22,Not agree,Not agree
2020/04/19,CA,28963,,,0,0,1072,,,0,0,4/19/2020 16:22,Not agree,Not agree
2020/04/20,CA,30978,,,2015,,1208,,,136,,4/20/2020 16:22,Not agree,Not agree
2020/04/21,CA,33261,,,2283,0,1268,,,60,0,4/21/2020 16:22,Not agree,Not agree
2020/04/22,CA,35396,,,2135,0,1354,,,86,0,4/22/2020 16:22,Not agree,Not agree
2020/04/23,CA,37369,,,1973,0,1469,,,115,0,5/25/2020 15:38,Not agree,Not agree
2020/04/24,CA,39254,,,1885,0,1562,,,93,0,5/25/2020 15:38,Not agree,Not agree
2020/04/25,CA,41137,,,1883,0,1651,,,89,0,5/25/2020 15:38,Not agree,Not agree
2020/04/26,CA,42164,,,1027,0,1710,,,59,0,5/25/2020 15:38,Not agree,Not agree
2020/04/27,CA,43464,,,1300,0,1755,,,45,0,5/25/2020 15:38,Not agree,Not agree
2020/04/28,CA,45031,,,1567,0,1809,,,54,0,4/29/2020 18:12,Not agree,Not agree
2020/04/29,CA,46500,,,1469,0,1887,,,78,0,4/30/2020 16:07,Not agree,Not agree
2020/04/30,CA,48917,,,2417,0,1982,,,95,0,5/1/2020 21:00,Not agree,Not agree
2020/05/01,CA,50442,,,1525,0,2073,,,91,0,5/2/2020 15:47,Not agree,Not agree
2020/05/02,CA,52197,,,1755,0,2171,,,98,0,5/3/2020 15:36,Not agree,Not agree
2020/05/03,CA,53616,,,1419,0,2215,,,44,0,5/4/2020 22:49,Not agree,Not agree
2020/05/04,CA,54937,,,1321,0,2254,,,39,0,5/5/2020 17:25,Not agree,Not agree
2020/05/05,CA,56212,,,1275,0,2317,,,63,0,5/6/2020 16:23,Not agree,Not agree
2020/05/06,CA,58815,,,2603,0,2412,,,95,0,5/7/2020 22:59,Not agree,Not agree
2020/05/07,CA,60614,,,1799,0,2504,,,92,0,5/8/2020 21:26,Not agree,Not agree
2020/05/08,CA,62512,,,1898,0,2585,,,81,0,5/9/2020 21:26,Not agree,Not agree
2020/05/09,CA,64561,,,2049,0,2678,,,93,0,5/10/2020 21:26,Not agree,Not agree
2020/05/10,CA,66680,,,2119,0,2745,,,67,0,5/11/2020 21:26,Not agree,Not agree
2020/05/11,CA,67939,,,1259,0,2770,,,25,0,5/12/2020 17:26,Not agree,Not agree
2020/05/12,CA,69382,,,1443,0,2847,,,77,0,5/13/2020 15:26,Not agree,Not agree
2020/05/13,CA,71141,,,1759,0,2934,,,87,0,5/14/2020 17:25,Not agree,Not agree
2020/05/14,CA,73164,,,2023,0,3032,,,98,0,5/15/2020 16:11,Not agree,Not agree
2020/05/15,CA,74936,,,1772,0,3108,,,76,0,5/16/2020 15:46,Not agree,Not agree
2020/05/16,CA,76793,,,1857,0,3204,,,96,0,5/17/2020 15:27,Not agree,Not agree
2020/05/17,CA,78839,,,2046,0,3261,,,57,0,5/18/2020 16:01,Not agree,Not agree
2020/05/18,CA,80430,,,1591,0,3302,,,41,0,5/19/2020 15:45,Not agree,Not agree
2020/05/19,CA,81795,,,1365,0,3334,,,32,0,5/20/2020 15:28,Not agree,Not agree
2020/05/20,CA,84057,,,2262,0,3436,,,102,0,5/21/2020 15:41,Not agree,Not agree
2020/05/21,CA,86197,,,2140,0,3542,,,106,0,5/22/2020 15:31,Not agree,Not agree
2020/05/22,CA,88444,,,2247,0,3630,,,88,0,5/23/2020 17:58,Not agree,Not agree
2020/05/23,CA,90631,,,2187,0,3708,,,78,0,5/24/2020 14:15,Not agree,Not agree
2020/05/24,CA,92710,,,2079,0,3774,,,66,0,5/25/2020 14:12,Not agree,Not agree
2020/05/25,CA,94558,,,1848,0,3795,,,21,0,5/26/2020 14:23,Not agree,Not agree
2020/05/26,CA,96733,,,2175,0,3814,,,19,0,5/27/2020 15:37,Not agree,Not agree
2020/05/27,CA,98980,,,2247,0,3884,,,70,0,5/28/2020 15:12,Not agree,Not agree
2020/05/28,CA,101697,,,2717,0,3973,,,89,0,5/29/2020 14:19,Not agree,Not agree
2020/05/29,CA,103886,,,2189,0,4068,,,95,0,5/30/2020 15:47,Not agree,Not agree
2020/05/30,CA,106878,,,2992,0,4156,,,88,0,5/31/2020 14:43,Not agree,Not agree
2020/05/31,CA,110583,,,3705,0,4213,,,57,0,6/1/2020 14:17,Not agree,Not agree
2020/06/01,CA,113006,,,2423,0,4251,,,38,0,6/2/2020 14:16,Not agree,Not agree
2020/06/02,CA,115310,,,2304,0,4286,,,35,0,6/3/2020 14:11,Not agree,Not agree
2020/06/03,CA,117687,,,2377,0,4361,,,75,0,6/4/2020 15:03,Not agree,Not agree
2020/06/04,CA,119807,,,2120,0,4422,,,61,0,6/5/2020 15:17,Not agree,Not agree
2020/06/05,CA,122901,,,3094,0,4485,,,63,0,6/6/2020 14:31,Not agree,Not agree
2020/06/06,CA,126016,,,3115,0,4559,,,74,0,6/7/2020 14:23,Not agree,Not agree
2020/06/07,CA,128812,,,2796,0,4626,,,67,0,6/8/2020 14:55,Not agree,Not agree
2020/06/08,CA,131319,,,2507,0,4653,,,27,0,6/9/2020 16:49,Not agree,Not agree
2020/06/09,CA,133489,,,2170,0,4697,,,44,0,6/10/2020 20:56,Not agree,Not agree
2020/06/10,CA,136191,,,2702,0,4776,,,79,0,6/11/2020 14:48,Not agree,Not agree
2020/06/11,CA,139281,,,3090,0,4881,,,105,0,6/12/2020 14:17,Not agree,Not agree
2020/06/12,CA,141983,,,2702,0,4943,,,62,0,6/13/2020 17:46,Not agree,Not agree
2020/06/13,CA,145643,,,3660,0,4989,,,46,0,6/14/2020 14:19,Not agree,Not agree
2020/06/14,CA,148855,,,3212,0,5063,,,74,0,6/15/2020 14:33,Not agree,Not agree
2020/06/15,CA,151452,,,2597,0,5089,,,26,0,6/16/2020 14:10,Not agree,Not agree
2020/06/16,CA,153560,,,2108,0,5121,,,32,0,6/17/2020 15:06,Not agree,Not agree
2020/06/17,CA,157015,,,3455,0,5208,,,87,0,6/18/2020 17:16,Not agree,Not agree
2020/06/18,CA,161099,,,4084,0,5290,,,82,0,6/19/2020 15:01,Not agree,Not agree
2020/06/19,CA,165416,,,4317,0,5360,,,70,0,6/20/2020 14:15,Not agree,Not agree
2020/06/20,CA,169309,,,3893,0,5424,,,64,0,6/21/2020 14:32,Not agree,Not agree
2020/06/21,CA,173824,,,4515,0,5495,,,71,0,6/22/2020 15:24,Not agree,Not agree
2020/06/22,CA,178054,,,4230,0,5515,,,20,0,6/23/2020 14:28,Not agree,Not agree
2020/06/23,CA,183073,,,5019,0,5580,,,65,0,6/24/2020 15:03,Not agree,Not agree
2020/06/24,CA,190222,,,7149,0,5632,,,52,0,6/25/2020 14:07,Not agree,Not agree
2020/06/25,CA,195571,,,5349,0,5733,,,101,0,6/26/2020 19:18,Not agree,Not agree
2020/06/26,CA,200461,,,4890,0,5812,,,79,0,6/27/2020 17:51,Not agree,Not agree
2020/06/27,CA,206433,,,5972,0,5872,,,60,0,6/28/2020 14:59,Not agree,Not agree
2020/06/28,CA,211243,,,4810,0,5905,,,33,0,6/29/2020 14:37,Not agree,Not agree
2020/06/29,CA,216550,,,5307,0,5936,,,31,0,6/30/2020 15:27,Not agree,Not agree
2020/06/30,CA,222917,,,6367,0,5980,,,44,0,7/1/2020 15:45,Not agree,Not agree
2020/07/01,CA,232657,,,9740,0,6090,,,110,0,7/2/2020 15:10,Not agree,Not agree
2020/07/02,CA,240195,,,7538,0,6163,,,73,0,7/3/2020 15:01,Not agree,Not agree
2020/07/03,CA,248235,,,8040,0,6263,,,100,0,7/4/2020 15:30,Not agree,Not agree
2020/07/04,CA,254745,,,6510,0,6313,,,50,0,7/5/2020 15:00,Not agree,Not agree
2020/07/05,CA,260155,,,5410,0,6331,,,18,0,7/6/2020 15:16,Not agree,Not agree
2020/07/06,CA,271684,,,11529,0,6337,,,6,0,7/7/2020 14:58,Not agree,Not agree
2020/07/07,CA,277774,,,6090,0,6488,,,151,0,7/8/2020 14:12,Not agree,Not agree
2020/07/08,CA,289468,,,11694,0,6562,,,74,0,7/9/2020 15:14,Not agree,Not agree
2020/07/09,CA,296499,,,7031,0,6711,,,149,0,7/10/2020 15:35,Not agree,Not agree
2020/07/10,CA,304297,,,7798,0,6851,,,140,0,7/11/2020 18:25,Not agree,Not agree
2020/07/11,CA,312344,,,8047,0,6945,,,94,0,7/12/2020 15:13,Not agree,Not agree
2020/07/12,CA,320804,,,8460,0,7017,,,72,0,7/13/2020 15:19,Not agree,Not agree
2020/07/13,CA,329162,,,8358,0,7040,,,23,0,7/14/2020 15:13,Not agree,Not agree
2020/07/14,CA,336508,,,7346,0,7087,,,47,0,7/15/2020 15:05,Not agree,Not agree
2020/07/15,CA,347634,,,11126,0,7227,,,140,0,7/16/2020 14:22,Not agree,Not agree
2020/07/16,CA,356178,,,8544,0,7345,,,118,0,7/17/2020 14:31,Not agree,Not agree
2020/07/17,CA,366164,,,9986,0,7475,,,130,0,7/18/2020 16:14,Not agree,Not agree
2020/07/18,CA,375363,,,9199,0,7595,,,120,0,7/19/2020 15:05,Not agree,Not agree
2020/07/19,CA,384692,,,9329,0,7685,,,90,0,7/20/2020 14:35,Not agree,Not agree
2020/07/20,CA,391538,,,6846,0,7694,,,9,0,7/21/2020 14:50,Not agree,Not agree
2020/07/21,CA,400769,,,9231,0,7755,,,61,0,7/22/2020 14:51,Not agree,Not agree
2020/07/22,CA,413576,,,12807,0,7870,,,115,0,7/23/2020 14:48,Not agree,Not agree
2020/07/23,CA,425616,,,12040,0,8027,,,157,0,7/24/2020 14:18,Not agree,Not agree
2020/07/24,CA,435334,,,9718,0,8186,,,159,0,7/25/2020 17:40,Not agree,Not agree
2020/07/25,CA,445400,,,10066,0,8337,,,151,0,7/26/2020 15:17,Not agree,Not agree
2020/07/26,CA,453659,,,8259,0,8416,,,79,0,7/27/2020 14:16,Not agree,Not agree
2020/07/27,CA,460550,,,6891,0,8445,,,29,0,7/28/2020 14:21,Not agree,Not agree
2020/07/28,CA,466550,,,6000,0,8518,,,73,0,7/29/2020 14:34,Not agree,Not agree
2020/07/29,CA,475305,,,8755,0,8715,,,197,0,7/30/2020 14:42,Not agree,Not agree
2020/07/30,CA,485502,,,10197,0,8909,,,194,0,7/31/2020 14:35,Not agree,Not agree
2020/07/31,CA,493588,,,8086,0,9005,,,96,0,8/1/2020 14:38,Not agree,Not agree
2020/08/01,CA,500130,,,6542,0,9224,,,219,0,8/2/2020 14:54,Not agree,Not agree
2020/08/02,CA,509162,,,9032,0,9356,,,132,0,8/3/2020 14:31,Not agree,Not agree
2020/08/03,CA,514901,,,5739,0,9388,,,32,0,8/4/2020 14:09,Not agree,Not agree
2020/08/04,CA,519427,,,4526,0,9501,,,113,0,8/5/2020 14:13,Not agree,Not agree
2020/08/05,CA,524722,,,5295,0,9703,,,202,0,8/6/2020 14:12,Not agree,Not agree
2020/08/06,CA,529980,,,5258,0,9869,,,166,0,8/7/2020 23:57,Not agree,Not agree
2020/08/07,CA,538416,,,8436,0,10011,,,142,0,8/8/2020 14:58,Not agree,Not agree
2020/08/08,CA,545787,,,7371,0,10189,,,178,0,8/9/2020 14:03,Not agree,Not agree
2020/08/09,CA,554160,,,8373,0,10293,,,104,0,8/10/2020 14:23,Not agree,Not agree
2020/08/10,CA,561911,,,7751,0,10359,,,66,0,8/11/2020 14:16,Not agree,Not agree
2020/08/11,CA,574411,,,12500,0,10468,,,109,0,8/12/2020 13:50,Not agree,Not agree
2020/08/12,CA,586056,,,11645,0,10648,,,180,0,8/13/2020 14:12,Not agree,Not agree
2020/08/13,CA,593141,,,7085,0,10808,,,160,0,8/14/2020 14:30,Not agree,Not agree
2020/08/14,CA,601075,,,7934,0,10996,,,188,0,8/15/2020 14:02,Not agree,Not agree
2020/08/15,CA,613689,,,12614,0,11147,,,151,0,8/16/2020 14:57,Not agree,Not agree
2020/08/16,CA,621562,,,7873,0,11224,,,77,0,8/17/2020 14:26,Not agree,Not agree
2020/08/17,CA,628031,,,6469,0,11242,,,18,0,8/18/2020 14:26,Not agree,Not agree
2020/08/18,CA,632667,,,4636,0,11342,,,100,0,8/19/2020 14:23,Not agree,Not agree
2020/08/19,CA,638831,,,6164,0,11523,,,181,0,8/20/2020 15:11,Not agree,Not agree
2020/08/20,CA,644751,,,5920,0,11686,,,163,0,8/21/2020 14:27,Not agree,Not agree
2020/08/21,CA,650336,,,5585,0,11821,,,135,0,8/22/2020 14:21,Not agree,Not agree
2020/08/22,CA,656892,,,6556,0,11988,,,167,0,8/23/2020 14:15,Not agree,Not agree
2020/08/23,CA,663669,,,6777,0,12134,,,146,0,8/24/2020 13:54,Not agree,Not agree
2020/08/24,CA,668615,,,4946,0,12152,,,18,0,8/25/2020 14:02,Not agree,Not agree
2020/08/25,CA,673095,,,4480,0,12257,,,105,0,8/26/2020 13:51,Not agree,Not agree
2020/08/26,CA,679099,,,6004,0,12407,,,150,0,8/27/2020 13:42,Not agree,Not agree
2020/08/27,CA,683529,,,4430,0,12550,,,143,0,8/28/2020 13:43,Not agree,Not agree
2020/08/28,CA,688858,,,5329,0,12690,,,140,0,8/29/2020 13:42,Not agree,Not agree
2020/08/29,CA,693839,,,4981,0,12834,,,144,0,8/30/2020 14:49,Not agree,Not agree
2020/08/30,CA,699909,,,6070,0,12905,,,71,0,8/31/2020 14:05,Not agree,Not agree
2020/08/31,CA,704085,,,4176,0,12933,,,28,0,9/1/2020 14:09,Not agree,Not agree
2020/09/01,CA,707797,,,3712,0,13018,,,85,0,9/2/2020 13:49,Not agree,Not agree
2020/09/02,CA,712052,,,4255,0,13163,,,145,0,9/3/2020 14:18,Not agree,Not agree
2020/09/03,CA,717177,,,5125,0,13327,,,164,0,9/4/2020 13:36,Not agree,Not agree
2020/09/04,CA,722283,,,5106,0,13490,,,163,0,9/5/2020 14:09,Not agree,Not agree
2020/09/05,CA,727239,,,4956,0,13643,,,153,0,9/6/2020 14:09,Not agree,Not agree
2020/09/06,CA,732144,,,4905,0,13709,,,66,0,9/7/2020 13:37,Not agree,Not agree
2020/09/07,CA,735235,,,3091,0,13726,,,17,0,9/8/2020 14:47,Not agree,Not agree
2020/09/08,CA,737911,,,2676,0,13758,,,32,0,9/9/2020 13:47,Not agree,Not agree
2020/09/09,CA,739527,,,1616,0,13841,,,83,0,9/10/2020 14:02,Not agree,Not agree
2020/09/10,CA,742865,,,3338,0,13978,,,137,0,9/11/2020 13:51,Not agree,Not agree
2020/09/11,CA,746191,,,3326,0,14089,,,111,0,9/12/2020 14:12,Not agree,Not agree
2020/09/12,CA,750298,,,4107,0,14251,,,162,0,9/13/2020 16:17,Not agree,Not agree
2020/09/13,CA,754923,,,4625,0,14329,,,78,0,9/14/2020 14:01,Not agree,Not agree
2020/09/14,CA,757778,,,2855,0,14385,,,56,0,9/15/2020 14:03,Not agree,Not agree
2020/09/15,CA,760013,,,2235,0,14451,,,66,0,9/16/2020 13:53,Not agree,Not agree
2020/09/16,CA,762963,,,2950,0,14615,,,164,0,9/17/2020 13:45,Not agree,Not agree
2020/09/17,CA,766201,,,3238,0,14721,,,106,0,9/18/2020 13:48,Not agree,Not agree
2020/09/18,CA,769831,,,3630,0,14812,,,91,0,9/19/2020 14:00,Not agree,Not agree
2020/09/19,CA,774135,,,4304,0,14912,,,100,0,9/20/2020 13:53,Not agree,Not agree
2020/09/20,CA,778400,,,4265,0,14987,,,75,0,9/21/2020 13:47,Not agree,Not agree
2020/09/21,CA,781694,,,3294,0,15018,,,31,0,9/22/2020 13:51,Not agree,Not agree
2020/09/22,CA,784324,,,2630,0,15071,,,53,0,9/23/2020 13:51,Not agree,Not agree
2020/09/23,CA,787470,,,3146,0,15204,,,133,0,9/24/2020 13:54,Not agree,Not agree
2020/09/24,CA,790640,,,3170,0,15314,,,110,0,9/25/2020 13:54,Not agree,Not agree
2020/09/25,CA,794040,,,3400,0,15398,,,84,0,9/26/2020 13:46,Not agree,Not agree
2020/01/22,MS,0,,,0,,0,,,0,,3/26/2020 16:22,Agree,Agree
2020/01/23,MS,0,,,0,,0,,,0,,3/26/2020 16:22,Agree,Agree
2020/01/24,MS,0,,,0,,0,,,0,,3/26/2020 16:22,Agree,Agree
2020/01/25,MS,0,,,0,,0,,,0,,3/26/2020 16:22,Agree,Agree
2020/01/26,MS,0,,,0,,0,,,0,,3/26/2020 16:22,Agree,Agree
2020/01/27,MS,0,,,0,,0,,,0,,3/26/2020 16:22,Agree,Agree
2020/01/28,MS,0,,,0,,0,,,0,,3/26/2020 16:22,Agree,Agree
2020/01/29,MS,0,,,0,,0,,,0,,3/26/2020 16:22,Agree,Agree
2020/01/30,MS,0,,,0,,0,,,0,,3/26/2020 16:22,Agree,Agree
2020/01/31,MS,0,,,0,,0,,,0,,3/26/2020 16:22,Agree,Agree
2020/02/01,MS,0,,,0,,0,,,0,,3/26/2020 16:22,Agree,Agree
2020/02/02,MS,0,,,0,,0,,,0,,3/26/2020 16:22,Agree,Agree
2020/02/03,MS,0,,,0,,0,,,0,,3/26/2020 16:22,Agree,Agree
2020/02/04,MS,0,,,0,,0,,,0,,3/26/2020 16:22,Agree,Agree
2020/02/05,MS,0,,,0,,0,,,0,,3/26/2020 16:22,Agree,Agree
2020/02/06,MS,0,,,0,,0,,,0,,3/26/2020 16:22,Agree,Agree
2020/02/07,MS,0,,,0,,0,,,0,,3/26/2020 16:22,Agree,Agree
2020/02/08,MS,0,,,0,,0,,,0,,3/26/2020 16:22,Agree,Agree
2020/02/09,MS,0,,,0,,0,,,0,,3/26/2020 16:22,Agree,Agree
2020/02/10,MS,0,,,0,,0,,,0,,3/26/2020 16:22,Agree,Agree
2020/02/11,MS,0,,,0,,0,,,0,,3/26/2020 16:22,Agree,Agree
2020/02/12,MS,0,,,0,,0,,,0,,3/26/2020 16:22,Agree,Agree
2020/02/13,MS,0,,,0,,0,,,0,,3/26/2020 16:22,Agree,Agree
2020/02/14,MS,0,,,0,,0,,,0,,3/26/2020 16:22,Agree,Agree
2020/02/15,MS,0,,,0,,0,,,0,,3/26/2020 16:22,Agree,Agree
2020/02/16,MS,0,,,0,,0,,,0,,3/26/2020 16:22,Agree,Agree
2020/02/17,MS,0,,,0,,0,,,0,,3/26/2020 16:22,Agree,Agree
2020/02/18,MS,0,,,0,,0,,,0,,3/26/2020 16:22,Agree,Agree
2020/02/19,MS,0,,,0,,0,,,0,,3/26/2020 16:22,Agree,Agree
2020/02/20,MS,0,,,0,,0,,,0,,3/26/2020 16:22,Agree,Agree
2020/02/21,MS,0,,,0,,0,,,0,,3/26/2020 16:22,Agree,Agree
2020/02/22,MS,0,,,0,,0,,,0,,3/26/2020 16:22,Agree,Agree
2020/02/23,MS,0,,,0,,0,,,0,,3/26/2020 16:22,Agree,Agree
2020/02/24,MS,0,,,0,,0,,,0,,3/26/2020 16:22,Agree,Agree
2020/02/25,MS,0,,,0,,0,,,0,,3/26/2020 16:22,Agree,Agree
2020/02/26,MS,0,,,0,,0,,,0,,3/26/2020 16:22,Agree,Agree
2020/02/27,MS,0,,,0,,0,,,0,,3/26/2020 16:22,Agree,Agree
2020/02/28,MS,0,,,0,,0,,,0,,3/26/2020 16:22,Agree,Agree
2020/02/29,MS,0,,,0,,0,,,0,,3/26/2020 16:22,Agree,Agree
2020/03/01,MS,0,,,0,,0,,,0,,3/26/2020 16:22,Agree,Agree
2020/03/02,MS,0,,,0,,0,,,0,,3/26/2020 16:22,Agree,Agree
2020/03/03,MS,0,,,0,,0,,,0,,3/26/2020 16:22,Agree,Agree
2020/03/04,MS,0,,,0,,0,,,0,,3/26/2020 16:22,Agree,Agree
2020/03/05,MS,0,,,0,,0,,,0,,3/26/2020 16:22,Agree,Agree
2020/03/06,MS,0,,,0,,0,,,0,,3/26/2020 16:22,Agree,Agree
2020/03/07,MS,0,,,0,,0,,,0,,3/26/2020 16:22,Agree,Agree
2020/03/08,MS,0,,,0,,0,,,0,,3/26/2020 16:22,Agree,Agree
2020/03/09,MS,0,,,0,,0,,,0,,3/26/2020 16:22,Agree,Agree
2020/03/10,MS,0,,,0,,0,,,0,,3/26/2020 16:22,Agree,Agree
2020/03/11,MS,0,,,0,,0,,,0,,3/26/2020 16:22,Agree,Agree
2020/03/12,MS,1,,,1,,0,,,0,,3/26/2020 16:22,Agree,Agree
2020/03/13,MS,1,,,0,,0,,,0,,3/26/2020 16:22,Agree,Agree
2020/03/14,MS,6,,,5,,0,,,0,,3/26/2020 16:22,Agree,Agree
2020/03/15,MS,10,,,4,,0,,,0,,3/26/2020 16:22,Agree,Agree
2020/03/16,MS,12,,,2,,0,,,0,,3/26/2020 16:22,Agree,Agree
2020/03/17,MS,34,,,22,,0,,,0,,3/26/2020 16:22,Agree,Agree
2020/03/18,MS,50,,,16,,0,,,0,,3/26/2020 16:22,Agree,Agree
2020/03/19,MS,80,,,30,,1,,,1,,3/26/2020 16:22,Agree,Agree
2020/03/20,MS,80,,,0,,1,,,0,,3/26/2020 16:22,Agree,Agree
2020/03/21,MS,140,,,60,,1,,,0,,3/26/2020 16:22,Agree,Agree
2020/03/22,MS,249,,,109,,1,,,0,,3/26/2020 16:22,Agree,Agree
2020/03/23,MS,320,,,71,,1,,,0,,3/26/2020 16:22,Agree,Agree
2020/03/24,MS,377,,,57,,2,,,1,,3/26/2020 16:22,Agree,Agree
2020/03/25,MS,485,,,108,,5,,,3,,3/26/2020 16:22,Agree,Agree
2020/03/26,MS,579,,,94,,7,,,2,,3/26/2020 16:22,Agree,Agree
2020/03/27,MS,579,,,0,,8,,,1,,3/26/2020 16:22,Agree,Agree
2020/03/28,MS,663,,,84,,13,,,5,,3/28/2020 16:22,Agree,Agree
2020/03/29,MS,847,,,184,,16,,,3,,3/28/2020 16:22,Agree,Agree
2020/03/30,MS,937,,,90,,20,,,4,,3/29/2020 16:22,Agree,Agree
2020/03/31,MS,1073,,,136,,22,,,2,,3/30/2020 16:22,Agree,Agree
2020/04/01,MS,1177,,,104,,26,,,4,,3/31/2020 16:22,Agree,Agree
2020/04/02,MS,1358,,,181,,29,,,3,,4/1/2020 16:22,Agree,Agree
2020/04/03,MS,1358,,,0,,29,,,0,,4/3/2020 16:22,Agree,Agree
2020/04/04,MS,1455,,,97,,35,,,6,,4/3/2020 16:22,Agree,Agree
2020/04/05,MS,1738,,,283,,51,,,16,,4/4/2020 16:22,Agree,Agree
2020/04/06,MS,1915,,,177,,59,,,8,,4/5/2020 16:22,Agree,Agree
2020/04/07,MS,2003,,,88,,67,,,8,,4/7/2020 16:22,Agree,Agree
2020/04/08,MS,2260,,,257,,76,,,9,,4/7/2020 16:22,Agree,Agree
2020/04/09,MS,2469,,,209,,82,,,6,,4/8/2020 16:22,Agree,Agree
2020/04/10,MS,2469,,,0,,82,,,0,,4/9/2020 16:22,Agree,Agree
2020/04/11,MS,2642,,,173,,93,,,11,,4/10/2020 16:22,Agree,Agree
2020/04/12,MS,2942,,,300,,98,,,5,,4/11/2020 16:22,Agree,Agree
2020/04/13,MS,3087,,,145,,111,,,13,,4/12/2020 16:22,Agree,Agree
2020/04/14,MS,3360,,,273,,122,,,11,,4/13/2020 16:22,Agree,Agree
2020/04/15,MS,3624,,,264,,129,,,7,,4/15/2020 16:22,Agree,Agree
2020/04/16,MS,3793,,,169,,140,,,11,,4/16/2020 16:22,Agree,Agree
2020/04/17,MS,3793,,,0,,140,,,0,,4/17/2020 16:22,Agree,Agree
2020/04/18,MS,3974,,,181,,152,,,12,,4/18/2020 16:22,Agree,Agree
2020/04/19,MS,4512,4512,0,538,0,169,169,0,17,0,4/19/2020 16:22,Agree,Agree
2020/04/20,MS,4716,4716,0,204,0,183,183,0,14,0,4/20/2020 16:22,Agree,Agree
2020/04/21,MS,4716,4716,0,0,0,183,183,0,0,0,4/21/2020 16:22,Agree,Agree
2020/04/22,MS,5153,5153,0,437,0,201,201,0,18,0,4/22/2020 16:22,Agree,Agree
2020/04/23,MS,5434,5434,0,281,0,209,209,0,8,0,5/25/2020 15:38,Agree,Agree
2020/04/24,MS,5434,5434,0,0,0,209,209,0,0,0,5/25/2020 15:38,Agree,Agree
2020/04/25,MS,5718,5718,0,284,0,221,221,0,12,0,5/25/2020 15:38,Agree,Agree
2020/04/26,MS,6094,6094,0,376,0,229,229,0,8,0,5/25/2020 15:38,Agree,Agree
2020/04/27,MS,6342,6342,0,248,0,239,239,0,10,0,5/25/2020 15:38,Agree,Agree
2020/04/28,MS,6569,6569,0,227,0,250,250,0,11,0,4/29/2020 18:12,Agree,Agree
2020/04/29,MS,6569,6569,0,0,0,250,250,0,0,0,4/30/2020 16:07,Agree,Agree
2020/04/30,MS,7212,7212,0,643,0,282,282,0,32,0,5/1/2020 21:00,Agree,Agree
2020/05/01,MS,7212,7212,0,0,0,281,281,0,-1,0,5/2/2020 15:47,Agree,Agree
2020/05/02,MS,7441,7441,0,229,0,291,291,0,10,0,5/3/2020 15:36,Agree,Agree
2020/05/03,MS,7877,7877,0,436,0,310,310,0,19,0,5/4/2020 22:49,Agree,Agree
2020/05/04,MS,8207,8207,0,330,0,342,342,0,32,0,5/5/2020 17:25,Agree,Agree
2020/05/05,MS,8422,8401,21,215,21,374,374,0,32,0,5/6/2020 16:23,Agree,Agree
2020/05/06,MS,8424,8424,0,2,-21,374,374,0,0,0,5/7/2020 22:59,Agree,Agree
2020/05/07,MS,9090,9090,0,666,0,409,409,0,35,0,5/8/2020 21:26,Agree,Agree
2020/05/08,MS,9378,9378,0,288,0,422,422,0,13,0,5/9/2020 21:26,Agree,Agree
2020/05/09,MS,9501,9501,0,123,0,430,430,0,8,0,5/10/2020 21:26,Agree,Agree
2020/05/10,MS,9674,9674,0,173,0,435,435,0,5,0,5/11/2020 21:26,Agree,Agree
2020/05/11,MS,9908,9908,0,234,0,457,457,0,22,0,5/12/2020 17:26,Agree,Agree
2020/05/12,MS,10093,10093,0,185,0,466,466,0,9,0,5/13/2020 15:26,Agree,Agree
2020/05/13,MS,10483,10483,0,390,0,480,480,0,14,0,5/14/2020 17:25,Agree,Agree
2020/05/14,MS,10801,10801,0,318,0,493,493,0,13,0,5/15/2020 16:11,Agree,Agree
2020/05/15,MS,11123,11123,0,322,0,511,511,0,18,0,5/16/2020 15:46,Agree,Agree
2020/05/16,MS,11296,11296,0,173,0,521,521,0,10,0,5/17/2020 15:27,Agree,Agree
2020/05/17,MS,11432,11432,0,136,0,528,528,0,7,0,5/18/2020 16:01,Agree,Agree
2020/05/18,MS,11704,11704,0,272,0,555,555,0,27,0,5/19/2020 15:45,Agree,Agree
2020/05/19,MS,11967,11967,0,263,0,570,570,0,15,0,5/20/2020 15:28,Agree,Agree
2020/05/20,MS,12222,12222,0,255,0,580,580,0,10,0,5/21/2020 15:41,Agree,Agree
2020/05/21,MS,12624,12624,0,402,0,595,595,0,15,0,5/22/2020 15:31,Agree,Agree
2020/05/22,MS,13005,13005,0,381,0,615,615,0,20,0,5/23/2020 17:58,Agree,Agree
2020/05/23,MS,13252,13160,92,247,92,625,625,0,10,0,5/24/2020 14:15,Agree,Agree
2020/05/24,MS,13458,13363,95,206,3,635,624,11,10,11,5/25/2020 14:12,Agree,Agree
2020/05/25,MS,13731,13637,94,273,-1,652,641,11,17,0,5/26/2020 14:23,Agree,Agree
2020/05/26,MS,14044,13945,99,313,5,671,660,11,19,0,5/27/2020 15:37,Agree,Agree
2020/05/27,MS,14372,14271,101,328,2,692,681,11,21,0,5/28/2020 15:12,Agree,Agree
2020/05/28,MS,14790,14685,105,418,4,710,696,14,18,3,5/29/2020 14:19,Agree,Agree
2020/05/29,MS,15230,15123,107,440,2,723,708,15,13,1,5/30/2020 15:47,Agree,Agree
2020/05/30,MS,15501,15394,107,271,0,734,719,15,11,0,5/31/2020 14:43,Agree,Agree
2020/05/31,MS,15752,15643,109,251,2,739,724,15,5,0,6/1/2020 14:17,Agree,Agree
2020/06/01,MS,16021,15911,110,269,1,768,753,15,29,0,6/2/2020 14:16,Agree,Agree
2020/06/02,MS,16322,16211,111,301,1,782,767,15,14,0,6/3/2020 14:11,Agree,Agree
2020/06/03,MS,16560,16447,113,238,2,794,778,16,12,1,6/4/2020 15:03,Agree,Agree
2020/06/04,MS,16560,16447,113,0,0,794,778,16,0,0,6/5/2020 15:17,Agree,Agree
2020/06/05,MS,16769,16654,115,209,2,803,787,16,9,0,6/6/2020 14:31,Agree,Agree
2020/06/06,MS,17270,17148,122,501,7,817,801,16,14,0,6/7/2020 14:23,Agree,Agree
2020/06/07,MS,17768,17645,123,498,1,837,821,16,20,0,6/8/2020 14:55,Agree,Agree
2020/06/08,MS,17768,17645,123,0,0,837,821,16,0,0,6/9/2020 16:49,Agree,Agree
2020/06/09,MS,18483,18351,132,715,9,868,851,17,31,1,6/10/2020 20:56,Agree,Agree
2020/06/10,MS,18483,18351,132,0,0,868,851,17,0,0,6/11/2020 14:48,Agree,Agree
2020/06/11,MS,18483,18351,132,0,0,868,851,17,0,0,6/12/2020 14:17,Agree,Agree
2020/06/12,MS,19348,19216,132,865,0,889,873,16,21,-1,6/13/2020 17:46,Agree,Agree
2020/06/13,MS,19348,19216,132,0,0,889,873,16,0,0,6/14/2020 14:19,Agree,Agree
2020/06/14,MS,19799,19664,135,451,3,895,879,16,6,0,6/15/2020 14:33,Agree,Agree
2020/06/15,MS,20152,20013,139,353,4,915,899,16,20,0,6/16/2020 14:10,Agree,Agree
2020/06/16,MS,20641,20500,141,489,2,939,923,16,24,0,6/17/2020 15:06,Agree,Agree
2020/06/17,MS,20641,20500,141,0,0,938,922,16,-1,0,6/18/2020 17:16,Agree,Agree
2020/06/18,MS,20641,20500,141,0,0,938,922,16,0,0,6/19/2020 15:01,Agree,Agree
2020/06/19,MS,20641,20500,141,0,0,938,922,16,0,0,6/20/2020 14:15,Agree,Agree
2020/06/20,MS,20641,20500,141,0,0,938,922,16,0,0,6/21/2020 14:32,Agree,Agree
2020/06/21,MS,20641,20500,141,0,0,938,922,16,0,0,6/22/2020 15:24,Agree,Agree
2020/06/22,MS,22287,22136,151,1646,10,978,961,17,40,1,6/23/2020 14:28,Agree,Agree
2020/06/23,MS,22898,22745,153,611,2,989,972,17,11,0,6/24/2020 15:03,Agree,Agree
2020/06/24,MS,23424,23268,156,526,3,1011,994,17,22,0,6/25/2020 14:07,Agree,Agree
2020/06/25,MS,24516,24358,158,1092,2,1016,999,17,5,0,6/26/2020 19:18,Agree,Agree
2020/06/26,MS,25531,25368,163,1015,5,1035,1018,17,19,0,6/27/2020 17:51,Agree,Agree
2020/06/27,MS,25892,25724,168,361,5,1039,1022,17,4,0,6/28/2020 14:59,Agree,Agree
2020/06/28,MS,26567,26400,167,675,-1,1059,1042,17,20,0,6/29/2020 14:37,Agree,Agree
2020/06/29,MS,27247,27067,180,680,13,1073,1056,17,14,0,6/30/2020 15:27,Agree,Agree
2020/06/30,MS,27900,27710,190,653,10,1082,1064,18,9,1,7/1/2020 15:45,Agree,Agree
2020/07/01,MS,28770,28573,197,870,7,1092,1074,18,10,0,7/2/2020 15:10,Agree,Agree
2020/07/02,MS,28770,28573,197,0,0,1092,1074,18,0,0,7/3/2020 15:01,Agree,Agree
2020/07/03,MS,30674,30458,216,1904,19,1107,1089,18,15,0,7/4/2020 15:30,Agree,Agree
2020/07/04,MS,30900,30671,229,226,13,1111,1093,18,4,0,7/5/2020 15:00,Agree,Agree
2020/07/05,MS,31257,31028,229,357,0,1114,1096,18,3,0,7/6/2020 15:16,Agree,Agree
2020/07/06,MS,31257,31028,229,0,0,1114,1096,18,0,0,7/7/2020 14:58,Agree,Agree
2020/07/07,MS,32214,31966,248,957,19,1158,1139,19,44,1,7/8/2020 14:12,Agree,Agree
2020/07/08,MS,33591,33309,282,1377,34,1204,1184,20,46,1,7/9/2020 15:14,Agree,Agree
2020/07/09,MS,34622,34321,301,1031,19,1215,1195,20,11,0,7/10/2020 15:35,Agree,Agree
2020/07/10,MS,34622,34321,301,0,0,1215,1195,20,0,0,7/11/2020 18:25,Agree,Agree
2020/07/11,MS,36287,35961,326,1665,25,1249,1227,22,34,2,7/12/2020 15:13,Agree,Agree
2020/07/12,MS,36680,36354,326,393,0,1250,1228,22,1,0,7/13/2020 15:19,Agree,Agree
2020/07/13,MS,37542,37198,344,862,18,1273,1250,23,23,1,7/14/2020 15:13,Agree,Agree
2020/07/14,MS,37542,37198,344,0,0,1272,1249,23,-1,0,7/15/2020 15:05,Agree,Agree
2020/07/15,MS,39798,39385,413,2256,69,1308,1283,25,36,2,7/16/2020 14:22,Agree,Agree
2020/07/16,MS,40828,40357,471,1030,58,1333,1305,28,25,3,7/17/2020 14:31,Agree,Agree
2020/07/17,MS,40829,40358,471,1,0,1332,1303,29,-1,1,7/18/2020 16:14,Agree,Agree
2020/07/18,MS,42639,42131,508,1810,37,1357,1326,31,25,2,7/19/2020 15:05,Agree,Agree
2020/07/19,MS,43889,43380,509,1250,1,1358,1327,31,1,0,7/20/2020 14:35,Agree,Agree
2020/07/20,MS,45524,44999,525,1635,16,1389,1358,31,31,0,7/21/2020 14:50,Agree,Agree
2020/07/21,MS,47071,46515,556,1547,31,1423,1390,33,34,2,7/22/2020 14:51,Agree,Agree
2020/07/22,MS,48053,47468,585,982,29,1436,1401,35,13,2,7/23/2020 14:48,Agree,Agree
2020/07/23,MS,49663,49050,613,1610,28,1463,1428,35,27,0,7/24/2020 14:18,Agree,Agree
2020/07/24,MS,51097,50444,653,1434,40,1480,1443,37,17,2,7/25/2020 17:40,Agree,Agree
2020/07/25,MS,52304,51639,665,1207,12,1495,1458,37,15,0,7/26/2020 15:17,Agree,Agree
2020/07/26,MS,52304,51639,665,0,0,1495,1458,37,0,0,7/27/2020 14:16,Agree,Agree
2020/07/27,MS,52957,52286,671,653,6,1501,1464,37,6,0,7/28/2020 14:21,Agree,Agree
2020/07/28,MS,55804,55046,758,2847,87,1563,1524,39,62,2,7/29/2020 14:34,Agree,Agree
2020/07/29,MS,57579,56770,809,1775,51,1611,1570,41,48,2,7/30/2020 14:42,Agree,Agree
2020/07/30,MS,57579,56770,809,0,0,1611,1570,41,0,0,7/31/2020 14:35,Agree,Agree
2020/07/31,MS,59881,59002,879,2302,70,1693,1648,45,82,4,8/1/2020 14:38,Agree,Agree
2020/08/01,MS,59881,59002,879,0,0,1693,1648,45,0,0,8/2/2020 14:54,Agree,Agree
2020/08/02,MS,61125,60147,978,1244,99,1711,1664,47,18,2,8/3/2020 14:31,Agree,Agree
2020/08/03,MS,62199,61186,1013,1074,35,1753,1705,48,42,1,8/4/2020 14:09,Agree,Agree
2020/08/04,MS,62199,61186,1013,0,0,1753,1705,48,0,0,8/5/2020 14:13,Agree,Agree
2020/08/05,MS,63444,62384,1060,1245,47,1804,1754,50,51,2,8/6/2020 14:12,Agree,Agree
2020/08/06,MS,64400,63302,1098,956,38,1825,1772,53,21,3,8/7/2020 23:57,Agree,Agree
2020/08/07,MS,66646,65442,1204,2246,106,1874,1812,62,49,9,8/8/2020 14:58,Agree,Agree
2020/08/08,MS,66646,65442,1204,0,0,1874,1812,62,0,0,8/9/2020 14:03,Agree,Agree
2020/08/09,MS,67173,65906,1267,527,63,1896,1832,64,22,2,8/10/2020 14:23,Agree,Agree
2020/08/10,MS,67649,66334,1315,476,48,1912,1847,65,16,1,8/11/2020 14:16,Agree,Agree
2020/08/11,MS,68293,66939,1354,644,39,1944,1879,65,32,0,8/12/2020 13:50,Agree,Agree
2020/08/12,MS,69374,67913,1461,1081,107,1989,1922,67,45,2,8/13/2020 14:12,Agree,Agree
2020/08/13,MS,69986,68430,1556,612,95,2011,1942,69,22,2,8/14/2020 14:30,Agree,Agree
2020/08/14,MS,70930,69268,1662,944,106,2043,1965,78,32,9,8/15/2020 14:02,Agree,Agree
2020/08/15,MS,71755,70047,1708,825,46,2080,2000,80,37,2,8/16/2020 14:57,Agree,Agree
2020/08/16,MS,72136,70350,1786,381,78,2084,2004,80,4,0,8/17/2020 14:26,Agree,Agree
2020/08/17,MS,73207,71254,1953,1071,167,2128,2046,82,44,2,8/18/2020 14:26,Agree,Agree
2020/08/18,MS,73207,71254,1953,0,0,2128,2046,82,0,0,8/19/2020 14:23,Agree,Agree
2020/08/19,MS,75449,73085,2364,2242,411,2190,2100,90,62,8,8/20/2020 15:11,Agree,Agree
2020/08/20,MS,75449,73085,2364,0,0,2190,2100,90,0,0,8/21/2020 14:27,Agree,Agree
2020/08/21,MS,77268,74620,2648,1819,284,2237,2136,101,47,11,8/22/2020 14:21,Agree,Agree
2020/08/22,MS,77894,75176,2718,626,70,2240,2139,101,3,0,8/23/2020 14:15,Agree,Agree
2020/08/23,MS,78405,75571,2834,511,116,2248,2147,101,8,0,8/24/2020 13:54,Agree,Agree
2020/08/24,MS,78405,75571,2834,0,0,2248,2147,101,0,0,8/25/2020 14:02,Agree,Agree
2020/08/25,MS,79206,76228,2978,801,144,2315,2201,114,67,13,8/26/2020 13:51,Agree,Agree
2020/08/26,MS,80695,77323,3372,1489,394,2399,2256,143,84,29,8/27/2020 13:42,Agree,Agree
2020/08/27,MS,81294,77822,3472,599,100,2413,2269,144,14,1,8/28/2020 13:43,Agree,Agree
2020/08/28,MS,81294,77822,3472,0,0,2413,2269,144,0,0,8/29/2020 13:42,Agree,Agree
2020/08/29,MS,82029,78445,3584,735,112,2427,2281,146,14,2,8/30/2020 14:49,Agree,Agree
2020/08/30,MS,82950,79165,3785,921,201,2473,2319,154,46,8,8/31/2020 14:05,Agree,Agree
2020/08/31,MS,83584,79650,3934,634,149,2493,2337,156,20,2,9/1/2020 14:09,Agree,Agree
2020/09/01,MS,83584,79650,3934,0,0,2493,2337,156,0,0,9/2/2020 13:49,Agree,Agree
2020/09/02,MS,85116,80832,4284,1532,350,2536,2373,163,43,7,9/3/2020 14:18,Agree,Agree
2020/09/03,MS,85116,80832,4284,0,0,2536,2373,163,0,0,9/4/2020 13:36,Agree,Agree
2020/09/04,MS,85939,81530,4409,823,125,2558,2394,164,22,1,9/5/2020 14:09,Agree,Agree
2020/09/05,MS,86888,82235,4653,949,244,2584,2416,168,26,4,9/6/2020 14:09,Agree,Agree
2020/09/06,MS,87130,82457,4673,242,20,2585,2417,168,1,0,9/7/2020 13:37,Agree,Agree
2020/09/07,MS,87379,82684,4695,249,22,2585,2417,168,0,0,9/8/2020 14:47,Agree,Agree
2020/09/08,MS,87805,82943,4862,426,167,2623,2447,176,38,8,9/9/2020 13:47,Agree,Agree
2020/09/09,MS,88322,83328,4994,517,132,2656,2477,179,33,3,9/10/2020 14:02,Agree,Agree
2020/09/10,MS,89175,83918,5257,853,263,2670,2489,181,14,2,9/11/2020 13:51,Agree,Agree
2020/09/11,MS,89620,84242,5378,445,121,2685,2502,183,15,2,9/12/2020 14:12,Agree,Agree
2020/09/12,MS,89874,84451,5423,254,45,2697,2514,183,12,0,9/13/2020 16:17,Agree,Agree
2020/09/13,MS,90018,84557,5461,144,38,2706,2523,183,9,0,9/14/2020 14:01,Agree,Agree
2020/09/14,MS,90523,84912,5611,505,150,2734,2543,191,28,8,9/15/2020 14:03,Agree,Agree
2020/09/15,MS,91234,85384,5850,711,239,2756,2562,194,22,3,9/16/2020 13:53,Agree,Agree
2020/09/16,MS,91935,85944,5991,701,141,2780,2572,208,24,14,9/17/2020 13:45,Agree,Agree
2020/09/17,MS,91935,85944,5991,0,0,2780,2572,208,0,0,9/18/2020 13:48,Agree,Agree
2020/09/18,MS,93087,86819,6268,1152,277,2809,2593,216,29,8,9/19/2020 14:00,Agree,Agree
2020/09/19,MS,93364,87045,6319,277,51,2810,2591,219,1,3,9/20/2020 13:53,Agree,Agree
2020/09/20,MS,93556,87160,6396,192,77,2810,2591,219,0,0,9/21/2020 13:47,Agree,Agree
2020/09/21,MS,94021,87529,6492,465,96,2846,2625,221,36,2,9/22/2020 13:51,Agree,Agree
2020/09/22,MS,94573,87902,6671,552,179,2870,2647,223,24,2,9/23/2020 13:51,Agree,Agree
2020/09/23,MS,95310,88403,6907,737,236,2874,2651,223,4,0,9/24/2020 13:54,Agree,Agree
2020/09/24,MS,96032,88868,7164,722,257,2894,2671,223,20,0,9/25/2020 13:54,Agree,Agree
2020/09/25,MS,96032,88868,7164,0,0,2894,2671,223,0,0,9/26/2020 13:46,Agree,Agree
2020/01/22,NJ,0,,,0,,0,,,0,,3/26/2020 16:22,Not agree,Agree
2020/01/23,NJ,0,,,0,,0,,,0,,3/26/2020 16:22,Not agree,Agree
2020/01/24,NJ,0,,,0,,0,,,0,,3/26/2020 16:22,Not agree,Agree
2020/01/25,NJ,0,,,0,,0,,,0,,3/26/2020 16:22,Not agree,Agree
2020/01/26,NJ,0,,,0,,0,,,0,,3/26/2020 16:22,Not agree,Agree
2020/01/27,NJ,0,,,0,,0,,,0,,3/26/2020 16:22,Not agree,Agree
2020/01/28,NJ,0,,,0,,0,,,0,,3/26/2020 16:22,Not agree,Agree
2020/01/29,NJ,0,,,0,,0,,,0,,3/26/2020 16:22,Not agree,Agree
2020/01/30,NJ,0,,,0,,0,,,0,,3/26/2020 16:22,Not agree,Agree
2020/01/31,NJ,0,,,0,,0,,,0,,3/26/2020 16:22,Not agree,Agree
2020/02/01,NJ,0,,,0,,0,,,0,,3/26/2020 16:22,Not agree,Agree
2020/02/02,NJ,0,,,0,,0,,,0,,3/26/2020 16:22,Not agree,Agree
2020/02/03,NJ,0,,,0,,0,,,0,,3/26/2020 16:22,Not agree,Agree
2020/02/04,NJ,0,,,0,,0,,,0,,3/26/2020 16:22,Not agree,Agree
2020/02/05,NJ,0,,,0,,0,,,0,,3/26/2020 16:22,Not agree,Agree
2020/02/06,NJ,0,,,0,,0,,,0,,3/26/2020 16:22,Not agree,Agree
2020/02/07,NJ,0,,,0,,0,,,0,,3/26/2020 16:22,Not agree,Agree
2020/02/08,NJ,0,,,0,,0,,,0,,3/26/2020 16:22,Not agree,Agree
2020/02/09,NJ,0,,,0,,0,,,0,,3/26/2020 16:22,Not agree,Agree
2020/02/10,NJ,0,,,0,,0,,,0,,3/26/2020 16:22,Not agree,Agree
2020/02/11,NJ,0,,,0,,0,,,0,,3/26/2020 16:22,Not agree,Agree
2020/02/12,NJ,0,,,0,,0,,,0,,3/26/2020 16:22,Not agree,Agree
2020/02/13,NJ,0,,,0,,0,,,0,,3/26/2020 16:22,Not agree,Agree
2020/02/14,NJ,0,,,0,,0,,,0,,3/26/2020 16:22,Not agree,Agree
2020/02/15,NJ,0,,,0,,0,,,0,,3/26/2020 16:22,Not agree,Agree
2020/02/16,NJ,0,,,0,,0,,,0,,3/26/2020 16:22,Not agree,Agree
2020/02/17,NJ,0,,,0,,0,,,0,,3/26/2020 16:22,Not agree,Agree
2020/02/18,NJ,0,,,0,,0,,,0,,3/26/2020 16:22,Not agree,Agree
2020/02/19,NJ,0,,,0,,0,,,0,,3/26/2020 16:22,Not agree,Agree
2020/02/20,NJ,0,,,0,,0,,,0,,3/26/2020 16:22,Not agree,Agree
2020/02/21,NJ,0,,,0,,0,,,0,,3/26/2020 16:22,Not agree,Agree
2020/02/22,NJ,0,,,0,,0,,,0,,3/26/2020 16:22,Not agree,Agree
2020/02/23,NJ,0,,,0,,0,,,0,,3/26/2020 16:22,Not agree,Agree
2020/02/24,NJ,0,,,0,,0,,,0,,3/26/2020 16:22,Not agree,Agree
2020/02/25,NJ,0,,,0,,0,,,0,,3/26/2020 16:22,Not agree,Agree
2020/02/26,NJ,0,,,0,,0,,,0,,3/26/2020 16:22,Not agree,Agree
2020/02/27,NJ,0,,,0,,0,,,0,,3/26/2020 16:22,Not agree,Agree
2020/02/28,NJ,0,,,0,,0,,,0,,3/26/2020 16:22,Not agree,Agree
2020/02/29,NJ,0,,,0,,0,,,0,,3/26/2020 16:22,Not agree,Agree
2020/03/01,NJ,0,,,0,,0,,,0,,3/26/2020 16:22,Not agree,Agree
2020/03/02,NJ,0,,,0,,0,,,0,,3/26/2020 16:22,Not agree,Agree
2020/03/03,NJ,0,,,0,,0,,,0,,3/26/2020 16:22,Not agree,Agree
2020/03/04,NJ,0,,,0,,0,,,0,,3/26/2020 16:22,Not agree,Agree
2020/03/05,NJ,2,,,2,,0,,,0,,3/26/2020 16:22,Not agree,Agree
2020/03/06,NJ,4,,,2,,0,,,0,,3/26/2020 16:22,Not agree,Agree
2020/03/07,NJ,6,,,2,,0,,,0,,3/26/2020 16:22,Not agree,Agree
2020/03/08,NJ,6,,,0,,0,,,0,,3/26/2020 16:22,Not agree,Agree
2020/03/09,NJ,8,,,2,,0,,,0,,3/26/2020 16:22,Not agree,Agree
2020/03/10,NJ,15,,,7,,1,,,1,,3/26/2020 16:22,Not agree,Agree
2020/03/11,NJ,23,,,8,,1,,,0,,3/26/2020 16:22,Not agree,Agree
2020/03/12,NJ,29,,,6,,1,,,0,,3/26/2020 16:22,Not agree,Agree
2020/03/13,NJ,30,,,1,,1,,,0,,3/26/2020 16:22,Not agree,Agree
2020/03/14,NJ,44,,,14,,1,,,0,,3/26/2020 16:22,Not agree,Agree
2020/03/15,NJ,98,,,54,,2,,,1,,3/26/2020 16:22,Not agree,Agree
2020/03/16,NJ,178,,,80,,2,,,0,,3/26/2020 16:22,Not agree,Agree
2020/03/17,NJ,267,,,89,,3,,,1,,3/26/2020 16:22,Not agree,Agree
2020/03/18,NJ,427,,,160,,5,,,2,,3/26/2020 16:22,Not agree,Agree
2020/03/19,NJ,742,,,315,,9,,,4,,3/26/2020 16:22,Not agree,Agree
2020/03/20,NJ,890,,,148,,11,,,2,,3/26/2020 16:22,Not agree,Agree
2020/03/21,NJ,1327,,,437,,16,,,5,,3/26/2020 16:22,Not agree,Agree
2020/03/22,NJ,1914,,,587,,20,,,4,,3/26/2020 16:22,Not agree,Agree
2020/03/23,NJ,2844,,,930,,27,,,7,,3/26/2020 16:22,Not agree,Agree
2020/03/24,NJ,3675,,,831,,44,,,17,,3/26/2020 16:22,Not agree,Agree
2020/03/25,NJ,4402,,,727,,62,,,18,,3/26/2020 16:22,Not agree,Agree
2020/03/26,NJ,6876,,,2474,,81,,,19,,3/26/2020 16:22,Not agree,Agree
2020/03/27,NJ,8825,,,1949,,108,,,27,,3/26/2020 16:22,Not agree,Agree
2020/03/28,NJ,11124,,,2299,,140,,,32,,3/28/2020 16:22,Not agree,Agree
2020/03/29,NJ,13386,,,2262,,161,,,21,,3/28/2020 16:22,Not agree,Agree
2020/03/30,NJ,16636,,,3250,,198,,,37,,3/29/2020 16:22,Not agree,Agree
2020/03/31,NJ,18696,,,2060,,267,,,69,,3/30/2020 16:22,Not agree,Agree
2020/04/01,NJ,22255,,,3559,,355,,,88,,3/31/2020 16:22,Not agree,Agree
2020/04/02,NJ,25590,,,3335,,537,,,182,,4/1/2020 16:22,Not agree,Agree
2020/04/03,NJ,29895,,,4305,,646,,,109,,4/3/2020 16:22,Not agree,Agree
2020/04/04,NJ,34124,,,4229,,846,,,200,,4/3/2020 16:22,Not agree,Agree
2020/04/05,NJ,37505,,,3381,,917,,,71,,4/4/2020 16:22,Not agree,Agree
2020/04/06,NJ,41090,,,3585,,1003,,,86,,4/5/2020 16:22,Not agree,Agree
2020/04/07,NJ,44416,,,3326,,1232,,,229,,4/7/2020 16:22,Not agree,Agree
2020/04/08,NJ,47437,,,3021,,1504,,,272,,4/7/2020 16:22,Not agree,Agree
2020/04/09,NJ,51027,,,3590,,1700,,,196,,4/8/2020 16:22,Not agree,Agree
2020/04/10,NJ,54588,,,3561,,1932,,,232,,4/9/2020 16:22,Not agree,Agree
2020/04/11,NJ,58151,,,3563,,2187,,,255,,4/10/2020 16:22,Not agree,Agree
2020/04/12,NJ,61850,,,3699,,2350,,,163,,4/11/2020 16:22,Not agree,Agree
2020/04/13,NJ,64584,,,2734,,2443,,,93,,4/12/2020 16:22,Not agree,Agree
2020/04/14,NJ,68824,,,4240,,2805,,,362,,4/13/2020 16:22,Not agree,Agree
2020/04/15,NJ,71030,,,2206,,3156,,,351,,4/15/2020 16:22,Not agree,Agree
2020/04/16,NJ,75317,,,4287,,3518,,,362,,4/16/2020 16:22,Not agree,Agree
2020/04/17,NJ,78467,,,3150,,3840,,,322,,4/17/2020 16:22,Not agree,Agree
2020/04/18,NJ,81436,,,2969,,4070,,,230,,4/18/2020 16:22,Not agree,Agree
2020/04/19,NJ,85301,,,3865,0,4202,4202,0,132,0,4/19/2020 16:22,Not agree,Agree
2020/04/20,NJ,88806,,,3505,0,4377,4377,0,175,0,4/20/2020 16:22,Not agree,Agree
2020/04/21,NJ,92387,,,3581,0,4753,4753,0,376,0,4/21/2020 16:22,Not agree,Agree
2020/04/22,NJ,95865,,,3478,0,5063,5063,0,310,0,4/22/2020 16:22,Not agree,Agree
2020/04/23,NJ,99989,,,4124,0,5368,5368,0,305,0,5/25/2020 15:38,Not agree,Agree
2020/04/24,NJ,102196,,,2207,0,5617,5617,0,249,0,5/25/2020 15:38,Not agree,Agree
2020/04/25,NJ,105523,,,3327,0,5863,5863,0,246,0,5/25/2020 15:38,Not agree,Agree
2020/04/26,NJ,109038,,,3515,0,5938,5938,0,75,0,5/25/2020 15:38,Not agree,Agree
2020/04/27,NJ,111188,,,2150,0,6044,6044,0,106,0,5/25/2020 15:38,Not agree,Agree
2020/04/28,NJ,113856,,,2668,0,6442,6442,0,398,0,4/29/2020 18:12,Not agree,Agree
2020/04/29,NJ,116264,,,2408,0,6770,6770,0,328,0,4/30/2020 16:07,Not agree,Agree
2020/04/30,NJ,118652,,,2388,0,7228,7228,0,458,0,5/1/2020 21:00,Not agree,Agree
2020/05/01,NJ,121190,,,2538,0,7538,7538,0,310,0,5/2/2020 15:47,Not agree,Agree
2020/05/02,NJ,123717,,,2527,0,7742,7742,0,204,0,5/3/2020 15:36,Not agree,Agree
2020/05/03,NJ,126744,,,3027,0,7871,7871,0,129,0,5/4/2020 22:49,Not agree,Agree
2020/05/04,NJ,128269,,,1525,0,7910,7910,0,39,0,5/5/2020 17:25,Not agree,Agree
2020/05/05,NJ,130593,,,2324,0,8244,8244,0,334,0,5/6/2020 16:23,Not agree,Agree
2020/05/06,NJ,131890,,,1297,0,8549,8549,0,305,0,5/7/2020 22:59,Not agree,Agree
2020/05/07,NJ,133635,,,1745,0,8801,8801,0,252,0,5/8/2020 21:26,Not agree,Agree
2020/05/08,NJ,135454,,,1819,0,8952,8952,0,151,0,5/9/2020 21:26,Not agree,Agree
2020/05/09,NJ,137085,,,1631,0,9116,9116,0,164,0,5/10/2020 21:26,Not agree,Agree
2020/05/10,NJ,138532,,,1447,0,9255,9255,0,139,0,5/11/2020 21:26,Not agree,Agree
2020/05/11,NJ,139945,,,1413,0,9310,9310,0,55,0,5/12/2020 17:26,Not agree,Agree
2020/05/12,NJ,140743,,,798,0,9508,9508,0,198,0,5/13/2020 15:26,Not agree,Agree
2020/05/13,NJ,141560,,,817,0,9702,9702,0,194,0,5/14/2020 17:25,Not agree,Agree
2020/05/14,NJ,142704,,,1144,0,9946,9946,0,244,0,5/15/2020 16:11,Not agree,Agree
2020/05/15,NJ,143905,,,1201,0,10138,10138,0,192,0,5/16/2020 15:46,Not agree,Agree
2020/05/16,NJ,145089,,,1184,0,10249,10249,0,111,0,5/17/2020 15:27,Not agree,Agree
2020/05/17,NJ,146334,,,1245,0,10356,10356,0,107,0,5/18/2020 16:01,Not agree,Agree
2020/05/18,NJ,148039,,,1705,0,10435,10435,0,79,0,5/19/2020 15:45,Not agree,Agree
2020/05/19,NJ,149013,,,974,0,10586,10586,0,151,0,5/20/2020 15:28,Not agree,Agree
2020/05/20,NJ,150399,,,1386,0,10747,10747,0,161,0,5/21/2020 15:41,Not agree,Agree
2020/05/21,NJ,151472,,,1073,0,10843,10843,0,96,0,5/22/2020 15:31,Not agree,Agree
2020/05/22,NJ,152719,,,1247,0,10985,10985,0,142,0,5/23/2020 17:58,Not agree,Agree
2020/05/23,NJ,153104,,,385,0,11081,11081,0,96,0,5/24/2020 14:15,Not agree,Agree
2020/05/24,NJ,154154,,,1050,0,11133,11133,0,52,0,5/25/2020 14:12,Not agree,Agree
2020/05/25,NJ,155092,,,938,0,11144,11144,0,11,0,5/26/2020 14:23,Not agree,Agree
2020/05/26,NJ,155764,,,672,0,11191,11191,0,47,0,5/27/2020 15:37,Not agree,Agree
2020/05/27,NJ,156628,,,864,0,11339,11339,0,148,0,5/28/2020 15:12,Not agree,Agree
2020/05/28,NJ,157185,,,557,0,11401,11401,0,62,0,5/29/2020 14:19,Not agree,Agree
2020/05/29,NJ,158844,,,1659,0,11531,11531,0,130,0,5/30/2020 15:47,Not agree,Agree
2020/05/30,NJ,159608,,,764,0,11634,11634,0,103,0,5/31/2020 14:43,Not agree,Agree
2020/05/31,NJ,160445,,,837,0,11698,11698,0,64,0,6/1/2020 14:17,Not agree,Agree
2020/06/01,NJ,160918,,,473,0,11721,11721,0,23,0,6/2/2020 14:16,Not agree,Agree
2020/06/02,NJ,161545,,,627,0,11770,11770,0,49,0,6/3/2020 14:11,Not agree,Agree
2020/06/03,NJ,162068,,,523,0,11880,11880,0,110,0,6/4/2020 15:03,Not agree,Agree
2020/06/04,NJ,162530,,,462,0,11970,11970,0,90,0,6/5/2020 15:17,Not agree,Agree
2020/06/05,NJ,163336,,,806,0,12049,12049,0,79,0,6/6/2020 14:31,Not agree,Agree
2020/06/06,NJ,163893,,,557,0,12106,12106,0,57,0,6/7/2020 14:23,Not agree,Agree
2020/06/07,NJ,164164,,,271,0,12176,12176,0,70,0,6/8/2020 14:55,Not agree,Agree
2020/06/08,NJ,164497,,,333,0,12214,12214,0,38,0,6/9/2020 16:49,Not agree,Agree
2020/06/09,NJ,164796,,,299,0,12303,12303,0,89,0,6/10/2020 20:56,Not agree,Agree
2020/06/10,NJ,165346,,,550,0,12377,12377,0,74,0,6/11/2020 14:48,Not agree,Agree
2020/06/11,NJ,165816,,,470,0,12443,12443,0,66,0,6/12/2020 14:17,Not agree,Agree
2020/06/12,NJ,166164,,,348,0,12489,12489,0,46,0,6/13/2020 17:46,Not agree,Agree
2020/06/13,NJ,166603,,,439,0,12589,12589,0,100,0,6/14/2020 14:19,Not agree,Agree
2020/06/14,NJ,166881,,,278,0,12625,12625,0,36,0,6/15/2020 14:33,Not agree,Agree
2020/06/15,NJ,167103,,,222,0,12676,12676,0,51,0,6/16/2020 14:10,Not agree,Agree
2020/06/16,NJ,167426,,,323,0,12727,12727,0,51,0,6/17/2020 15:06,Not agree,Agree
2020/06/17,NJ,167703,,,277,0,12769,12769,0,42,0,6/18/2020 17:16,Not agree,Agree
2020/06/18,NJ,168107,,,404,0,12800,12800,0,31,0,6/19/2020 15:01,Not agree,Agree
2020/06/19,NJ,168496,,,389,0,12835,12835,0,35,0,6/20/2020 14:15,Not agree,Agree
2020/06/20,NJ,168834,,,338,0,12857,12857,0,22,0,6/21/2020 14:32,Not agree,Agree
2020/06/21,NJ,169142,,,308,0,12870,12870,0,13,0,6/22/2020 15:24,Not agree,Agree
2020/06/22,NJ,169415,,,273,0,12895,12895,0,25,0,6/23/2020 14:28,Not agree,Agree
2020/06/23,NJ,169734,,,319,0,12949,12949,0,54,0,6/24/2020 15:03,Not agree,Agree
2020/06/24,NJ,169892,,,158,0,12995,12995,0,46,0,6/25/2020 14:07,Not agree,Agree
2020/06/25,NJ,170196,,,304,0,14872,13018,1854,1877,1854,6/26/2020 19:18,Not agree,Agree
2020/06/26,NJ,170584,,,388,0,14914,13060,1854,42,0,6/27/2020 17:51,Not agree,Agree
2020/06/27,NJ,170873,,,289,0,14948,13094,1854,34,0,6/28/2020 14:59,Not agree,Agree
2020/06/28,NJ,171182,,,309,0,14975,13121,1854,27,0,6/29/2020 14:37,Not agree,Agree
2020/06/29,NJ,171272,,,90,0,14992,13138,1854,17,0,6/30/2020 15:27,Not agree,Agree
2020/06/30,NJ,171667,,,395,0,15035,13181,1854,43,0,7/1/2020 15:45,Not agree,Agree
2020/07/01,NJ,171928,,,261,0,15080,13224,1856,45,2,7/2/2020 15:10,Not agree,Agree
2020/07/02,NJ,172356,,,428,0,15107,13251,1856,27,0,7/3/2020 15:01,Not agree,Agree
2020/07/03,NJ,172742,,,386,0,15164,13308,1856,57,0,7/4/2020 15:30,Not agree,Agree
2020/07/04,NJ,173033,,,291,0,15189,13333,1856,25,0,7/5/2020 15:00,Not agree,Agree
2020/07/05,NJ,173402,,,369,0,15211,13355,1856,22,0,7/6/2020 15:16,Not agree,Agree
2020/07/06,NJ,173611,,,209,0,15229,13373,1856,18,0,7/7/2020 14:58,Not agree,Agree
2020/07/07,NJ,173878,,,267,0,15281,13425,1856,52,0,7/8/2020 14:12,Not agree,Agree
2020/07/08,NJ,174039,,,161,0,15423,13476,1947,142,91,7/9/2020 15:14,Not agree,Agree
2020/07/09,NJ,174270,,,231,0,15448,13501,1947,25,0,7/10/2020 15:35,Not agree,Agree
2020/07/10,NJ,174628,,,358,0,15479,13532,1947,31,0,7/11/2020 18:25,Not agree,Agree
2020/07/11,NJ,174959,,,331,0,15525,13578,1947,46,0,7/12/2020 15:13,Not agree,Agree
2020/07/12,NJ,175298,,,339,0,15541,13594,1947,16,0,7/13/2020 15:19,Not agree,Agree
2020/07/13,NJ,175522,,,224,0,15560,13613,1947,19,0,7/14/2020 15:13,Not agree,Agree
2020/07/14,NJ,175915,,,393,0,15582,13635,1947,22,0,7/15/2020 15:05,Not agree,Agree
2020/07/15,NJ,176278,,,363,0,15634,13660,1974,52,27,7/16/2020 14:22,Not agree,Agree
2020/07/16,NJ,176501,,,223,0,15665,13691,1974,31,0,7/17/2020 14:31,Not agree,Agree
2020/07/17,NJ,176551,,,50,0,15684,13710,1974,19,0,7/18/2020 16:14,Not agree,Agree
2020/07/18,NJ,176814,,,263,0,15699,13725,1974,15,0,7/19/2020 15:05,Not agree,Agree
2020/07/19,NJ,176783,,,-31,0,15706,13732,1974,7,0,7/20/2020 14:35,Not agree,Agree
2020/07/20,NJ,176963,,,180,0,15715,13741,1974,9,0,7/21/2020 14:50,Not agree,Agree
2020/07/21,NJ,177256,,,293,0,15737,13763,1974,22,0,7/22/2020 14:51,Not agree,Agree
2020/07/22,NJ,177645,,,389,0,15707,13787,1920,-30,-54,7/23/2020 14:48,Not agree,Agree
2020/07/23,NJ,177887,,,242,0,15730,13810,1920,23,0,7/24/2020 14:18,Not agree,Agree
2020/07/24,NJ,178345,,,458,0,15765,13845,1920,35,0,7/25/2020 17:40,Not agree,Agree
2020/07/25,NJ,178858,,,513,0,15776,13856,1920,11,0,7/26/2020 15:17,Not agree,Agree
2020/07/26,NJ,179363,,,505,0,15787,13867,1920,11,0,7/27/2020 14:16,Not agree,Agree
2020/07/27,NJ,179812,,,449,0,15804,13884,1920,17,0,7/28/2020 14:21,Not agree,Agree
2020/07/28,NJ,180295,,,483,0,15825,13905,1920,21,0,7/29/2020 14:34,Not agree,Agree
2020/07/29,NJ,180766,,,471,0,15798,13923,1875,-27,-45,7/30/2020 14:42,Not agree,Agree
2020/07/30,NJ,180970,,,204,0,15809,13934,1875,11,0,7/31/2020 14:35,Not agree,Agree
2020/07/31,NJ,181660,,,690,0,15819,13944,1875,10,0,8/1/2020 14:38,Not agree,Agree
2020/08/01,NJ,182029,,,369,0,15830,13955,1875,11,0,8/2/2020 14:54,Not agree,Agree
2020/08/02,NJ,182350,,,321,0,15836,13961,1875,6,0,8/3/2020 14:31,Not agree,Agree
2020/08/03,NJ,182614,,,264,0,15846,13971,1875,10,0,8/4/2020 14:09,Not agree,Agree
2020/08/04,NJ,182970,,,356,0,15857,13982,1875,11,0,8/5/2020 14:13,Not agree,Agree
2020/08/05,NJ,183327,,,357,0,15842,13989,1853,-15,-22,8/6/2020 14:12,Not agree,Agree
2020/08/06,NJ,183701,,,374,0,15849,13996,1853,7,0,8/7/2020 23:57,Not agree,Agree
2020/08/07,NJ,184061,,,360,0,15860,14007,1853,11,0,8/8/2020 14:58,Not agree,Agree
2020/08/08,NJ,184429,,,368,0,15869,14016,1853,9,0,8/9/2020 14:03,Not agree,Agree
2020/08/09,NJ,184773,,,344,0,15874,14021,1853,5,0,8/10/2020 14:23,Not agree,Agree
2020/08/10,NJ,185031,,,258,0,15878,14025,1853,4,0,8/11/2020 14:16,Not agree,Agree
2020/08/11,NJ,185475,,,444,0,15890,14037,1853,12,0,8/12/2020 13:50,Not agree,Agree
2020/08/12,NJ,185938,,,463,0,15885,14046,1839,-5,-14,8/13/2020 14:12,Not agree,Agree
2020/08/13,NJ,186594,,,656,0,15893,14054,1839,8,0,8/14/2020 14:30,Not agree,Agree
2020/08/14,NJ,187164,,,570,0,15903,14064,1839,10,0,8/15/2020 14:02,Not agree,Agree
2020/08/15,NJ,187442,,,278,0,15876,14037,1839,-27,0,8/16/2020 14:57,Not agree,Agree
2020/08/16,NJ,187455,,,13,0,15903,14064,1839,27,0,8/17/2020 14:26,Not agree,Agree
2020/08/17,NJ,187767,,,312,0,15916,14077,1839,13,0,8/18/2020 14:26,Not agree,Agree
2020/08/18,NJ,188098,,,331,0,15925,14086,1839,9,0,8/19/2020 14:23,Not agree,Agree
2020/08/19,NJ,188427,,,329,0,15926,14097,1829,1,-10,8/20/2020 15:11,Not agree,Agree
2020/08/20,NJ,188527,,,100,0,15932,14103,1829,6,0,8/21/2020 14:27,Not agree,Agree
2020/08/21,NJ,188817,,,290,0,15941,14112,1829,9,0,8/22/2020 14:21,Not agree,Agree
2020/08/22,NJ,189236,,,419,0,15943,14114,1829,2,0,8/23/2020 14:15,Not agree,Agree
2020/08/23,NJ,189494,,,258,0,15946,14117,1829,3,0,8/24/2020 13:54,Not agree,Agree
2020/08/24,NJ,189719,,,225,0,15949,14120,1829,3,0,8/25/2020 14:02,Not agree,Agree
2020/08/25,NJ,190021,,,302,0,15953,14124,1829,4,0,8/26/2020 13:51,Not agree,Agree
2020/08/26,NJ,190306,,,285,0,15914,14134,1780,-39,-49,8/27/2020 13:42,Not agree,Agree
2020/08/27,NJ,190613,,,307,0,15921,14141,1780,7,0,8/28/2020 13:43,Not agree,Agree
2020/08/28,NJ,190971,,,358,0,15930,14150,1780,9,0,8/29/2020 13:42,Not agree,Agree
2020/08/29,NJ,191320,,,349,0,15933,14153,1780,3,0,8/30/2020 14:49,Not agree,Agree
2020/08/30,NJ,191611,,,291,0,15937,14157,1780,4,0,8/31/2020 14:05,Not agree,Agree
2020/08/31,NJ,191960,,,349,0,15945,14165,1780,8,0,9/1/2020 14:09,Not agree,Agree
2020/09/01,NJ,192290,,,330,0,15950,14170,1780,5,0,9/2/2020 13:49,Not agree,Agree
2020/09/02,NJ,192595,,,305,0,15964,14181,1783,14,3,9/3/2020 14:18,Not agree,Agree
2020/09/03,NJ,192973,,,378,0,15971,14188,1783,7,0,9/4/2020 13:36,Not agree,Agree
2020/09/04,NJ,193422,,,449,0,15978,14195,1783,7,0,9/5/2020 14:09,Not agree,Agree
2020/09/05,NJ,193747,,,325,0,15985,14202,1783,7,0,9/6/2020 14:09,Not agree,Agree
2020/09/06,NJ,194058,,,311,0,15989,14206,1783,4,0,9/7/2020 13:37,Not agree,Agree
2020/09/07,NJ,194390,,,332,0,15991,14208,1783,2,0,9/8/2020 14:47,Not agree,Agree
2020/09/08,NJ,194667,,,277,0,15996,14213,1783,5,0,9/9/2020 13:47,Not agree,Agree
2020/09/09,NJ,194990,,,323,0,16009,14220,1789,13,6,9/10/2020 14:02,Not agree,Agree
2020/09/10,NJ,195414,,,424,0,16014,14225,1789,5,0,9/11/2020 13:51,Not agree,Agree
2020/09/11,NJ,195888,,,474,0,16023,14234,1789,9,0,9/12/2020 14:12,Not agree,Agree
2020/09/12,NJ,196337,,,449,0,16027,14238,1789,4,0,9/13/2020 16:17,Not agree,Agree
2020/09/13,NJ,196634,,,297,0,16031,14242,1789,4,0,9/14/2020 14:01,Not agree,Agree
2020/09/14,NJ,196968,,,334,0,16034,14245,1789,3,0,9/15/2020 14:03,Not agree,Agree
2020/09/15,NJ,197404,,,436,0,16043,14254,1789,9,0,9/16/2020 13:53,Not agree,Agree
2020/09/16,NJ,197792,,,388,0,16054,14263,1791,11,2,9/17/2020 13:45,Not agree,Agree
2020/09/17,NJ,198361,,,569,0,16057,14266,1791,3,0,9/18/2020 13:48,Not agree,Agree
2020/09/18,NJ,198848,,,487,0,16061,14270,1791,4,0,9/19/2020 14:00,Not agree,Agree
2020/09/19,NJ,199309,,,461,0,16064,14273,1791,3,0,9/20/2020 13:53,Not agree,Agree
2020/09/20,NJ,199762,,,453,0,16067,14276,1791,3,0,9/21/2020 13:47,Not agree,Agree
2020/09/21,NJ,200154,,,392,0,16069,14278,1791,2,0,9/22/2020 13:51,Not agree,Agree
2020/09/22,NJ,200580,,,426,0,16076,14285,1791,7,0,9/23/2020 13:51,Not agree,Agree
2020/09/23,NJ,200988,,,408,0,16082,14291,1791,6,0,9/24/2020 13:54,Not agree,Agree
2020/09/24,NJ,201552,,,564,0,16091,14300,1791,9,0,9/25/2020 13:54,Not agree,Agree
2020/09/25,NJ,202100,,,548,0,16097,14306,1791,6,0,9/26/2020 13:46,Not agree,Agree
2020/01/22,IL,0,,,0,,0,,,0,,3/26/2020 16:22,Agree,Agree
2020/01/23,IL,0,,,0,,0,,,0,,3/26/2020 16:22,Agree,Agree
2020/01/24,IL,1,,,1,,0,,,0,,3/26/2020 16:22,Agree,Agree
2020/01/25,IL,1,,,0,,0,,,0,,3/26/2020 16:22,Agree,Agree
2020/01/26,IL,1,,,0,,0,,,0,,3/26/2020 16:22,Agree,Agree
2020/01/27,IL,1,,,0,,0,,,0,,3/26/2020 16:22,Agree,Agree
2020/01/28,IL,1,,,0,,0,,,0,,3/26/2020 16:22,Agree,Agree
2020/01/29,IL,1,,,0,,0,,,0,,3/26/2020 16:22,Agree,Agree
2020/01/30,IL,1,,,0,,0,,,0,,3/26/2020 16:22,Agree,Agree
2020/01/31,IL,2,,,1,,0,,,0,,3/26/2020 16:22,Agree,Agree
2020/02/01,IL,2,,,0,,0,,,0,,3/26/2020 16:22,Agree,Agree
2020/02/02,IL,2,,,0,,0,,,0,,3/26/2020 16:22,Agree,Agree
2020/02/03,IL,2,,,0,,0,,,0,,3/26/2020 16:22,Agree,Agree
2020/02/04,IL,2,,,0,,0,,,0,,3/26/2020 16:22,Agree,Agree
2020/02/05,IL,2,,,0,,0,,,0,,3/26/2020 16:22,Agree,Agree
2020/02/06,IL,2,,,0,,0,,,0,,3/26/2020 16:22,Agree,Agree
2020/02/07,IL,2,,,0,,0,,,0,,3/26/2020 16:22,Agree,Agree
2020/02/08,IL,2,,,0,,0,,,0,,3/26/2020 16:22,Agree,Agree
2020/02/09,IL,2,,,0,,0,,,0,,3/26/2020 16:22,Agree,Agree
2020/02/10,IL,2,,,0,,0,,,0,,3/26/2020 16:22,Agree,Agree
2020/02/11,IL,2,,,0,,0,,,0,,3/26/2020 16:22,Agree,Agree
2020/02/12,IL,2,,,0,,0,,,0,,3/26/2020 16:22,Agree,Agree
2020/02/13,IL,2,,,0,,0,,,0,,3/26/2020 16:22,Agree,Agree
2020/02/14,IL,2,,,0,,0,,,0,,3/26/2020 16:22,Agree,Agree
2020/02/15,IL,2,,,0,,0,,,0,,3/26/2020 16:22,Agree,Agree
2020/02/16,IL,2,,,0,,0,,,0,,3/26/2020 16:22,Agree,Agree
2020/02/17,IL,2,,,0,,0,,,0,,3/26/2020 16:22,Agree,Agree
2020/02/18,IL,2,,,0,,0,,,0,,3/26/2020 16:22,Agree,Agree
2020/02/19,IL,2,,,0,,0,,,0,,3/26/2020 16:22,Agree,Agree
2020/02/20,IL,2,,,0,,0,,,0,,3/26/2020 16:22,Agree,Agree
2020/02/21,IL,2,,,0,,0,,,0,,3/26/2020 16:22,Agree,Agree
2020/02/22,IL,2,,,0,,0,,,0,,3/26/2020 16:22,Agree,Agree
2020/02/23,IL,2,,,0,,0,,,0,,3/26/2020 16:22,Agree,Agree
2020/02/24,IL,2,,,0,,0,,,0,,3/26/2020 16:22,Agree,Agree
2020/02/25,IL,2,,,0,,0,,,0,,3/26/2020 16:22,Agree,Agree
2020/02/26,IL,2,,,0,,0,,,0,,3/26/2020 16:22,Agree,Agree
2020/02/27,IL,2,,,0,,0,,,0,,3/26/2020 16:22,Agree,Agree
2020/02/28,IL,2,,,0,,0,,,0,,3/26/2020 16:22,Agree,Agree
2020/02/29,IL,2,,,0,,0,,,0,,3/26/2020 16:22,Agree,Agree
2020/03/01,IL,3,,,1,,0,,,0,,3/26/2020 16:22,Agree,Agree
2020/03/02,IL,4,,,1,,0,,,0,,3/26/2020 16:22,Agree,Agree
2020/03/03,IL,4,,,0,,0,,,0,,3/26/2020 16:22,Agree,Agree
2020/03/04,IL,4,,,0,,0,,,0,,3/26/2020 16:22,Agree,Agree
2020/03/05,IL,5,,,1,,0,,,0,,3/26/2020 16:22,Agree,Agree
2020/03/06,IL,6,,,1,,0,,,0,,3/26/2020 16:22,Agree,Agree
2020/03/07,IL,6,,,0,,0,,,0,,3/26/2020 16:22,Agree,Agree
2020/03/08,IL,7,,,1,,0,,,0,,3/26/2020 16:22,Agree,Agree
2020/03/09,IL,11,,,4,,0,,,0,,3/26/2020 16:22,Agree,Agree
2020/03/10,IL,19,,,8,,0,,,0,,3/26/2020 16:22,Agree,Agree
2020/03/11,IL,27,,,8,,0,,,0,,3/26/2020 16:22,Agree,Agree
2020/03/12,IL,32,,,5,,0,,,0,,3/26/2020 16:22,Agree,Agree
2020/03/13,IL,32,,,0,,0,,,0,,3/26/2020 16:22,Agree,Agree
2020/03/14,IL,32,,,0,,0,,,0,,3/26/2020 16:22,Agree,Agree
2020/03/15,IL,93,,,61,,0,,,0,,3/26/2020 16:22,Agree,Agree
2020/03/16,IL,105,,,12,,0,,,0,,3/26/2020 16:22,Agree,Agree
2020/03/17,IL,160,,,55,,1,,,1,,3/26/2020 16:22,Agree,Agree
2020/03/18,IL,288,,,128,,1,,,0,,3/26/2020 16:22,Agree,Agree
2020/03/19,IL,422,,,134,,4,,,3,,3/26/2020 16:22,Agree,Agree
2020/03/20,IL,585,,,163,,5,,,1,,3/26/2020 16:22,Agree,Agree
2020/03/21,IL,753,,,168,,6,,,1,,3/26/2020 16:22,Agree,Agree
2020/03/22,IL,1049,,,296,,9,,,3,,3/26/2020 16:22,Agree,Agree
2020/03/23,IL,1285,,,236,,12,,,3,,3/26/2020 16:22,Agree,Agree
2020/03/24,IL,1535,,,250,,16,,,4,,3/26/2020 16:22,Agree,Agree
2020/03/25,IL,1865,,,330,,19,,,3,,3/26/2020 16:22,Agree,Agree
2020/03/26,IL,2538,,,673,,26,,,7,,3/26/2020 16:22,Agree,Agree
2020/03/27,IL,3026,,,488,,34,,,8,,3/26/2020 16:22,Agree,Agree
2020/03/28,IL,3491,,,465,,47,,,13,,3/28/2020 16:22,Agree,Agree
2020/03/29,IL,4596,,,1105,,65,,,18,,3/28/2020 16:22,Agree,Agree
2020/03/30,IL,5057,,,461,,73,,,8,,3/29/2020 16:22,Agree,Agree
2020/03/31,IL,5994,,,937,,99,,,26,,3/30/2020 16:22,Agree,Agree
2020/04/01,IL,6980,,,986,,141,,,42,,3/31/2020 16:22,Agree,Agree
2020/04/02,IL,7695,,,715,,157,,,16,,4/1/2020 16:22,Agree,Agree
2020/04/03,IL,8904,,,1209,,210,,,53,,4/3/2020 16:22,Agree,Agree
2020/04/04,IL,10357,,,1453,,243,,,33,,4/3/2020 16:22,Agree,Agree
2020/04/05,IL,11256,,,899,,274,,,31,,4/4/2020 16:22,Agree,Agree
2020/04/06,IL,12262,,,1006,,307,,,33,,4/5/2020 16:22,Agree,Agree
2020/04/07,IL,13549,,,1287,,380,,,73,,4/7/2020 16:22,Agree,Agree
2020/04/08,IL,15078,,,1529,,462,,,82,,4/7/2020 16:22,Agree,Agree
2020/04/09,IL,16422,,,1344,,528,,,66,,4/8/2020 16:22,Agree,Agree
2020/04/10,IL,17887,,,1465,,596,,,68,,4/9/2020 16:22,Agree,Agree
2020/04/11,IL,19180,,,1293,,677,,,81,,4/10/2020 16:22,Agree,Agree
2020/04/12,IL,20852,,,1672,,720,,,43,,4/11/2020 16:22,Agree,Agree
2020/04/13,IL,22025,,,1173,,794,,,74,,4/12/2020 16:22,Agree,Agree
2020/04/14,IL,23247,,,1222,,868,,,74,,4/13/2020 16:22,Agree,Agree
2020/04/15,IL,24593,,,1346,,948,,,80,,4/15/2020 16:22,Agree,Agree
2020/04/16,IL,25733,,,1140,,1072,,,124,,4/16/2020 16:22,Agree,Agree
2020/04/17,IL,27575,,,1842,,1134,,,62,,4/17/2020 16:22,Agree,Agree
2020/04/18,IL,29160,,,1585,,1259,,,125,,4/18/2020 16:22,Agree,Agree
2020/04/19,IL,30357,30357,0,1197,0,1290,1290,0,31,0,4/19/2020 16:22,Agree,Agree
2020/04/20,IL,31508,31508,0,1151,0,1349,1349,0,59,0,4/20/2020 16:22,Agree,Agree
2020/04/21,IL,33059,33059,0,1551,0,1468,1468,0,119,0,4/21/2020 16:22,Agree,Agree
2020/04/22,IL,35108,35108,0,2049,0,1565,1565,0,97,0,4/22/2020 16:22,Agree,Agree
2020/04/23,IL,36934,36934,0,1826,0,1688,1688,0,123,0,5/25/2020 15:38,Agree,Agree
2020/04/24,IL,39658,39658,0,2724,0,1795,1795,0,107,0,5/25/2020 15:38,Agree,Agree
2020/04/25,IL,41777,41777,0,2119,0,1874,1874,0,79,0,5/25/2020 15:38,Agree,Agree
2020/04/26,IL,43903,43903,0,2126,0,1933,1933,0,59,0,5/25/2020 15:38,Agree,Agree
2020/04/27,IL,45883,45883,0,1980,0,1983,1983,0,50,0,5/25/2020 15:38,Agree,Agree
2020/04/28,IL,48102,48102,0,2219,0,2125,2125,0,142,0,4/29/2020 18:12,Agree,Agree
2020/04/29,IL,50355,50355,0,2253,0,2215,2215,0,90,0,4/30/2020 16:07,Agree,Agree
2020/04/30,IL,52918,52918,0,2563,0,2355,2355,0,140,0,5/1/2020 21:00,Agree,Agree
2020/05/01,IL,56055,56055,0,3137,0,2457,2457,0,102,0,5/2/2020 15:47,Agree,Agree
2020/05/02,IL,58505,58505,0,2450,0,2559,2559,0,102,0,5/3/2020 15:36,Agree,Agree
2020/05/03,IL,61449,61449,0,2944,0,2618,2618,0,59,0,5/4/2020 22:49,Agree,Agree
2020/05/04,IL,63840,63840,0,2391,0,2662,2662,0,44,0,5/5/2020 17:25,Agree,Agree
2020/05/05,IL,65962,65962,0,2122,0,2838,2838,0,176,0,5/6/2020 16:23,Agree,Agree
2020/05/06,IL,68232,68232,0,2270,0,2974,2974,0,136,0,5/7/2020 22:59,Agree,Agree
2020/05/07,IL,70873,70873,0,2641,0,3111,3111,0,137,0,5/8/2020 21:26,Agree,Agree
2020/05/08,IL,73760,73760,0,2887,0,3241,3241,0,130,0,5/9/2020 21:26,Agree,Agree
2020/05/09,IL,76085,76085,0,2325,0,3349,3349,0,108,0,5/10/2020 21:26,Agree,Agree
2020/05/10,IL,77741,77741,0,1656,0,3406,3406,0,57,0,5/11/2020 21:26,Agree,Agree
2020/05/11,IL,79007,79007,0,1266,0,3459,3459,0,53,0,5/12/2020 17:26,Agree,Agree
2020/05/12,IL,83021,83021,0,4014,0,3601,3601,0,142,0,5/13/2020 15:26,Agree,Agree
2020/05/13,IL,84698,84698,0,1677,0,3792,3792,0,191,0,5/14/2020 17:25,Agree,Agree
2020/05/14,IL,87937,87937,0,3239,0,3928,3928,0,136,0,5/15/2020 16:11,Agree,Agree
2020/05/15,IL,90369,90369,0,2432,0,4058,4058,0,130,0,5/16/2020 15:46,Agree,Agree
2020/05/16,IL,92457,92457,0,2088,0,4129,4129,0,71,0,5/17/2020 15:27,Agree,Agree
2020/05/17,IL,94191,94191,0,1734,0,4177,4177,0,48,0,5/18/2020 16:01,Agree,Agree
2020/05/18,IL,96485,96485,0,2294,0,4234,4234,0,57,0,5/19/2020 15:45,Agree,Agree
2020/05/19,IL,98030,98030,0,1545,0,4379,4379,0,145,0,5/20/2020 15:28,Agree,Agree
2020/05/20,IL,100418,100418,0,2388,0,4225,4225,0,-154,0,5/21/2020 15:41,Agree,Agree
2020/05/21,IL,102686,102686,0,2268,0,4607,4607,0,382,0,5/22/2020 15:31,Agree,Agree
2020/05/22,IL,105444,105444,0,2758,0,4715,4715,0,108,0,5/23/2020 17:58,Agree,Agree
2020/05/23,IL,107796,107796,0,2352,0,4790,4790,0,75,0,5/24/2020 14:15,Agree,Agree
2020/05/24,IL,110304,110304,0,2508,0,4856,4856,0,66,0,5/25/2020 14:12,Agree,Agree
2020/05/25,IL,112017,112017,0,1713,0,4884,4884,0,28,0,5/26/2020 14:23,Agree,Agree
2020/05/26,IL,113195,113195,0,1178,0,4923,4923,0,39,0,5/27/2020 15:37,Agree,Agree
2020/05/27,IL,114306,114306,0,1111,0,5083,5083,0,160,0,5/28/2020 15:12,Agree,Agree
2020/05/28,IL,115833,115833,0,1527,0,5186,5186,0,103,0,5/29/2020 14:19,Agree,Agree
2020/05/29,IL,117455,117455,0,1622,0,5270,5270,0,84,0,5/30/2020 15:47,Agree,Agree
2020/05/30,IL,118917,118917,0,1462,0,5330,5330,0,60,0,5/31/2020 14:43,Agree,Agree
2020/05/31,IL,120260,120260,0,1343,0,5390,5390,0,60,0,6/1/2020 14:17,Agree,Agree
2020/06/01,IL,121234,121234,0,974,0,5412,5412,0,22,0,6/2/2020 14:16,Agree,Agree
2020/06/02,IL,122848,122848,0,1614,0,5525,5525,0,113,0,6/3/2020 14:11,Agree,Agree
2020/06/03,IL,123830,123830,0,982,0,5621,5621,0,96,0,6/4/2020 15:03,Agree,Agree
2020/06/04,IL,124759,124759,0,929,0,5736,5736,0,115,0,6/5/2020 15:17,Agree,Agree
2020/06/05,IL,125915,125915,0,1156,0,5795,5795,0,59,0,6/6/2020 14:31,Agree,Agree
2020/06/06,IL,126890,126890,0,975,0,5864,5864,0,69,0,6/7/2020 14:23,Agree,Agree
2020/06/07,IL,127757,127757,0,867,0,5904,5904,0,40,0,6/8/2020 14:55,Agree,Agree
2020/06/08,IL,129139,128415,724,1382,724,6102,5924,178,198,178,6/9/2020 16:49,Agree,Agree
2020/06/09,IL,129936,129212,724,797,0,6196,6018,178,94,0,6/10/2020 20:56,Agree,Agree
2020/06/10,IL,130561,129837,724,625,0,6273,6095,178,77,0,6/11/2020 14:48,Agree,Agree
2020/06/11,IL,131327,130603,724,766,0,6363,6185,178,90,0,6/12/2020 14:17,Agree,Agree
2020/06/12,IL,132059,131198,861,732,137,6441,6260,181,78,3,6/13/2020 17:46,Agree,Agree
2020/06/13,IL,132732,131871,861,673,0,6470,6289,181,29,0,6/14/2020 14:19,Agree,Agree
2020/06/14,IL,133404,132543,861,672,0,6489,6308,181,19,0,6/15/2020 14:33,Agree,Agree
2020/06/15,IL,133877,133016,861,473,0,6507,6326,181,18,0,6/16/2020 14:10,Agree,Agree
2020/06/16,IL,134500,133639,861,623,0,6579,6398,181,72,0,6/17/2020 15:06,Agree,Agree
2020/06/17,IL,135046,134185,861,546,0,6666,6485,181,87,0,6/18/2020 17:16,Agree,Agree
2020/06/18,IL,135639,134778,861,593,0,6718,6537,181,52,0,6/19/2020 15:01,Agree,Agree
2020/06/19,IL,136470,135470,1000,831,139,6784,6580,204,66,23,6/20/2020 14:15,Agree,Agree
2020/06/20,IL,137104,136104,1000,634,0,6829,6625,204,45,0,6/21/2020 14:32,Agree,Agree
2020/06/21,IL,137762,136762,1000,658,0,6851,6647,204,22,0,6/22/2020 15:24,Agree,Agree
2020/06/22,IL,138224,137224,1000,462,0,6875,6671,204,24,0,6/23/2020 14:28,Agree,Agree
2020/06/23,IL,138825,137825,1000,601,0,6911,6707,204,36,0,6/24/2020 15:03,Agree,Agree
2020/06/24,IL,139540,138540,1000,715,0,6974,6770,204,63,0,6/25/2020 14:07,Agree,Agree
2020/06/25,IL,140434,139434,1000,894,0,7014,6810,204,40,0,6/26/2020 19:18,Agree,Agree
2020/06/26,IL,141344,140291,1053,910,53,7048,6847,201,34,-3,6/27/2020 17:51,Agree,Agree
2020/06/27,IL,142130,141077,1053,786,0,7074,6873,201,26,0,6/28/2020 14:59,Agree,Agree
2020/06/28,IL,142776,141723,1053,646,0,7089,6888,201,15,0,6/29/2020 14:37,Agree,Agree
2020/06/29,IL,143514,142461,1053,738,0,7103,6902,201,14,0,6/30/2020 15:27,Agree,Agree
2020/06/30,IL,144238,143185,1053,724,0,7124,6923,201,21,0,7/1/2020 15:45,Agree,Agree
2020/07/01,IL,145066,144013,1053,828,0,7152,6951,201,28,0,7/2/2020 15:10,Agree,Agree
2020/07/02,IL,145066,144013,1053,0,0,7152,6951,201,0,0,7/3/2020 15:01,Agree,Agree
2020/07/03,IL,146872,145750,1122,1806,69,7215,7005,210,63,9,7/4/2020 15:30,Agree,Agree
2020/07/04,IL,147734,146612,1122,862,0,7224,7014,210,9,0,7/5/2020 15:00,Agree,Agree
2020/07/05,IL,148373,147251,1122,639,0,7230,7020,210,6,0,7/6/2020 15:16,Agree,Agree
2020/07/06,IL,148987,147865,1122,614,0,7236,7026,210,6,0,7/7/2020 14:58,Agree,Agree
2020/07/07,IL,149574,148452,1122,587,0,7273,7063,210,37,0,7/8/2020 14:12,Agree,Agree
2020/07/08,IL,150554,149432,1122,980,0,7309,7099,210,36,0,7/9/2020 15:14,Agree,Agree
2020/07/09,IL,151572,150450,1122,1018,0,7329,7119,210,20,0,7/10/2020 15:35,Agree,Agree
2020/07/10,IL,152899,151767,1132,1327,10,7345,7144,201,16,-9,7/11/2020 18:25,Agree,Agree
2020/07/11,IL,154094,152962,1132,1195,0,7369,7168,201,24,0,7/12/2020 15:13,Agree,Agree
2020/07/12,IL,155048,153916,1132,954,0,7388,7187,201,19,0,7/13/2020 15:19,Agree,Agree
2020/07/13,IL,155931,154799,1132,883,0,7394,7193,201,6,0,7/14/2020 15:13,Agree,Agree
2020/07/14,IL,156638,155506,1132,707,0,7419,7218,201,25,0,7/15/2020 15:05,Agree,Agree
2020/07/15,IL,157825,156693,1132,1187,0,7427,7226,201,8,0,7/16/2020 14:22,Agree,Agree
2020/07/16,IL,159082,157950,1132,1257,0,7452,7251,201,25,0,7/17/2020 14:31,Agree,Agree
2020/07/17,IL,160509,159334,1175,1427,43,7465,7272,193,13,-8,7/18/2020 16:14,Agree,Agree
2020/07/18,IL,161785,160610,1175,1276,0,7483,7290,193,18,0,7/19/2020 15:05,Agree,Agree
2020/07/19,IL,162750,161575,1175,965,0,7488,7295,193,5,0,7/20/2020 14:35,Agree,Agree
2020/07/20,IL,163923,162748,1175,1173,0,7494,7301,193,6,0,7/21/2020 14:50,Agree,Agree
2020/07/21,IL,164878,163703,1175,955,0,7517,7324,193,23,0,7/22/2020 14:51,Agree,Agree
2020/07/22,IL,166476,165301,1175,1598,0,7540,7347,193,23,0,7/23/2020 14:48,Agree,Agree
2020/07/23,IL,168100,166925,1175,1624,0,7560,7367,193,20,0,7/24/2020 14:18,Agree,Agree
2020/07/24,IL,169699,168457,1242,1599,67,7577,7385,192,17,-1,7/25/2020 17:40,Agree,Agree
2020/07/25,IL,171125,169883,1242,1426,0,7589,7397,192,12,0,7/26/2020 15:17,Agree,Agree
2020/07/26,IL,172666,171424,1242,1541,0,7590,7398,192,1,0,7/27/2020 14:16,Agree,Agree
2020/07/27,IL,173897,172655,1242,1231,0,7608,7416,192,18,0,7/28/2020 14:21,Agree,Agree
2020/07/28,IL,174973,173731,1242,1076,0,7638,7446,192,30,0,7/29/2020 14:34,Agree,Agree
2020/07/29,IL,176366,175124,1242,1393,0,7654,7462,192,16,0,7/30/2020 14:42,Agree,Agree
2020/07/30,IL,178138,176896,1242,1772,0,7670,7478,192,16,0,7/31/2020 14:35,Agree,Agree
2020/07/31,IL,180118,178837,1281,1980,39,7692,7495,197,22,5,8/1/2020 14:38,Agree,Agree
2020/08/01,IL,181757,180476,1281,1639,0,7700,7503,197,8,0,8/2/2020 14:54,Agree,Agree
2020/08/02,IL,183224,181943,1281,1467,0,7714,7517,197,14,0,8/3/2020 14:31,Agree,Agree
2020/08/03,IL,184522,183241,1281,1298,0,7723,7526,197,9,0,8/4/2020 14:09,Agree,Agree
2020/08/04,IL,185993,184712,1281,1471,0,7742,7545,197,19,0,8/5/2020 14:13,Agree,Agree
2020/08/05,IL,187752,186471,1281,1759,0,7770,7573,197,28,0,8/6/2020 14:12,Agree,Agree
2020/08/06,IL,189705,188424,1281,1953,0,7791,7594,197,21,0,8/7/2020 23:57,Agree,Agree
2020/08/07,IL,191808,190508,1300,2103,19,7822,7613,209,31,12,8/8/2020 14:58,Agree,Agree
2020/08/08,IL,193998,192698,1300,2190,0,7840,7631,209,18,0,8/9/2020 14:03,Agree,Agree
2020/08/09,IL,195380,194080,1300,1382,0,7845,7636,209,5,0,8/10/2020 14:23,Agree,Agree
2020/08/10,IL,196699,195399,1300,1319,0,7846,7637,209,1,0,8/11/2020 14:16,Agree,Agree
2020/08/11,IL,198248,196948,1300,1549,0,7866,7657,209,20,0,8/12/2020 13:50,Agree,Agree
2020/08/12,IL,199893,198593,1300,1645,0,7881,7672,209,15,0,8/13/2020 14:12,Agree,Agree
2020/08/13,IL,201727,200427,1300,1834,0,7905,7696,209,24,0,8/14/2020 14:30,Agree,Agree
2020/08/14,IL,204023,202691,1332,2296,32,7932,7721,211,27,2,8/15/2020 14:02,Agree,Agree
2020/08/15,IL,205851,204519,1332,1828,0,7937,7726,211,5,0,8/16/2020 14:57,Agree,Agree
2020/08/16,IL,207413,206081,1332,1562,0,7955,7744,211,18,0,8/17/2020 14:26,Agree,Agree
2020/08/17,IL,209186,207854,1332,1773,0,7967,7756,211,12,0,8/18/2020 14:26,Agree,Agree
2020/08/18,IL,210926,209594,1332,1740,0,7993,7782,211,26,0,8/19/2020 14:23,Agree,Agree
2020/08/19,IL,213221,211889,1332,2295,0,8017,7806,211,24,0,8/20/2020 15:11,Agree,Agree
2020/08/20,IL,215053,213721,1332,1832,0,8044,7833,211,27,0,8/21/2020 14:27,Agree,Agree
2020/08/21,IL,217346,215929,1417,2293,85,8066,7857,209,22,-2,8/22/2020 14:21,Agree,Agree
2020/08/22,IL,219702,218285,1417,2356,0,8083,7874,209,17,0,8/23/2020 14:15,Agree,Agree
2020/08/23,IL,221595,220178,1417,1893,0,8089,7880,209,6,0,8/24/2020 13:54,Agree,Agree
2020/08/24,IL,223207,221790,1417,1612,0,8097,7888,209,8,0,8/25/2020 14:02,Agree,Agree
2020/08/25,IL,224887,223470,1417,1680,0,8126,7917,209,29,0,8/26/2020 13:51,Agree,Agree
2020/08/26,IL,227044,225627,1417,2157,0,8163,7954,209,37,0,8/27/2020 13:42,Agree,Agree
2020/08/27,IL,228751,227334,1417,1707,0,8186,7977,209,23,0,8/28/2020 13:43,Agree,Agree
2020/08/28,IL,231185,229483,1702,2434,285,8206,7997,209,20,0,8/29/2020 13:42,Agree,Agree
2020/08/29,IL,233065,231363,1702,1880,0,8217,8008,209,11,0,8/30/2020 14:49,Agree,Agree
2020/08/30,IL,235057,233355,1702,1992,0,8228,8019,209,11,0,8/31/2020 14:05,Agree,Agree
2020/08/31,IL,236725,235023,1702,1668,0,8235,8026,209,7,0,9/1/2020 14:09,Agree,Agree
2020/09/01,IL,238217,236515,1702,1492,0,8273,8064,209,38,0,9/2/2020 13:49,Agree,Agree
2020/09/02,IL,240345,238643,1702,2128,0,8300,8091,209,27,0,9/3/2020 14:18,Agree,Agree
2020/09/03,IL,241705,240003,1702,1360,0,8324,8115,209,24,0,9/4/2020 13:36,Agree,Agree
2020/09/04,IL,247299,245371,1928,5594,226,8362,8143,219,38,10,9/5/2020 14:09,Agree,Agree
2020/09/05,IL,250105,248177,1928,2806,0,8385,8166,219,23,0,9/6/2020 14:09,Agree,Agree
2020/09/06,IL,251508,249580,1928,1403,0,8390,8171,219,5,0,9/7/2020 13:37,Agree,Agree
2020/09/07,IL,252889,250961,1928,1381,0,8398,8179,219,8,0,9/8/2020 14:47,Agree,Agree
2020/09/08,IL,254281,252353,1928,1392,0,8405,8186,219,7,0,9/9/2020 13:47,Agree,Agree
2020/09/09,IL,255618,253690,1928,1337,0,8433,8214,219,28,0,9/10/2020 14:02,Agree,Agree
2020/09/10,IL,257571,255643,1928,1953,0,8461,8242,219,28,0,9/11/2020 13:51,Agree,Agree
2020/09/11,IL,259883,257788,2095,2312,167,8505,8273,232,44,13,9/12/2020 14:12,Agree,Agree
2020/09/12,IL,262004,259909,2095,2121,0,8527,8295,232,22,0,9/13/2020 16:17,Agree,Agree
2020/09/13,IL,263466,261371,2095,1462,0,8541,8309,232,14,0,9/14/2020 14:01,Agree,Agree
2020/09/14,IL,264839,262744,2095,1373,0,8546,8314,232,5,0,9/15/2020 14:03,Agree,Agree
2020/09/15,IL,266305,264210,2095,1466,0,8564,8332,232,18,0,9/16/2020 13:53,Agree,Agree
2020/09/16,IL,268246,266151,2095,1941,0,8599,8367,232,35,0,9/17/2020 13:45,Agree,Agree
2020/09/17,IL,270302,268207,2095,2056,0,8624,8392,232,25,0,9/18/2020 13:48,Agree,Agree
2020/09/18,IL,272525,270327,2198,2223,103,8647,8411,236,23,4,9/19/2020 14:00,Agree,Agree
2020/09/19,IL,275054,272856,2198,2529,0,8672,8436,236,25,0,9/20/2020 13:53,Agree,Agree
2020/09/20,IL,276456,274258,2198,1402,0,8686,8450,236,14,0,9/21/2020 13:47,Agree,Agree
2020/09/21,IL,277933,275735,2198,1477,0,8693,8457,236,7,0,9/22/2020 13:51,Agree,Agree
2020/09/22,IL,279464,277266,2198,1531,0,8722,8486,236,29,0,9/23/2020 13:51,Agree,Agree
2020/09/23,IL,281312,279114,2198,1848,0,8744,8508,236,22,0,9/24/2020 13:54,Agree,Agree
2020/09/24,IL,283569,281371,2198,2257,0,8774,8538,236,30,0,9/25/2020 13:54,Agree,Agree
2020/09/25,IL,286374,283885,2489,2805,291,8807,8563,244,33,8,9/26/2020 13:46,Agree,Agree
2020/01/22,TX,0,,,0,,0,,,0,,3/26/2020 16:22,Not agree,Not agree
2020/01/23,TX,0,,,0,,0,,,0,,3/26/2020 16:22,Not agree,Not agree
2020/01/24,TX,0,,,0,,0,,,0,,3/26/2020 16:22,Not agree,Not agree
2020/01/25,TX,0,,,0,,0,,,0,,3/26/2020 16:22,Not agree,Not agree
2020/01/26,TX,0,,,0,,0,,,0,,3/26/2020 16:22,Not agree,Not agree
2020/01/27,TX,0,,,0,,0,,,0,,3/26/2020 16:22,Not agree,Not agree
2020/01/28,TX,0,,,0,,0,,,0,,3/26/2020 16:22,Not agree,Not agree
2020/01/29,TX,0,,,0,,0,,,0,,3/26/2020 16:22,Not agree,Not agree
2020/01/30,TX,0,,,0,,0,,,0,,3/26/2020 16:22,Not agree,Not agree
2020/01/31,TX,0,,,0,,0,,,0,,3/26/2020 16:22,Not agree,Not agree
2020/02/01,TX,0,,,0,,0,,,0,,3/26/2020 16:22,Not agree,Not agree
2020/02/02,TX,0,,,0,,0,,,0,,3/26/2020 16:22,Not agree,Not agree
2020/02/03,TX,0,,,0,,0,,,0,,3/26/2020 16:22,Not agree,Not agree
2020/02/04,TX,0,,,0,,0,,,0,,3/26/2020 16:22,Not agree,Not agree
2020/02/05,TX,0,,,0,,0,,,0,,3/26/2020 16:22,Not agree,Not agree
2020/02/06,TX,0,,,0,,0,,,0,,3/26/2020 16:22,Not agree,Not agree
2020/02/07,TX,0,,,0,,0,,,0,,3/26/2020 16:22,Not agree,Not agree
2020/02/08,TX,0,,,0,,0,,,0,,3/26/2020 16:22,Not agree,Not agree
2020/02/09,TX,0,,,0,,0,,,0,,3/26/2020 16:22,Not agree,Not agree
2020/02/10,TX,0,,,0,,0,,,0,,3/26/2020 16:22,Not agree,Not agree
2020/02/11,TX,0,,,0,,0,,,0,,3/26/2020 16:22,Not agree,Not agree
2020/02/12,TX,0,,,0,,0,,,0,,3/26/2020 16:22,Not agree,Not agree
2020/02/13,TX,0,,,0,,0,,,0,,3/26/2020 16:22,Not agree,Not agree
2020/02/14,TX,0,,,0,,0,,,0,,3/26/2020 16:22,Not agree,Not agree
2020/02/15,TX,0,,,0,,0,,,0,,3/26/2020 16:22,Not agree,Not agree
2020/02/16,TX,0,,,0,,0,,,0,,3/26/2020 16:22,Not agree,Not agree
2020/02/17,TX,0,,,0,,0,,,0,,3/26/2020 16:22,Not agree,Not agree
2020/02/18,TX,0,,,0,,0,,,0,,3/26/2020 16:22,Not agree,Not agree
2020/02/19,TX,0,,,0,,0,,,0,,3/26/2020 16:22,Not agree,Not agree
2020/02/20,TX,0,,,0,,0,,,0,,3/26/2020 16:22,Not agree,Not agree
2020/02/21,TX,0,,,0,,0,,,0,,3/26/2020 16:22,Not agree,Not agree
2020/02/22,TX,0,,,0,,0,,,0,,3/26/2020 16:22,Not agree,Not agree
2020/02/23,TX,0,,,0,,0,,,0,,3/26/2020 16:22,Not agree,Not agree
2020/02/24,TX,0,,,0,,0,,,0,,3/26/2020 16:22,Not agree,Not agree
2020/02/25,TX,0,,,0,,0,,,0,,3/26/2020 16:22,Not agree,Not agree
2020/02/26,TX,0,,,0,,0,,,0,,3/26/2020 16:22,Not agree,Not agree
2020/02/27,TX,0,,,0,,0,,,0,,3/26/2020 16:22,Not agree,Not agree
2020/02/28,TX,0,,,0,,0,,,0,,3/26/2020 16:22,Not agree,Not agree
2020/02/29,TX,0,,,0,,0,,,0,,3/26/2020 16:22,Not agree,Not agree
2020/03/01,TX,0,,,0,,0,,,0,,3/26/2020 16:22,Not agree,Not agree
2020/03/02,TX,0,,,0,,0,,,0,,3/26/2020 16:22,Not agree,Not agree
2020/03/03,TX,0,,,0,,0,,,0,,3/26/2020 16:22,Not agree,Not agree
2020/03/04,TX,0,,,0,,0,,,0,,3/26/2020 16:22,Not agree,Not agree
2020/03/05,TX,3,,,3,,0,,,0,,3/26/2020 16:22,Not agree,Not agree
2020/03/06,TX,5,,,2,,0,,,0,,3/26/2020 16:22,Not agree,Not agree
2020/03/07,TX,5,,,0,,0,,,0,,3/26/2020 16:22,Not agree,Not agree
2020/03/08,TX,6,,,1,,0,,,0,,3/26/2020 16:22,Not agree,Not agree
2020/03/09,TX,13,,,7,,0,,,0,,3/26/2020 16:22,Not agree,Not agree
2020/03/10,TX,15,,,2,,0,,,0,,3/26/2020 16:22,Not agree,Not agree
2020/03/11,TX,23,,,8,,0,,,0,,3/26/2020 16:22,Not agree,Not agree
2020/03/12,TX,24,,,1,,0,,,0,,3/26/2020 16:22,Not agree,Not agree
2020/03/13,TX,36,,,12,,0,,,0,,3/26/2020 16:22,Not agree,Not agree
2020/03/14,TX,43,,,7,,0,,,0,,3/26/2020 16:22,Not agree,Not agree
2020/03/15,TX,51,,,8,,0,,,0,,3/26/2020 16:22,Not agree,Not agree
2020/03/16,TX,57,,,6,,0,,,0,,3/26/2020 16:22,Not agree,Not agree
2020/03/17,TX,64,,,7,,1,,,1,,3/26/2020 16:22,Not agree,Not agree
2020/03/18,TX,83,,,19,,2,,,1,,3/26/2020 16:22,Not agree,Not agree
2020/03/19,TX,143,,,60,,3,,,1,,3/26/2020 16:22,Not agree,Not agree
2020/03/20,TX,401,,,258,,5,,,2,,3/26/2020 16:22,Not agree,Not agree
2020/03/21,TX,507,,,106,,5,,,0,,3/26/2020 16:22,Not agree,Not agree
2020/03/22,TX,507,,,0,,5,,,0,,3/26/2020 16:22,Not agree,Not agree
2020/03/23,TX,507,,,0,,8,,,3,,3/26/2020 16:22,Not agree,Not agree
2020/03/24,TX,715,,,208,,11,,,3,,3/26/2020 16:22,Not agree,Not agree
2020/03/25,TX,974,,,259,,12,,,1,,3/26/2020 16:22,Not agree,Not agree
2020/03/26,TX,1396,,,422,,18,,,6,,3/26/2020 16:22,Not agree,Not agree
2020/03/27,TX,1731,,,335,,23,,,5,,3/26/2020 16:22,Not agree,Not agree
2020/03/28,TX,2052,,,321,,27,,,4,,3/28/2020 16:22,Not agree,Not agree
2020/03/29,TX,2552,,,500,,34,,,7,,3/28/2020 16:22,Not agree,Not agree
2020/03/30,TX,2877,,,325,,38,,,4,,3/29/2020 16:22,Not agree,Not agree
2020/03/31,TX,3266,,,389,,41,,,3,,3/30/2020 16:22,Not agree,Not agree
2020/04/01,TX,3997,,,731,,58,,,17,,3/31/2020 16:22,Not agree,Not agree
2020/04/02,TX,4669,,,672,,70,,,12,,4/1/2020 16:22,Not agree,Not agree
2020/04/03,TX,5330,,,661,,90,,,20,,4/3/2020 16:22,Not agree,Not agree
2020/04/04,TX,6110,,,780,,105,,,15,,4/3/2020 16:22,Not agree,Not agree
2020/04/05,TX,6812,,,702,,127,,,22,,4/4/2020 16:22,Not agree,Not agree
2020/04/06,TX,7276,,,464,,140,,,13,,4/5/2020 16:22,Not agree,Not agree
2020/04/07,TX,8262,,,986,,154,,,14,,4/7/2020 16:22,Not agree,Not agree
2020/04/08,TX,9353,,,1091,,177,,,23,,4/7/2020 16:22,Not agree,Not agree
2020/04/09,TX,10230,,,877,,199,,,22,,4/8/2020 16:22,Not agree,Not agree
2020/04/10,TX,11671,,,1441,,226,,,27,,4/9/2020 16:22,Not agree,Not agree
2020/04/11,TX,12561,,,890,,254,,,28,,4/10/2020 16:22,Not agree,Not agree
2020/04/12,TX,13484,,,923,,271,,,17,,4/11/2020 16:22,Not agree,Not agree
2020/04/13,TX,13906,,,422,,287,,,16,,4/12/2020 16:22,Not agree,Not agree
2020/04/14,TX,14624,,,718,,318,,,31,,4/13/2020 16:22,Not agree,Not agree
2020/04/15,TX,15492,,,868,,364,,,46,,4/15/2020 16:22,Not agree,Not agree
2020/04/16,TX,16455,,,963,,393,,,29,,4/16/2020 16:22,Not agree,Not agree
2020/04/17,TX,17371,,,916,,428,,,35,,4/17/2020 16:22,Not agree,Not agree
2020/04/18,TX,18260,,,889,,453,,,25,,4/18/2020 16:22,Not agree,Not agree
2020/04/19,TX,18923,,,663,0,477,,,24,0,4/19/2020 16:22,Not agree,Not agree
2020/04/20,TX,19458,,,535,,495,,,18,0,4/20/2020 16:22,Not agree,Not agree
2020/04/21,TX,20196,,,738,0,517,,,22,0,4/21/2020 16:22,Not agree,Not agree
2020/04/22,TX,21069,,,873,0,543,,,26,0,4/22/2020 16:22,Not agree,Not agree
2020/04/23,TX,21944,,,875,0,561,,,18,0,5/25/2020 15:38,Not agree,Not agree
2020/04/24,TX,22806,,,862,0,593,,,32,0,5/25/2020 15:38,Not agree,Not agree
2020/04/25,TX,23773,,,967,0,623,,,30,0,5/25/2020 15:38,Not agree,Not agree
2020/04/26,TX,24631,,,858,0,648,,,25,0,5/25/2020 15:38,Not agree,Not agree
2020/04/27,TX,25297,,,666,0,663,,,15,0,5/25/2020 15:38,Not agree,Not agree
2020/04/28,TX,26171,,,874,0,690,,,27,0,4/29/2020 18:12,Not agree,Not agree
2020/04/29,TX,27054,,,883,0,732,,,42,0,4/30/2020 16:07,Not agree,Not agree
2020/04/30,TX,28087,,,1033,0,782,,,50,0,5/1/2020 21:00,Not agree,Not agree
2020/05/01,TX,29229,,,1142,0,816,,,34,0,5/2/2020 15:47,Not agree,Not agree
2020/05/02,TX,30552,,,1323,0,847,,,31,0,5/3/2020 15:36,Not agree,Not agree
2020/05/03,TX,31548,,,996,0,867,,,20,0,5/4/2020 22:49,Not agree,Not agree
2020/05/04,TX,32332,,,784,0,884,,,17,0,5/5/2020 17:25,Not agree,Not agree
2020/05/05,TX,33369,,,1037,0,906,,,22,0,5/6/2020 16:23,Not agree,Not agree
2020/05/06,TX,34422,,,1053,0,948,,,42,0,5/7/2020 22:59,Not agree,Not agree
2020/05/07,TX,35390,,,968,0,973,,,25,0,5/8/2020 21:26,Not agree,Not agree
2020/05/08,TX,36609,,,1219,0,1004,,,31,0,5/9/2020 21:26,Not agree,Not agree
2020/05/09,TX,37860,,,1251,0,1049,,,45,0,5/10/2020 21:26,Not agree,Not agree
2020/05/10,TX,38869,,,1009,0,1088,,,39,0,5/11/2020 21:26,Not agree,Not agree
2020/05/11,TX,39869,,,1000,0,1100,,,12,0,5/12/2020 17:26,Not agree,Not agree
2020/05/12,TX,41048,,,1179,0,1133,,,33,0,5/13/2020 15:26,Not agree,Not agree
2020/05/13,TX,42403,,,1355,0,1158,,,25,0,5/14/2020 17:25,Not agree,Not agree
2020/05/14,TX,43851,,,1448,0,1216,,,58,0,5/15/2020 16:11,Not agree,Not agree
2020/05/15,TX,45198,,,1347,0,1272,,,56,0,5/16/2020 15:46,Not agree,Not agree
2020/05/16,TX,46999,,,1801,0,1305,,,33,0,5/17/2020 15:27,Not agree,Not agree
2020/05/17,TX,47784,,,785,0,1336,,,31,0,5/18/2020 16:01,Not agree,Not agree
2020/05/18,TX,48693,,,909,0,1347,,,11,0,5/19/2020 15:45,Not agree,Not agree
2020/05/19,TX,49912,,,1219,0,1369,,,22,0,5/20/2020 15:28,Not agree,Not agree
2020/05/20,TX,51323,,,1411,0,1419,,,50,0,5/21/2020 15:41,Not agree,Not agree
2020/05/21,TX,52268,,,945,0,1440,,,21,0,5/22/2020 15:31,Not agree,Not agree
2020/05/22,TX,53449,,,1181,0,1480,,,40,0,5/23/2020 17:58,Not agree,Not agree
2020/05/23,TX,54509,,,1060,0,1506,,,26,0,5/24/2020 14:15,Not agree,Not agree
2020/05/24,TX,55348,,,839,0,1519,,,13,0,5/25/2020 14:12,Not agree,Not agree
2020/05/25,TX,55971,,,623,0,1527,,,8,0,5/26/2020 14:23,Not agree,Not agree
2020/05/26,TX,56560,,,589,0,1536,,,9,0,5/27/2020 15:37,Not agree,Not agree
2020/05/27,TX,57921,,,1361,0,1562,,,26,0,5/28/2020 15:12,Not agree,Not agree
2020/05/28,TX,59776,,,1855,0,1601,,,39,0,5/29/2020 14:19,Not agree,Not agree
2020/05/29,TX,61006,,,1230,0,1626,,,25,0,5/30/2020 15:47,Not agree,Not agree
2020/05/30,TX,62338,,,1332,0,1648,,,22,0,5/31/2020 14:43,Not agree,Not agree
2020/05/31,TX,64287,,,1949,0,1672,,,24,0,6/1/2020 14:17,Not agree,Not agree
2020/06/01,TX,64880,,,593,0,1678,,,6,0,6/2/2020 14:16,Not agree,Not agree
2020/06/02,TX,66568,,,1688,0,1698,,,20,0,6/3/2020 14:11,Not agree,Not agree
2020/06/03,TX,68271,,,1703,0,1734,,,36,0,6/4/2020 15:03,Not agree,Not agree
2020/06/04,TX,69920,,,1649,0,1767,,,33,0,6/5/2020 15:17,Not agree,Not agree
2020/06/05,TX,71613,,,1693,0,1788,,,21,0,6/6/2020 14:31,Not agree,Not agree
2020/06/06,TX,73553,,,1940,0,1819,,,31,0,6/7/2020 14:23,Not agree,Not agree
2020/06/07,TX,74978,,,1425,0,1830,,,11,0,6/8/2020 14:55,Not agree,Not agree
2020/06/08,TX,75616,,,638,0,1836,,,6,0,6/9/2020 16:49,Not agree,Not agree
2020/06/09,TX,77253,,,1637,0,1853,,,17,0,6/10/2020 20:56,Not agree,Not agree
2020/06/10,TX,79757,,,2504,0,1885,,,32,0,6/11/2020 14:48,Not agree,Not agree
2020/06/11,TX,81583,,,1826,0,1920,,,35,0,6/12/2020 14:17,Not agree,Not agree
2020/06/12,TX,83680,,,2097,0,1939,,,19,0,6/13/2020 17:46,Not agree,Not agree
2020/06/13,TX,86011,,,2331,0,1957,,,18,0,6/14/2020 14:19,Not agree,Not agree
2020/06/14,TX,87854,,,1843,0,1976,,,19,0,6/15/2020 14:33,Not agree,Not agree
2020/06/15,TX,89108,,,1254,0,1983,,,7,0,6/16/2020 14:10,Not agree,Not agree
2020/06/16,TX,93206,,,4098,0,2029,,,46,0,6/17/2020 15:06,Not agree,Not agree
2020/06/17,TX,96335,,,3129,0,2062,,,33,0,6/18/2020 17:16,Not agree,Not agree
2020/06/18,TX,99851,,,3516,0,2105,,,43,0,6/19/2020 15:01,Not agree,Not agree
2020/06/19,TX,103305,,,3454,0,2140,,,35,0,6/20/2020 14:15,Not agree,Not agree
2020/06/20,TX,107735,,,4430,0,2165,,,25,0,6/21/2020 14:32,Not agree,Not agree
2020/06/21,TX,111601,,,3866,0,2182,,,17,0,6/22/2020 15:24,Not agree,Not agree
2020/06/22,TX,114881,,,3280,0,2192,,,10,0,6/23/2020 14:28,Not agree,Not agree
2020/06/23,TX,120370,,,5489,0,2220,,,28,0,6/24/2020 15:03,Not agree,Not agree
2020/06/24,TX,125921,,,5551,0,2249,,,29,0,6/25/2020 14:07,Not agree,Not agree
2020/06/25,TX,131917,,,5996,0,2296,,,47,0,6/26/2020 19:18,Not agree,Not agree
2020/06/26,TX,137624,,,5707,0,2324,,,28,0,6/27/2020 17:51,Not agree,Not agree
2020/06/27,TX,143371,,,5747,0,2366,,,42,0,6/28/2020 14:59,Not agree,Not agree
2020/06/28,TX,148723,,,5352,0,2393,,,27,0,6/29/2020 14:37,Not agree,Not agree
2020/06/29,TX,153011,,,4288,0,2403,,,10,0,6/30/2020 15:27,Not agree,Not agree
2020/06/30,TX,159986,,,6975,0,2424,,,21,0,7/1/2020 15:45,Not agree,Not agree
2020/07/01,TX,168062,,,8076,0,2481,,,57,0,7/2/2020 15:10,Not agree,Not agree
2020/07/02,TX,175977,,,7915,0,2525,,,44,0,7/3/2020 15:01,Not agree,Not agree
2020/07/03,TX,183532,,,7555,0,2575,,,50,0,7/4/2020 15:30,Not agree,Not agree
2020/07/04,TX,191790,,,8258,0,2608,,,33,0,7/5/2020 15:00,Not agree,Not agree
2020/07/05,TX,195239,,,3449,0,2637,,,29,0,7/6/2020 15:16,Not agree,Not agree
2020/07/06,TX,200557,,,5318,0,2655,,,18,0,7/7/2020 14:58,Not agree,Not agree
2020/07/07,TX,210585,,,10028,0,2715,,,60,0,7/8/2020 14:12,Not agree,Not agree
2020/07/08,TX,220564,,,9979,0,2813,,,98,0,7/9/2020 15:14,Not agree,Not agree
2020/07/09,TX,230346,,,9782,0,2918,,,105,0,7/10/2020 15:35,Not agree,Not agree
2020/07/10,TX,240111,,,9765,0,3013,,,95,0,7/11/2020 18:25,Not agree,Not agree
2020/07/11,TX,250462,,,10351,0,3112,,,99,0,7/12/2020 15:13,Not agree,Not agree
2020/07/12,TX,258658,,,8196,0,3192,,,80,0,7/13/2020 15:19,Not agree,Not agree
2020/07/13,TX,264313,,,5655,0,3235,,,43,0,7/14/2020 15:13,Not agree,Not agree
2020/07/14,TX,275058,,,10745,0,3322,,,87,0,7/15/2020 15:05,Not agree,Not agree
2020/07/15,TX,282365,,,7307,0,3432,,,110,0,7/16/2020 14:22,Not agree,Not agree
2020/07/16,TX,292656,,,10291,0,3561,,,129,0,7/17/2020 14:31,Not agree,Not agree
2020/07/17,TX,307572,,,14916,0,3735,,,174,0,7/18/2020 16:14,Not agree,Not agree
2020/07/18,TX,317730,,,10158,0,3865,,,130,0,7/19/2020 15:05,Not agree,Not agree
2020/07/19,TX,325030,,,7300,0,3958,,,93,0,7/20/2020 14:35,Not agree,Not agree
2020/07/20,TX,332434,,,7404,0,4020,,,62,0,7/21/2020 14:50,Not agree,Not agree
2020/07/21,TX,341739,,,9305,0,4151,,,131,0,7/22/2020 14:51,Not agree,Not agree
2020/07/22,TX,351618,,,9879,0,4348,,,197,0,7/23/2020 14:48,Not agree,Not agree
2020/07/23,TX,361125,,,9507,0,4521,,,173,0,7/24/2020 14:18,Not agree,Not agree
2020/07/24,TX,369826,,,8701,0,4717,,,196,0,7/25/2020 17:40,Not agree,Not agree
2020/07/25,TX,375846,,,6020,0,4885,,,168,0,7/26/2020 15:17,Not agree,Not agree
2020/07/26,TX,381656,,,5810,0,5038,,,153,0,7/27/2020 14:16,Not agree,Not agree
2020/07/27,TX,385923,,,4267,0,5713,,,675,0,7/28/2020 14:21,Not agree,Not agree
2020/07/28,TX,394265,,,8342,0,5877,,,164,0,7/29/2020 14:34,Not agree,Not agree
2020/07/29,TX,403307,,,9042,0,6190,,,313,0,7/30/2020 14:42,Not agree,Not agree
2020/07/30,TX,412107,,,8800,0,6274,,,84,0,7/31/2020 14:35,Not agree,Not agree
2020/07/31,TX,420946,,,8839,0,6569,,,295,0,8/1/2020 14:38,Not agree,Not agree
2020/08/01,TX,430485,,,9539,0,6837,,,268,0,8/2/2020 14:54,Not agree,Not agree
2020/08/02,TX,430485,,,0,0,6837,,,0,0,8/3/2020 14:31,Not agree,Not agree
2020/08/03,TX,442014,,,11529,0,7016,,,179,0,8/4/2020 14:09,Not agree,Not agree
2020/08/04,TX,451181,,,9167,0,7261,,,245,0,8/5/2020 14:13,Not agree,Not agree
2020/08/05,TX,459887,,,8706,0,7497,,,236,0,8/6/2020 14:12,Not agree,Not agree
2020/08/06,TX,467485,,,7598,0,7803,,,306,0,8/7/2020 23:57,Not agree,Not agree
2020/08/07,TX,474524,,,7039,0,8096,,,293,0,8/8/2020 14:58,Not agree,Not agree
2020/08/08,TX,481483,,,6959,0,8343,,,247,0,8/9/2020 14:03,Not agree,Not agree
2020/08/09,TX,486362,,,4879,0,8459,,,116,0,8/10/2020 14:23,Not agree,Not agree
2020/08/10,TX,490817,,,4455,0,8490,,,31,0,8/11/2020 14:16,Not agree,Not agree
2020/08/11,TX,500620,,,9803,0,8710,,,220,0,8/12/2020 13:50,Not agree,Not agree
2020/08/12,TX,506820,,,6200,0,9034,,,324,0,8/13/2020 14:12,Not agree,Not agree
2020/08/13,TX,513575,,,6755,0,9289,,,255,0,8/14/2020 14:30,Not agree,Not agree
2020/08/14,TX,520593,,,7018,0,9602,,,313,0,8/15/2020 14:02,Not agree,Not agree
2020/08/15,TX,528838,,,8245,0,9840,,,238,0,8/16/2020 14:57,Not agree,Not agree
2020/08/16,TX,535042,,,6204,0,9983,,,143,0,8/17/2020 14:26,Not agree,Not agree
2020/08/17,TX,542950,,,7908,0,10034,,,51,0,8/18/2020 14:26,Not agree,Not agree
2020/08/18,TX,550232,,,7282,0,10250,,,216,0,8/19/2020 14:23,Not agree,Not agree
2020/08/19,TX,557256,,,7024,0,10559,,,309,0,8/20/2020 15:11,Not agree,Not agree
2020/08/20,TX,562559,,,5303,0,10793,,,234,0,8/21/2020 14:27,Not agree,Not agree
2020/08/21,TX,567580,,,5021,0,11051,,,258,0,8/22/2020 14:21,Not agree,Not agree
2020/08/22,TX,573139,,,5559,0,11266,,,215,0,8/23/2020 14:15,Not agree,Not agree
2020/08/23,TX,577537,,,4398,0,11370,,,104,0,8/24/2020 13:54,Not agree,Not agree
2020/08/24,TX,580384,,,2847,0,11395,,,25,0,8/25/2020 14:02,Not agree,Not agree
2020/08/25,TX,586730,,,6346,0,11576,,,181,0,8/26/2020 13:51,Not agree,Not agree
2020/08/26,TX,592137,,,5407,0,11805,,,229,0,8/27/2020 13:42,Not agree,Not agree
2020/08/27,TX,597737,,,5600,0,12070,,,265,0,8/28/2020 13:43,Not agree,Not agree
2020/08/28,TX,601768,,,4031,0,12266,,,196,0,8/29/2020 13:42,Not agree,Not agree
2020/08/29,TX,606530,,,4762,0,12420,,,154,0,8/30/2020 14:49,Not agree,Not agree
2020/08/30,TX,610354,,,3824,0,12510,,,90,0,8/31/2020 14:05,Not agree,Not agree
2020/08/31,TX,612969,,,2615,0,12536,,,26,0,9/1/2020 14:09,Not agree,Not agree
2020/09/01,TX,617333,,,4364,0,12681,,,145,0,9/2/2020 13:49,Not agree,Not agree
2020/09/02,TX,621667,,,4334,0,12870,,,189,0,9/3/2020 14:18,Not agree,Not agree
2020/09/03,TX,625347,,,3680,0,13091,,,221,0,9/4/2020 13:36,Not agree,Not agree
2020/09/04,TX,630829,,,5482,0,13231,,,140,0,9/5/2020 14:09,Not agree,Not agree
2020/09/05,TX,635315,,,4486,0,13408,,,177,0,9/6/2020 14:09,Not agree,Not agree
2020/09/06,TX,638310,,,2995,0,13472,,,64,0,9/7/2020 13:37,Not agree,Not agree
2020/09/07,TX,640370,,,2060,0,13492,,,20,0,9/8/2020 14:47,Not agree,Not agree
2020/09/08,TX,641791,,,1421,0,13553,,,61,0,9/9/2020 13:47,Not agree,Not agree
2020/09/09,TX,645791,,,4000,0,13692,,,139,0,9/10/2020 14:02,Not agree,Not agree
2020/09/10,TX,649809,,,4018,0,13853,,,161,0,9/11/2020 13:51,Not agree,Not agree
2020/09/11,TX,653356,,,3547,0,13997,,,144,0,9/12/2020 14:12,Not agree,Not agree
2020/09/12,TX,657589,,,4233,0,14143,,,146,0,9/13/2020 16:17,Not agree,Not agree
2020/09/13,TX,659434,,,1845,0,14190,,,47,0,9/14/2020 14:01,Not agree,Not agree
2020/09/14,TX,663445,,,4011,0,14211,,,21,0,9/15/2020 14:03,Not agree,Not agree
2020/09/15,TX,668746,,,5301,0,14343,,,132,0,9/16/2020 13:53,Not agree,Not agree
2020/09/16,TX,674772,,,6026,0,14478,,,135,0,9/17/2020 13:45,Not agree,Not agree
2020/09/17,TX,678819,,,4047,0,14590,,,112,0,9/18/2020 13:48,Not agree,Not agree
2020/09/18,TX,682241,,,3422,0,14713,,,123,0,9/19/2020 14:00,Not agree,Not agree
2020/09/19,TX,686068,,,3827,0,14848,,,135,0,9/20/2020 13:53,Not agree,Not agree
2020/09/20,TX,688534,,,2466,0,14893,,,45,0,9/21/2020 13:47,Not agree,Not agree
2020/09/21,TX,698387,,,9853,0,14917,,,24,0,9/22/2020 13:51,Not agree,Not agree
2020/09/22,TX,716207,,,17820,0,14994,,,77,0,9/23/2020 13:51,Not agree,Not agree
2020/09/23,TX,719599,,,3392,0,15129,,,135,0,9/24/2020 13:54,Not agree,Not agree
2020/09/24,TX,723919,,,4320,0,15267,,,138,0,9/25/2020 13:54,Not agree,Not agree
2020/09/25,TX,723919,,,0,0,15364,,,97,0,9/26/2020 13:46,Not agree,Not agree
2020/01/22,LA,0,,,0,,0,,,0,,3/26/2020 16:22,Not agree,Agree
2020/01/23,LA,0,,,0,,0,,,0,,3/26/2020 16:22,Not agree,Agree
2020/01/24,LA,0,,,0,,0,,,0,,3/26/2020 16:22,Not agree,Agree
2020/01/25,LA,0,,,0,,0,,,0,,3/26/2020 16:22,Not agree,Agree
2020/01/26,LA,0,,,0,,0,,,0,,3/26/2020 16:22,Not agree,Agree
2020/01/27,LA,0,,,0,,0,,,0,,3/26/2020 16:22,Not agree,Agree
2020/01/28,LA,0,,,0,,0,,,0,,3/26/2020 16:22,Not agree,Agree
2020/01/29,LA,0,,,0,,0,,,0,,3/26/2020 16:22,Not agree,Agree
2020/01/30,LA,0,,,0,,0,,,0,,3/26/2020 16:22,Not agree,Agree
2020/01/31,LA,0,,,0,,0,,,0,,3/26/2020 16:22,Not agree,Agree
2020/02/01,LA,0,,,0,,0,,,0,,3/26/2020 16:22,Not agree,Agree
2020/02/02,LA,0,,,0,,0,,,0,,3/26/2020 16:22,Not agree,Agree
2020/02/03,LA,0,,,0,,0,,,0,,3/26/2020 16:22,Not agree,Agree
2020/02/04,LA,0,,,0,,0,,,0,,3/26/2020 16:22,Not agree,Agree
2020/02/05,LA,0,,,0,,0,,,0,,3/26/2020 16:22,Not agree,Agree
2020/02/06,LA,0,,,0,,0,,,0,,3/26/2020 16:22,Not agree,Agree
2020/02/07,LA,0,,,0,,0,,,0,,3/26/2020 16:22,Not agree,Agree
2020/02/08,LA,0,,,0,,0,,,0,,3/26/2020 16:22,Not agree,Agree
2020/02/09,LA,0,,,0,,0,,,0,,3/26/2020 16:22,Not agree,Agree
2020/02/10,LA,0,,,0,,0,,,0,,3/26/2020 16:22,Not agree,Agree
2020/02/11,LA,0,,,0,,0,,,0,,3/26/2020 16:22,Not agree,Agree
2020/02/12,LA,0,,,0,,0,,,0,,3/26/2020 16:22,Not agree,Agree
2020/02/13,LA,0,,,0,,0,,,0,,3/26/2020 16:22,Not agree,Agree
2020/02/14,LA,0,,,0,,0,,,0,,3/26/2020 16:22,Not agree,Agree
2020/02/15,LA,0,,,0,,0,,,0,,3/26/2020 16:22,Not agree,Agree
2020/02/16,LA,0,,,0,,0,,,0,,3/26/2020 16:22,Not agree,Agree
2020/02/17,LA,0,,,0,,0,,,0,,3/26/2020 16:22,Not agree,Agree
2020/02/18,LA,0,,,0,,0,,,0,,3/26/2020 16:22,Not agree,Agree
2020/02/19,LA,0,,,0,,0,,,0,,3/26/2020 16:22,Not agree,Agree
2020/02/20,LA,0,,,0,,0,,,0,,3/26/2020 16:22,Not agree,Agree
2020/02/21,LA,0,,,0,,0,,,0,,3/26/2020 16:22,Not agree,Agree
2020/02/22,LA,0,,,0,,0,,,0,,3/26/2020 16:22,Not agree,Agree
2020/02/23,LA,0,,,0,,0,,,0,,3/26/2020 16:22,Not agree,Agree
2020/02/24,LA,0,,,0,,0,,,0,,3/26/2020 16:22,Not agree,Agree
2020/02/25,LA,0,,,0,,0,,,0,,3/26/2020 16:22,Not agree,Agree
2020/02/26,LA,0,,,0,,0,,,0,,3/26/2020 16:22,Not agree,Agree
2020/02/27,LA,0,,,0,,0,,,0,,3/26/2020 16:22,Not agree,Agree
2020/02/28,LA,0,,,0,,0,,,0,,3/26/2020 16:22,Not agree,Agree
2020/02/29,LA,0,,,0,,0,,,0,,3/26/2020 16:22,Not agree,Agree
2020/03/01,LA,0,,,0,,0,,,0,,3/26/2020 16:22,Not agree,Agree
2020/03/02,LA,0,,,0,,0,,,0,,3/26/2020 16:22,Not agree,Agree
2020/03/03,LA,0,,,0,,0,,,0,,3/26/2020 16:22,Not agree,Agree
2020/03/04,LA,0,,,0,,0,,,0,,3/26/2020 16:22,Not agree,Agree
2020/03/05,LA,0,,,0,,0,,,0,,3/26/2020 16:22,Not agree,Agree
2020/03/06,LA,0,,,0,,0,,,0,,3/26/2020 16:22,Not agree,Agree
2020/03/07,LA,0,,,0,,0,,,0,,3/26/2020 16:22,Not agree,Agree
2020/03/08,LA,0,,,0,,0,,,0,,3/26/2020 16:22,Not agree,Agree
2020/03/09,LA,1,,,1,,0,,,0,,3/26/2020 16:22,Not agree,Agree
2020/03/10,LA,1,,,0,,0,,,0,,3/26/2020 16:22,Not agree,Agree
2020/03/11,LA,8,,,7,,0,,,0,,3/26/2020 16:22,Not agree,Agree
2020/03/12,LA,14,,,6,,0,,,0,,3/26/2020 16:22,Not agree,Agree
2020/03/13,LA,33,,,19,,0,,,0,,3/26/2020 16:22,Not agree,Agree
2020/03/14,LA,33,,,0,,0,,,0,,3/26/2020 16:22,Not agree,Agree
2020/03/15,LA,101,,,68,,2,,,2,,3/26/2020 16:22,Not agree,Agree
2020/03/16,LA,137,,,36,,3,,,1,,3/26/2020 16:22,Not agree,Agree
2020/03/17,LA,190,,,53,,4,,,1,,3/26/2020 16:22,Not agree,Agree
2020/03/18,LA,261,,,71,,7,,,3,,3/26/2020 16:22,Not agree,Agree
2020/03/19,LA,392,,,131,,10,,,3,,3/26/2020 16:22,Not agree,Agree
2020/03/20,LA,537,,,145,,14,,,4,,3/26/2020 16:22,Not agree,Agree
2020/03/21,LA,763,,,226,,20,,,6,,3/26/2020 16:22,Not agree,Agree
2020/03/22,LA,1035,,,272,,29,,,9,,3/26/2020 16:22,Not agree,Agree
2020/03/23,LA,1172,,,137,,34,,,5,,3/26/2020 16:22,Not agree,Agree
2020/03/24,LA,1388,,,216,,46,,,12,,3/26/2020 16:22,Not agree,Agree
2020/03/25,LA,1946,,,558,,73,,,27,,3/26/2020 16:22,Not agree,Agree
2020/03/26,LA,2305,,,359,,83,,,10,,3/26/2020 16:22,Not agree,Agree
2020/03/27,LA,2746,,,441,,119,,,36,,3/26/2020 16:22,Not agree,Agree
2020/03/28,LA,3315,,,569,,137,,,18,,3/28/2020 16:22,Not agree,Agree
2020/03/29,LA,3540,,,225,,151,,,14,,3/28/2020 16:22,Not agree,Agree
2020/03/30,LA,4025,,,485,,185,,,34,,3/29/2020 16:22,Not agree,Agree
2020/03/31,LA,5237,,,1212,,239,,,54,,3/30/2020 16:22,Not agree,Agree
2020/04/01,LA,6424,,,1187,,273,,,34,,3/31/2020 16:22,Not agree,Agree
2020/04/02,LA,9150,,,2726,,310,,,37,,4/1/2020 16:22,Not agree,Agree
2020/04/03,LA,10297,,,1147,,370,,,60,,4/3/2020 16:22,Not agree,Agree
2020/04/04,LA,12496,,,2199,,409,,,39,,4/3/2020 16:22,Not agree,Agree
2020/04/05,LA,13010,,,514,,477,,,68,,4/4/2020 16:22,Not agree,Agree
2020/04/06,LA,14867,,,1857,,512,,,35,,4/5/2020 16:22,Not agree,Agree
2020/04/07,LA,16284,,,1417,,582,,,70,,4/7/2020 16:22,Not agree,Agree
2020/04/08,LA,17030,,,746,,652,,,70,,4/7/2020 16:22,Not agree,Agree
2020/04/09,LA,18283,,,1253,,702,,,50,,4/8/2020 16:22,Not agree,Agree
2020/04/10,LA,19253,,,970,,755,,,53,,4/9/2020 16:22,Not agree,Agree
2020/04/11,LA,20014,,,761,,806,,,51,,4/10/2020 16:22,Not agree,Agree
2020/04/12,LA,20595,,,581,,840,,,34,,4/11/2020 16:22,Not agree,Agree
2020/04/13,LA,21016,,,421,,884,,,44,,4/12/2020 16:22,Not agree,Agree
2020/04/14,LA,21518,,,502,,1013,,,129,,4/13/2020 16:22,Not agree,Agree
2020/04/15,LA,21951,,,433,,1103,,,90,,4/15/2020 16:22,Not agree,Agree
2020/04/16,LA,22532,,,581,,1156,,,53,,4/16/2020 16:22,Not agree,Agree
2020/04/17,LA,23118,,,586,,1213,,,57,,4/17/2020 16:22,Not agree,Agree
2020/04/18,LA,23580,,,462,,1267,,,54,,4/18/2020 16:22,Not agree,Agree
2020/04/19,LA,23928,,,348,0,1296,1296,0,29,0,4/19/2020 16:22,Not agree,Agree
2020/04/20,LA,24523,,,595,0,1328,1328,0,32,0,4/20/2020 16:22,Not agree,Agree
2020/04/21,LA,24854,,,331,0,1405,1405,0,77,0,4/21/2020 16:22,Not agree,Agree
2020/04/22,LA,25317,,,463,59,1532,1473,59,127,59,4/22/2020 16:22,Not agree,Agree
2020/04/23,LA,25798,,,481,0,1599,1540,59,67,0,5/25/2020 15:38,Not agree,Agree
2020/04/24,LA,26140,,,342,-59,1601,1542,59,2,0,5/25/2020 15:38,Not agree,Agree
2020/04/25,LA,26512,,,372,0,1644,1585,59,43,0,5/25/2020 15:38,Not agree,Agree
2020/04/26,LA,26832,,,320,59,1729,1670,59,85,0,5/25/2020 15:38,Not agree,Agree
2020/04/27,LA,27111,,,279,-16,1740,1697,43,11,-16,5/25/2020 15:38,Not agree,Agree
2020/04/28,LA,27329,,,218,0,1801,1758,43,61,0,4/29/2020 18:12,Not agree,Agree
2020/04/29,LA,27703,,,374,0,1845,1802,43,44,0,4/30/2020 16:07,Not agree,Agree
2020/04/30,LA,28044,,,341,0,1905,1862,43,60,0,5/1/2020 21:00,Not agree,Agree
2020/05/01,LA,28711,,,667,-43,1970,1927,43,65,0,5/2/2020 15:47,Not agree,Agree
2020/05/02,LA,29140,,,429,0,1950,1907,43,-20,0,5/3/2020 15:36,Not agree,Agree
2020/05/03,LA,29383,,,243,43,2012,1969,43,62,0,5/4/2020 22:49,Not agree,Agree
2020/05/04,LA,29746,,,363,30,2064,1991,73,52,30,5/5/2020 17:25,Not agree,Agree
2020/05/05,LA,30069,,,323,0,2115,2042,73,51,0,5/6/2020 16:23,Not agree,Agree
2020/05/06,LA,30399,,,330,-73,2094,2021,73,-21,0,5/7/2020 22:59,Not agree,Agree
2020/05/07,LA,30725,,,326,73,2208,2135,73,114,0,5/8/2020 21:26,Not agree,Agree
2020/05/08,LA,30928,,,203,0,2227,2154,73,19,0,5/9/2020 21:26,Not agree,Agree
2020/05/09,LA,31490,,,562,0,2267,2194,73,40,0,5/10/2020 21:26,Not agree,Agree
2020/05/10,LA,31673,,,183,0,2286,2213,73,19,0,5/11/2020 21:26,Not agree,Agree
2020/05/11,LA,31881,,,208,-7,2308,2242,66,22,-7,5/12/2020 17:26,Not agree,Agree
2020/05/12,LA,32116,,,235,0,2347,2281,66,39,0,5/13/2020 15:26,Not agree,Agree
2020/05/13,LA,32728,,,612,0,2381,2315,66,34,0,5/14/2020 17:25,Not agree,Agree
2020/05/14,LA,33555,,,827,0,2417,2351,66,36,0,5/15/2020 16:11,Not agree,Agree
2020/05/15,LA,33903,,,348,0,2448,2382,66,31,0,5/16/2020 15:46,Not agree,Agree
2020/05/16,LA,34183,,,280,0,2479,2413,66,31,0,5/17/2020 15:27,Not agree,Agree
2020/05/17,LA,34498,,,315,0,2491,2425,66,12,0,5/18/2020 16:01,Not agree,Agree
2020/05/18,LA,34832,,,334,57,2563,2440,123,72,57,5/19/2020 15:45,Not agree,Agree
2020/05/19,LA,35161,,,329,0,2581,2458,123,18,0,5/20/2020 15:28,Not agree,Agree
2020/05/20,LA,35439,,,278,0,2608,2485,123,27,0,5/21/2020 15:41,Not agree,Agree
2020/05/21,LA,36627,,,1188,0,2629,2506,123,21,0,5/22/2020 15:31,Not agree,Agree
2020/05/22,LA,37048,,,421,0,2668,2545,123,39,0,5/23/2020 17:58,Not agree,Agree
2020/05/23,LA,37163,,,115,0,2683,2560,123,15,0,5/24/2020 14:15,Not agree,Agree
2020/05/24,LA,37292,,,129,0,2690,2567,123,7,0,5/25/2020 14:12,Not agree,Agree
2020/05/25,LA,37914,,,622,-18,2690,2585,105,0,-18,5/26/2020 14:23,Not agree,Agree
2020/05/26,LA,38159,,,245,0,2701,2596,105,11,0,5/27/2020 15:37,Not agree,Agree
2020/05/27,LA,38602,,,443,0,2722,2617,105,21,0,5/28/2020 15:12,Not agree,Agree
2020/05/28,LA,38907,,,305,0,2740,2635,105,18,0,5/29/2020 14:19,Not agree,Agree
2020/05/29,LA,38907,,,0,0,2766,2661,105,26,0,5/30/2020 15:47,Not agree,Agree
2020/05/30,LA,39682,,,775,0,2785,2680,105,19,0,5/31/2020 14:43,Not agree,Agree
2020/05/31,LA,39916,,,234,-105,2791,2686,105,6,0,6/1/2020 14:17,Not agree,Agree
2020/06/01,LA,40452,,,536,111,2801,2690,111,10,6,6/2/2020 14:16,Not agree,Agree
2020/06/02,LA,40857,,,405,0,2835,2724,111,34,0,6/3/2020 14:11,Not agree,Agree
2020/06/03,LA,41133,,,276,-111,2870,2759,111,35,0,6/4/2020 15:03,Not agree,Agree
2020/06/04,LA,41562,,,429,0,2883,2772,111,13,0,6/5/2020 15:17,Not agree,Agree
2020/06/05,LA,41989,,,427,0,2912,2801,111,29,0,6/6/2020 14:31,Not agree,Agree
2020/06/06,LA,42486,,,497,0,2925,2814,111,13,0,6/7/2020 14:23,Not agree,Agree
2020/06/07,LA,42816,,,330,0,2936,2825,111,11,0,6/8/2020 14:55,Not agree,Agree
2020/06/08,LA,43050,,,234,0,2944,2831,113,8,2,6/9/2020 16:49,Not agree,Agree
2020/06/09,LA,43612,,,562,0,2957,2844,113,13,0,6/10/2020 20:56,Not agree,Agree
2020/06/10,LA,44030,,,418,0,2968,2855,113,11,0,6/11/2020 14:48,Not agree,Agree
2020/06/11,LA,44472,,,442,0,2987,2874,113,19,0,6/12/2020 14:17,Not agree,Agree
2020/06/12,LA,44995,,,523,0,2996,2883,113,9,0,6/13/2020 17:46,Not agree,Agree
2020/06/13,LA,46283,,,1288,0,3004,2891,113,8,0,6/14/2020 14:19,Not agree,Agree
2020/06/14,LA,46619,,,336,0,3014,2901,113,10,0,6/15/2020 14:33,Not agree,Agree
2020/06/15,LA,47172,,,553,0,3018,2906,112,4,-1,6/16/2020 14:10,Not agree,Agree
2020/06/16,LA,47706,,,534,0,3042,2930,112,24,0,6/17/2020 15:06,Not agree,Agree
2020/06/17,LA,48634,,,928,0,3062,2950,112,20,0,6/18/2020 17:16,Not agree,Agree
2020/06/18,LA,48634,,,0,0,3062,2950,112,0,0,6/19/2020 15:01,Not agree,Agree
2020/06/19,LA,48515,,,-119,0,3084,2972,112,22,0,6/20/2020 14:15,Not agree,Agree
2020/06/20,LA,49385,,,870,0,3104,2992,112,20,0,6/21/2020 14:32,Not agree,Agree
2020/06/21,LA,49778,,,393,0,3105,2993,112,1,0,6/22/2020 15:24,Not agree,Agree
2020/06/22,LA,50239,,,461,0,3117,3004,113,12,1,6/23/2020 14:28,Not agree,Agree
2020/06/23,LA,51595,,,1356,0,3134,3021,113,17,0,6/24/2020 15:03,Not agree,Agree
2020/06/24,LA,52477,,,882,0,3152,3039,113,18,0,6/25/2020 14:07,Not agree,Agree
2020/06/25,LA,53415,,,938,0,3164,3051,113,12,0,6/26/2020 19:18,Not agree,Agree
2020/06/26,LA,54769,,,1354,0,3190,3077,113,26,0,6/27/2020 17:51,Not agree,Agree
2020/06/27,LA,54769,,,0,0,3190,3077,113,0,0,6/28/2020 14:59,Not agree,Agree
2020/06/28,LA,56236,,,1467,0,3199,3086,113,9,0,6/29/2020 14:37,Not agree,Agree
2020/06/29,LA,57081,,,845,0,3199,3091,108,0,-5,6/30/2020 15:27,Not agree,Agree
2020/06/30,LA,58095,,,1014,0,3221,3113,108,22,0,7/1/2020 15:45,Not agree,Agree
2020/07/01,LA,60178,,,2083,0,3238,3130,108,17,0,7/2/2020 15:10,Not agree,Agree
2020/07/02,LA,61561,,,1383,0,3255,3147,108,17,0,7/3/2020 15:01,Not agree,Agree
2020/07/03,LA,63289,,,1728,0,3278,3170,108,23,0,7/4/2020 15:30,Not agree,Agree
2020/07/04,LA,63289,,,0,0,3278,3170,108,0,0,7/5/2020 15:00,Not agree,Agree
2020/07/05,LA,65226,,,1937,0,3288,3180,108,10,0,7/6/2020 15:16,Not agree,Agree
2020/07/06,LA,66327,,,1101,0,3296,3188,108,8,0,7/7/2020 14:58,Not agree,Agree
2020/07/07,LA,68263,,,1936,0,3319,3211,108,23,0,7/8/2020 14:12,Not agree,Agree
2020/07/08,LA,70151,,,1888,0,3339,3231,108,20,0,7/9/2020 15:14,Not agree,Agree
2020/07/09,LA,71994,,,1843,0,3355,3247,108,16,0,7/10/2020 15:35,Not agree,Agree
2020/07/10,LA,74636,,,2642,0,3380,3272,108,25,0,7/11/2020 18:25,Not agree,Agree
2020/07/11,LA,76803,,,2167,0,3403,3295,108,23,0,7/12/2020 15:13,Not agree,Agree
2020/07/12,LA,78122,,,1319,0,3416,3308,108,13,0,7/13/2020 15:19,Not agree,Agree
2020/07/13,LA,79827,,,1705,0,3423,3315,108,7,0,7/14/2020 15:13,Not agree,Agree
2020/07/14,LA,82042,,,2215,0,3445,3337,108,22,0,7/15/2020 15:05,Not agree,Agree
2020/07/15,LA,84131,,,2089,0,3461,3351,110,16,2,7/16/2020 14:22,Not agree,Agree
2020/07/16,LA,86411,,,2280,0,3485,3375,110,24,0,7/17/2020 14:31,Not agree,Agree
2020/07/17,LA,88590,,,2179,0,3509,3399,110,24,0,7/18/2020 16:14,Not agree,Agree
2020/07/18,LA,88590,,,0,0,3509,3399,110,0,0,7/19/2020 15:05,Not agree,Agree
2020/07/19,LA,91706,,,3116,0,3543,3433,110,34,0,7/20/2020 14:35,Not agree,Agree
2020/07/20,LA,94892,,,3186,0,3572,3462,110,29,0,7/21/2020 14:50,Not agree,Agree
2020/07/21,LA,96583,,,1691,0,3608,3498,110,36,0,7/22/2020 14:51,Not agree,Agree
2020/07/22,LA,99354,,,2771,0,3670,3558,112,62,2,7/23/2020 14:48,Not agree,Agree
2020/07/23,LA,101650,,,2296,0,3686,3574,112,16,0,7/24/2020 14:18,Not agree,Agree
2020/07/24,LA,103734,,,2084,0,3715,3603,112,29,0,7/25/2020 17:40,Not agree,Agree
2020/07/25,LA,103734,,,0,0,3715,3603,112,0,0,7/26/2020 15:17,Not agree,Agree
2020/07/26,LA,107574,,,3840,0,3763,3651,112,48,0,7/27/2020 14:16,Not agree,Agree
2020/07/27,LA,109917,,,2343,0,3786,3674,112,23,0,7/28/2020 14:21,Not agree,Agree
2020/07/28,LA,111038,,,1121,0,3812,3700,112,26,0,7/29/2020 14:34,Not agree,Agree
2020/07/29,LA,112773,,,1735,0,3883,3769,114,71,2,7/30/2020 14:42,Not agree,Agree
2020/07/30,LA,114481,,,1708,0,3925,3811,114,42,0,7/31/2020 14:35,Not agree,Agree
2020/07/31,LA,116280,,,1799,0,3949,3835,114,24,0,8/1/2020 14:38,Not agree,Agree
2020/08/01,LA,116280,,,0,0,3949,3835,114,0,0,8/2/2020 14:54,Not agree,Agree
2020/08/02,LA,119747,,,3467,0,4007,3893,114,58,0,8/3/2020 14:31,Not agree,Agree
2020/08/03,LA,120846,,,1099,0,4024,3910,114,17,0,8/4/2020 14:09,Not agree,Agree
2020/08/04,LA,124461,,,3615,0,4051,3937,114,27,0,8/5/2020 14:13,Not agree,Agree
2020/08/05,LA,125943,,,1482,0,4096,3978,118,45,4,8/6/2020 14:12,Not agree,Agree
2020/08/06,LA,127246,,,1303,0,4146,4028,118,50,0,8/7/2020 23:57,Not agree,Agree
2020/08/07,LA,128746,,,1500,0,4207,4089,118,61,0,8/8/2020 14:58,Not agree,Agree
2020/08/08,LA,128746,,,0,0,4207,4089,118,0,0,8/9/2020 14:03,Not agree,Agree
2020/08/09,LA,131399,,,2653,0,4263,4145,118,56,0,8/10/2020 14:23,Not agree,Agree
2020/08/10,LA,131961,,,562,0,4287,4169,118,24,0,8/11/2020 14:16,Not agree,Agree
2020/08/11,LA,133125,,,1164,0,4313,4195,118,26,0,8/12/2020 13:50,Not agree,Agree
2020/08/12,LA,134304,,,1179,0,4361,4238,123,48,5,8/13/2020 14:12,Not agree,Agree
2020/08/13,LA,135439,,,1135,0,4402,4279,123,41,0,8/14/2020 14:30,Not agree,Agree
2020/08/14,LA,136737,,,1298,0,4430,4307,123,28,0,8/15/2020 14:02,Not agree,Agree
2020/08/15,LA,136737,,,0,0,4430,4307,123,0,0,8/16/2020 14:57,Not agree,Agree
2020/08/16,LA,137918,,,1181,0,4507,4384,123,77,0,8/17/2020 14:26,Not agree,Agree
2020/08/17,LA,138485,,,567,0,4526,4403,123,19,0,8/18/2020 14:26,Not agree,Agree
2020/08/18,LA,139125,,,640,0,4554,4431,123,28,0,8/19/2020 14:23,Not agree,Agree
2020/08/19,LA,139903,,,778,0,4609,4468,141,55,18,8/20/2020 15:11,Not agree,Agree
2020/08/20,LA,140821,,,918,0,4637,4496,141,28,0,8/21/2020 14:27,Not agree,Agree
2020/08/21,LA,141720,,,899,0,4687,4546,141,50,0,8/22/2020 14:21,Not agree,Agree
2020/08/22,LA,141720,,,0,0,4687,4546,141,0,0,8/23/2020 14:15,Not agree,Agree
2020/08/23,LA,142943,,,1223,0,4746,4605,141,59,0,8/24/2020 13:54,Not agree,Agree
2020/08/24,LA,143566,,,623,0,4764,4623,141,18,0,8/25/2020 14:02,Not agree,Agree
2020/08/25,LA,144116,,,550,0,4797,4656,141,33,0,8/26/2020 13:51,Not agree,Agree
2020/08/26,LA,145661,,,1545,701,4851,4688,163,54,22,8/27/2020 13:42,Not agree,Agree
2020/08/27,LA,146338,,,677,0,4874,4711,163,23,0,8/28/2020 13:43,Not agree,Agree
2020/08/28,LA,146944,,,606,0,4904,4741,163,30,0,8/29/2020 13:42,Not agree,Agree
2020/08/29,LA,146944,,,0,0,4904,4741,163,0,0,8/30/2020 14:49,Not agree,Agree
2020/08/30,LA,148568,,,1624,0,4931,4768,163,27,0,8/31/2020 14:05,Not agree,Agree
2020/08/31,LA,148894,,,326,0,4950,4787,163,19,0,9/1/2020 14:09,Not agree,Agree
2020/09/01,LA,149583,,,689,0,5004,4821,183,54,20,9/2/2020 13:49,Not agree,Agree
2020/09/02,LA,150734,,,1151,195,5004,4841,163,0,-20,9/3/2020 14:18,Not agree,Agree
2020/09/03,LA,151547,,,813,0,5021,4858,163,17,0,9/4/2020 13:36,Not agree,Agree
2020/09/04,LA,152369,,,822,0,5035,4872,163,14,0,9/5/2020 14:09,Not agree,Agree
2020/09/05,LA,152369,,,0,0,5035,4872,163,0,0,9/6/2020 14:09,Not agree,Agree
2020/09/06,LA,153764,,,1395,0,5093,4930,163,58,0,9/7/2020 13:37,Not agree,Agree
2020/09/07,LA,154073,,,309,0,5105,4942,163,12,0,9/8/2020 14:47,Not agree,Agree
2020/09/08,LA,154329,,,256,0,5118,4955,163,13,0,9/9/2020 13:47,Not agree,Agree
2020/09/09,LA,155890,,,1561,39,5140,4970,170,22,7,9/10/2020 14:02,Not agree,Agree
2020/09/10,LA,156354,,,464,0,5161,4991,170,21,0,9/11/2020 13:51,Not agree,Agree
2020/09/11,LA,157109,,,755,0,5202,5032,170,41,0,9/12/2020 14:12,Not agree,Agree
2020/09/12,LA,157109,,,0,0,5202,5032,170,0,0,9/13/2020 16:17,Not agree,Agree
2020/09/13,LA,158390,,,1281,0,5235,5065,170,33,0,9/14/2020 14:01,Not agree,Agree
2020/09/14,LA,158882,,,492,0,5252,5082,170,17,0,9/15/2020 14:03,Not agree,Agree
2020/09/15,LA,159253,,,371,0,5278,5108,170,26,0,9/16/2020 13:53,Not agree,Agree
2020/09/16,LA,159865,,,612,104,5294,5126,168,16,-2,9/17/2020 13:45,Not agree,Agree
2020/09/17,LA,160343,,,478,0,5311,5143,168,17,0,9/18/2020 13:48,Not agree,Agree
2020/09/18,LA,161322,,,979,0,5340,5172,168,29,0,9/19/2020 14:00,Not agree,Agree
2020/09/19,LA,161322,,,0,0,5340,5172,168,0,0,9/20/2020 13:53,Not agree,Agree
2020/09/20,LA,162258,,,936,0,5366,5198,168,26,0,9/21/2020 13:47,Not agree,Agree
2020/09/21,LA,162501,,,243,0,5375,5207,168,9,0,9/22/2020 13:51,Not agree,Agree
2020/09/22,LA,163253,,,752,0,5386,5218,168,11,0,9/23/2020 13:51,Not agree,Agree
2020/09/23,LA,163869,,,616,185,5407,5225,182,21,14,9/24/2020 13:54,Not agree,Agree
2020/09/24,LA,164446,,,577,0,5423,5241,182,16,0,9/25/2020 13:54,Not agree,Agree
2020/09/25,LA,165152,,,706,0,5444,5262,182,21,0,9/26/2020 13:46,Not agree,Agree
2020/01/22,WI,0,,,0,,0,,,0,,3/26/2020 16:22,Agree,Agree
2020/01/23,WI,0,,,0,,0,,,0,,3/26/2020 16:22,Agree,Agree
2020/01/24,WI,0,,,0,,0,,,0,,3/26/2020 16:22,Agree,Agree
2020/01/25,WI,0,,,0,,0,,,0,,3/26/2020 16:22,Agree,Agree
2020/01/26,WI,0,,,0,,0,,,0,,3/26/2020 16:22,Agree,Agree
2020/01/27,WI,0,,,0,,0,,,0,,3/26/2020 16:22,Agree,Agree
2020/01/28,WI,0,,,0,,0,,,0,,3/26/2020 16:22,Agree,Agree
2020/01/29,WI,0,,,0,,0,,,0,,3/26/2020 16:22,Agree,Agree
2020/01/30,WI,0,,,0,,0,,,0,,3/26/2020 16:22,Agree,Agree
2020/01/31,WI,0,,,0,,0,,,0,,3/26/2020 16:22,Agree,Agree
2020/02/01,WI,0,,,0,,0,,,0,,3/26/2020 16:22,Agree,Agree
2020/02/02,WI,0,,,0,,0,,,0,,3/26/2020 16:22,Agree,Agree
2020/02/03,WI,0,,,0,,0,,,0,,3/26/2020 16:22,Agree,Agree
2020/02/04,WI,0,,,0,,0,,,0,,3/26/2020 16:22,Agree,Agree
2020/02/05,WI,0,,,0,,0,,,0,,3/26/2020 16:22,Agree,Agree
2020/02/06,WI,0,,,0,,0,,,0,,3/26/2020 16:22,Agree,Agree
2020/02/07,WI,0,,,0,,0,,,0,,3/26/2020 16:22,Agree,Agree
2020/02/08,WI,0,,,0,,0,,,0,,3/26/2020 16:22,Agree,Agree
2020/02/09,WI,0,,,0,,0,,,0,,3/26/2020 16:22,Agree,Agree
2020/02/10,WI,0,,,0,,0,,,0,,3/26/2020 16:22,Agree,Agree
2020/02/11,WI,0,,,0,,0,,,0,,3/26/2020 16:22,Agree,Agree
2020/02/12,WI,0,,,0,,0,,,0,,3/26/2020 16:22,Agree,Agree
2020/02/13,WI,0,,,0,,0,,,0,,3/26/2020 16:22,Agree,Agree
2020/02/14,WI,0,,,0,,0,,,0,,3/26/2020 16:22,Agree,Agree
2020/02/15,WI,0,,,0,,0,,,0,,3/26/2020 16:22,Agree,Agree
2020/02/16,WI,0,,,0,,0,,,0,,3/26/2020 16:22,Agree,Agree
2020/02/17,WI,0,,,0,,0,,,0,,3/26/2020 16:22,Agree,Agree
2020/02/18,WI,0,,,0,,0,,,0,,3/26/2020 16:22,Agree,Agree
2020/02/19,WI,0,,,0,,0,,,0,,3/26/2020 16:22,Agree,Agree
2020/02/20,WI,0,,,0,,0,,,0,,3/26/2020 16:22,Agree,Agree
2020/02/21,WI,0,,,0,,0,,,0,,3/26/2020 16:22,Agree,Agree
2020/02/22,WI,0,,,0,,0,,,0,,3/26/2020 16:22,Agree,Agree
2020/02/23,WI,0,,,0,,0,,,0,,3/26/2020 16:22,Agree,Agree
2020/02/24,WI,0,,,0,,0,,,0,,3/26/2020 16:22,Agree,Agree
2020/02/25,WI,0,,,0,,0,,,0,,3/26/2020 16:22,Agree,Agree
2020/02/26,WI,0,,,0,,0,,,0,,3/26/2020 16:22,Agree,Agree
2020/02/27,WI,0,,,0,,0,,,0,,3/26/2020 16:22,Agree,Agree
2020/02/28,WI,0,,,0,,0,,,0,,3/26/2020 16:22,Agree,Agree
2020/02/29,WI,0,,,0,,0,,,0,,3/26/2020 16:22,Agree,Agree
2020/03/01,WI,0,,,0,,0,,,0,,3/26/2020 16:22,Agree,Agree
2020/03/02,WI,0,,,0,,0,,,0,,3/26/2020 16:22,Agree,Agree
2020/03/03,WI,1,,,1,,0,,,0,,3/26/2020 16:22,Agree,Agree
2020/03/04,WI,1,,,0,,0,,,0,,3/26/2020 16:22,Agree,Agree
2020/03/05,WI,1,,,0,,0,,,0,,3/26/2020 16:22,Agree,Agree
2020/03/06,WI,1,,,0,,0,,,0,,3/26/2020 16:22,Agree,Agree
2020/03/07,WI,1,,,0,,0,,,0,,3/26/2020 16:22,Agree,Agree
2020/03/08,WI,1,,,0,,0,,,0,,3/26/2020 16:22,Agree,Agree
2020/03/09,WI,1,,,0,,0,,,0,,3/26/2020 16:22,Agree,Agree
2020/03/10,WI,3,,,2,,0,,,0,,3/26/2020 16:22,Agree,Agree
2020/03/11,WI,5,,,2,,0,,,0,,3/26/2020 16:22,Agree,Agree
2020/03/12,WI,8,,,3,,0,,,0,,3/26/2020 16:22,Agree,Agree
2020/03/13,WI,9,,,1,,0,,,0,,3/26/2020 16:22,Agree,Agree
2020/03/14,WI,19,,,10,,0,,,0,,3/26/2020 16:22,Agree,Agree
2020/03/15,WI,27,,,8,,0,,,0,,3/26/2020 16:22,Agree,Agree
2020/03/16,WI,53,,,26,,0,,,0,,3/26/2020 16:22,Agree,Agree
2020/03/17,WI,88,,,35,,0,,,0,,3/26/2020 16:22,Agree,Agree
2020/03/18,WI,106,,,18,,0,,,0,,3/26/2020 16:22,Agree,Agree
2020/03/19,WI,155,,,49,,0,,,0,,3/26/2020 16:22,Agree,Agree
2020/03/20,WI,206,,,51,,3,,,3,,3/26/2020 16:22,Agree,Agree
2020/03/21,WI,281,,,75,,4,,,1,,3/26/2020 16:22,Agree,Agree
2020/03/22,WI,381,,,100,,4,,,0,,3/26/2020 16:22,Agree,Agree
2020/03/23,WI,416,,,35,,5,,,1,,3/26/2020 16:22,Agree,Agree
2020/03/24,WI,457,,,41,,5,,,0,,3/26/2020 16:22,Agree,Agree
2020/03/25,WI,585,,,128,,6,,,1,,3/26/2020 16:22,Agree,Agree
2020/03/26,WI,707,,,122,,8,,,2,,3/26/2020 16:22,Agree,Agree
2020/03/27,WI,842,,,135,,13,,,5,,3/26/2020 16:22,Agree,Agree
2020/03/28,WI,989,,,147,,13,,,0,,3/28/2020 16:22,Agree,Agree
2020/03/29,WI,989,,,0,,13,,,0,,3/28/2020 16:22,Agree,Agree
2020/03/30,WI,1221,,,232,,14,,,1,,3/29/2020 16:22,Agree,Agree
2020/03/31,WI,1351,,,130,,16,,,2,,3/30/2020 16:22,Agree,Agree
2020/04/01,WI,1550,,,199,,24,,,8,,3/31/2020 16:22,Agree,Agree
2020/04/02,WI,1730,,,180,,31,,,7,,4/1/2020 16:22,Agree,Agree
2020/04/03,WI,1916,,,186,,37,,,6,,4/3/2020 16:22,Agree,Agree
2020/04/04,WI,2112,,,196,,56,,,19,,4/3/2020 16:22,Agree,Agree
2020/04/05,WI,2267,,,155,,68,,,12,,4/4/2020 16:22,Agree,Agree
2020/04/06,WI,2440,,,173,,77,,,9,,4/5/2020 16:22,Agree,Agree
2020/04/07,WI,2578,,,138,,92,,,15,,4/7/2020 16:22,Agree,Agree
2020/04/08,WI,2756,,,178,,99,,,7,,4/7/2020 16:22,Agree,Agree
2020/04/09,WI,2885,,,129,,111,,,12,,4/8/2020 16:22,Agree,Agree
2020/04/10,WI,3068,,,183,,128,,,17,,4/9/2020 16:22,Agree,Agree
2020/04/11,WI,3221,,,153,,137,,,9,,4/10/2020 16:22,Agree,Agree
2020/04/12,WI,3341,,,120,,144,,,7,,4/11/2020 16:22,Agree,Agree
2020/04/13,WI,3428,,,87,,154,,,10,,4/12/2020 16:22,Agree,Agree
2020/04/14,WI,3555,,,127,,170,,,16,,4/13/2020 16:22,Agree,Agree
2020/04/15,WI,3721,,,166,,182,,,12,,4/15/2020 16:22,Agree,Agree
2020/04/16,WI,3875,,,154,,197,,,15,,4/16/2020 16:22,Agree,Agree
2020/04/17,WI,4045,,,170,,205,,,8,,4/17/2020 16:22,Agree,Agree
2020/04/18,WI,4199,,,154,,211,,,6,,4/18/2020 16:22,Agree,Agree
2020/04/19,WI,4346,4346,0,147,0,220,220,0,9,0,4/19/2020 16:22,Agree,Agree
2020/04/20,WI,4499,4499,0,153,0,230,230,0,10,0,4/20/2020 16:22,Agree,Agree
2020/04/21,WI,4620,4620,0,121,0,242,242,0,12,0,4/21/2020 16:22,Agree,Agree
2020/04/22,WI,4845,4845,0,225,0,246,246,0,4,0,4/22/2020 16:22,Agree,Agree
2020/04/23,WI,5052,5052,0,207,0,257,257,0,11,0,5/25/2020 15:38,Agree,Agree
2020/04/24,WI,5356,5356,0,304,0,262,262,0,5,0,5/25/2020 15:38,Agree,Agree
2020/04/25,WI,5687,5687,0,331,0,266,266,0,4,0,5/25/2020 15:38,Agree,Agree
2020/04/26,WI,5911,5911,0,224,0,272,272,0,6,0,5/25/2020 15:38,Agree,Agree
2020/04/27,WI,6081,6081,0,170,0,281,281,0,9,0,5/25/2020 15:38,Agree,Agree
2020/04/28,WI,6289,6289,0,208,0,300,300,0,19,0,4/29/2020 18:12,Agree,Agree
2020/04/29,WI,6520,6520,0,231,0,308,308,0,8,0,4/30/2020 16:07,Agree,Agree
2020/04/30,WI,6854,6854,0,334,0,316,316,0,8,0,5/1/2020 21:00,Agree,Agree
2020/05/01,WI,7314,7314,0,460,0,327,327,0,11,0,5/2/2020 15:47,Agree,Agree
2020/05/02,WI,7660,7660,0,346,0,334,334,0,7,0,5/3/2020 15:36,Agree,Agree
2020/05/03,WI,7964,7964,0,304,0,339,339,0,5,0,5/4/2020 22:49,Agree,Agree
2020/05/04,WI,8236,8236,0,272,0,340,340,0,1,0,5/5/2020 17:25,Agree,Agree
2020/05/05,WI,8566,8566,0,330,0,353,353,0,13,0,5/6/2020 16:23,Agree,Agree
2020/05/06,WI,8901,8901,0,335,0,362,362,0,9,0,5/7/2020 22:59,Agree,Agree
2020/05/07,WI,9215,9215,0,314,0,374,374,0,12,0,5/8/2020 21:26,Agree,Agree
2020/05/08,WI,9590,9590,0,375,0,384,384,0,10,0,5/9/2020 21:26,Agree,Agree
2020/05/09,WI,9939,9939,0,349,0,398,398,0,14,0,5/10/2020 21:26,Agree,Agree
2020/05/10,WI,10219,10219,0,280,0,400,400,0,2,0,5/11/2020 21:26,Agree,Agree
2020/05/11,WI,10418,10418,0,199,0,409,409,0,9,0,5/12/2020 17:26,Agree,Agree
2020/05/12,WI,10611,10611,0,193,0,418,418,0,9,0,5/13/2020 15:26,Agree,Agree
2020/05/13,WI,10902,10902,0,291,0,421,421,0,3,0,5/14/2020 17:25,Agree,Agree
2020/05/14,WI,11275,11275,0,373,0,434,434,0,13,0,5/15/2020 16:11,Agree,Agree
2020/05/15,WI,11685,11685,0,410,0,445,445,0,11,0,5/16/2020 15:46,Agree,Agree
2020/05/16,WI,12187,12187,0,502,0,453,453,0,8,0,5/17/2020 15:27,Agree,Agree
2020/05/17,WI,12543,12543,0,356,0,453,453,0,0,0,5/18/2020 16:01,Agree,Agree
2020/05/18,WI,12687,12687,0,144,0,459,459,0,6,0,5/19/2020 15:45,Agree,Agree
2020/05/19,WI,12885,12885,0,198,0,467,467,0,8,0,5/20/2020 15:28,Agree,Agree
2020/05/20,WI,13431,13431,0,546,0,481,481,0,14,0,5/21/2020 15:41,Agree,Agree
2020/05/21,WI,13885,13885,0,454,0,487,487,0,6,0,5/22/2020 15:31,Agree,Agree
2020/05/22,WI,14396,14396,0,511,0,496,496,0,9,0,5/23/2020 17:58,Agree,Agree
2020/05/23,WI,14877,14877,0,481,0,507,507,0,11,0,5/24/2020 14:15,Agree,Agree
2020/05/24,WI,15277,15277,0,400,0,510,510,0,3,0,5/25/2020 14:12,Agree,Agree
2020/05/25,WI,15584,15584,0,307,0,514,514,0,4,0,5/26/2020 14:23,Agree,Agree
2020/05/26,WI,15863,15863,0,279,0,517,517,0,3,0,5/27/2020 15:37,Agree,Agree
2020/05/27,WI,16462,16462,0,599,0,539,539,0,22,0,5/28/2020 15:12,Agree,Agree
2020/05/28,WI,16974,16974,0,512,0,550,550,0,11,0,5/29/2020 14:19,Agree,Agree
2020/05/29,WI,17707,17707,0,733,0,568,568,0,18,0,5/30/2020 15:47,Agree,Agree
2020/05/30,WI,18230,18230,0,523,0,588,588,0,20,0,5/31/2020 14:43,Agree,Agree
2020/05/31,WI,18403,18403,0,173,0,592,592,0,4,0,6/1/2020 14:17,Agree,Agree
2020/06/01,WI,18543,18543,0,140,0,595,595,0,3,0,6/2/2020 14:16,Agree,Agree
2020/06/02,WI,18917,18917,0,374,0,607,607,0,12,0,6/3/2020 14:11,Agree,Agree
2020/06/03,WI,19400,19400,0,483,0,616,616,0,9,0,6/4/2020 15:03,Agree,Agree
2020/06/04,WI,19892,19892,0,492,0,626,626,0,10,0,6/5/2020 15:17,Agree,Agree
2020/06/05,WI,20249,20249,0,357,0,633,633,0,7,0,6/6/2020 14:31,Agree,Agree
2020/06/06,WI,20571,20571,0,322,0,645,645,0,12,0,6/7/2020 14:23,Agree,Agree
2020/06/07,WI,20835,20835,0,264,0,647,647,0,2,0,6/8/2020 14:55,Agree,Agree
2020/06/08,WI,21038,21038,0,203,0,646,646,0,-1,0,6/9/2020 16:49,Agree,Agree
2020/06/09,WI,21308,21308,0,270,0,661,661,0,15,0,6/10/2020 20:56,Agree,Agree
2020/06/10,WI,21593,21593,0,285,0,671,671,0,10,0,6/11/2020 14:48,Agree,Agree
2020/06/11,WI,21926,21926,0,333,0,682,682,0,11,0,6/12/2020 14:17,Agree,Agree
2020/06/12,WI,24722,22246,2476,2796,2476,695,689,6,13,6,6/13/2020 17:46,Agree,Agree
2020/06/13,WI,25031,22518,2513,309,37,697,691,6,2,0,6/14/2020 14:19,Agree,Agree
2020/06/14,WI,25295,22758,2537,264,24,698,692,6,1,0,6/15/2020 14:33,Agree,Agree
2020/06/15,WI,25480,22932,2548,185,11,700,694,6,2,0,6/16/2020 14:10,Agree,Agree
2020/06/16,WI,25789,23198,2591,309,43,709,703,6,9,0,6/17/2020 15:06,Agree,Agree
2020/06/17,WI,26079,23454,2625,290,34,718,712,6,9,0,6/18/2020 17:16,Agree,Agree
2020/06/18,WI,26542,23876,2666,463,41,725,719,6,7,0,6/19/2020 15:01,Agree,Agree
2020/06/19,WI,26852,24154,2698,310,32,736,730,6,11,0,6/20/2020 14:15,Agree,Agree
2020/06/20,WI,27294,24539,2755,442,57,751,744,7,15,1,6/21/2020 14:32,Agree,Agree
2020/06/21,WI,27587,24819,2768,293,13,751,744,7,0,0,6/22/2020 15:24,Agree,Agree
2020/06/22,WI,27838,25068,2770,251,2,751,745,6,0,-1,6/23/2020 14:28,Agree,Agree
2020/06/23,WI,28127,25331,2796,289,26,757,750,7,6,1,6/24/2020 15:03,Agree,Agree
2020/06/24,WI,28593,25763,2830,466,34,764,757,7,7,0,6/25/2020 14:07,Agree,Agree
2020/06/25,WI,29105,26227,2878,512,48,773,766,7,9,0,6/26/2020 19:18,Agree,Agree
2020/06/26,WI,29668,26747,2921,563,43,773,766,7,0,0,6/27/2020 17:51,Agree,Agree
2020/06/27,WI,30227,27286,2941,559,20,784,777,7,11,0,6/28/2020 14:59,Agree,Agree
2020/06/28,WI,30707,27743,2964,480,23,784,777,7,0,0,6/29/2020 14:37,Agree,Agree
2020/06/29,WI,31033,28058,2975,326,11,784,777,7,0,0,6/30/2020 15:27,Agree,Agree
2020/06/30,WI,31662,28659,3003,629,28,791,784,7,7,0,7/1/2020 15:45,Agree,Agree
2020/07/01,WI,32225,29199,3026,563,23,793,786,7,2,0,7/2/2020 15:10,Agree,Agree
2020/07/02,WI,32809,29738,3071,584,45,800,793,7,7,0,7/3/2020 15:01,Agree,Agree
2020/07/03,WI,33431,30317,3114,622,43,803,796,7,3,0,7/4/2020 15:30,Agree,Agree
2020/07/04,WI,34207,31055,3152,776,38,803,796,7,0,0,7/5/2020 15:00,Agree,Agree
2020/07/05,WI,34740,31577,3163,533,11,803,796,7,0,0,7/6/2020 15:16,Agree,Agree
2020/07/06,WI,35230,32061,3169,490,6,803,796,7,0,0,7/7/2020 14:58,Agree,Agree
2020/07/07,WI,35765,32556,3209,535,40,812,805,7,9,0,7/8/2020 14:12,Agree,Agree
2020/07/08,WI,36410,33154,3256,645,47,814,807,7,2,0,7/9/2020 15:14,Agree,Agree
2020/07/09,WI,37210,33908,3302,800,46,816,809,7,2,0,7/10/2020 15:35,Agree,Agree
2020/07/10,WI,38099,34753,3346,889,44,821,814,7,5,0,7/11/2020 18:25,Agree,Agree
2020/07/11,WI,39080,35679,3401,981,55,828,821,7,7,0,7/12/2020 15:13,Agree,Agree
2020/07/12,WI,39877,36448,3429,797,28,820,820,0,-8,-7,7/13/2020 15:19,Agree,Agree
2020/07/13,WI,40382,36942,3440,505,11,827,820,7,7,7,7/14/2020 15:13,Agree,Agree
2020/07/14,WI,41349,37906,3443,967,3,833,826,7,6,0,7/15/2020 15:05,Agree,Agree
2020/07/15,WI,42197,38727,3470,848,27,834,827,7,1,0,7/16/2020 14:22,Agree,Agree
2020/07/16,WI,43139,39627,3512,942,42,838,831,7,4,0,7/17/2020 14:31,Agree,Agree
2020/07/17,WI,44068,40507,3561,929,49,840,833,7,2,0,7/18/2020 16:14,Agree,Agree
2020/07/18,WI,45099,41485,3614,1031,53,850,843,7,10,0,7/19/2020 15:05,Agree,Agree
2020/07/19,WI,45948,42315,3633,849,19,851,844,7,1,0,7/20/2020 14:35,Agree,Agree
2020/07/20,WI,46675,43018,3657,727,24,853,846,7,2,0,7/21/2020 14:50,Agree,Agree
2020/07/21,WI,47836,44135,3701,1161,44,866,859,7,13,0,7/22/2020 14:51,Agree,Agree
2020/07/22,WI,48583,44847,3736,747,35,872,865,7,6,0,7/23/2020 14:48,Agree,Agree
2020/07/23,WI,49669,45899,3770,1086,34,885,878,7,13,0,7/24/2020 14:18,Agree,Agree
2020/07/24,WI,50727,46917,3810,1058,40,885,878,7,0,0,7/25/2020 17:40,Agree,Agree
2020/07/25,WI,51715,47870,3845,988,35,898,891,7,13,0,7/26/2020 15:17,Agree,Agree
2020/07/26,WI,52680,48827,3853,965,8,899,892,7,1,0,7/27/2020 14:16,Agree,Agree
2020/07/27,WI,53281,49417,3864,601,11,900,893,7,1,0,7/28/2020 14:21,Agree,Agree
2020/07/28,WI,54064,50179,3885,783,21,913,906,7,13,0,7/29/2020 14:34,Agree,Agree
2020/07/29,WI,54988,51049,3939,924,54,918,911,7,5,0,7/30/2020 14:42,Agree,Agree
2020/07/30,WI,56079,52108,3971,1091,32,926,919,7,8,0,7/31/2020 14:35,Agree,Agree
2020/07/31,WI,56934,52940,3994,855,23,941,934,7,15,0,8/1/2020 14:38,Agree,Agree
2020/08/01,WI,58058,54002,4056,1124,62,954,947,7,13,0,8/2/2020 14:54,Agree,Agree
2020/08/02,WI,58990,54924,4066,932,10,955,948,7,1,0,8/3/2020 14:31,Agree,Agree
2020/08/03,WI,59401,55328,4073,411,7,956,949,7,1,0,8/4/2020 14:09,Agree,Agree
2020/08/04,WI,60171,56056,4115,770,42,968,961,7,12,0,8/5/2020 14:13,Agree,Agree
2020/08/05,WI,61110,56940,4170,939,55,977,970,7,9,0,8/6/2020 14:12,Agree,Agree
2020/08/06,WI,61985,57779,4206,875,36,985,978,7,8,0,8/7/2020 23:57,Agree,Agree
2020/08/07,WI,63028,58768,4260,1043,54,997,990,7,12,0,8/8/2020 14:58,Agree,Agree
2020/08/08,WI,64213,59933,4280,1185,20,1003,996,7,6,0,8/9/2020 14:03,Agree,Agree
2020/08/09,WI,64835,60554,4281,622,1,1005,998,7,2,0,8/10/2020 14:23,Agree,Agree
2020/08/10,WI,65356,61061,4295,521,14,1005,998,7,0,0,8/11/2020 14:16,Agree,Agree
2020/08/11,WI,66123,61785,4338,767,43,1013,1006,7,8,0,8/12/2020 13:50,Agree,Agree
2020/08/12,WI,66654,62263,4391,531,53,1018,1011,7,5,0,8/13/2020 14:12,Agree,Agree
2020/08/13,WI,67622,63206,4416,968,25,1025,1018,7,7,0,8/14/2020 14:30,Agree,Agree
2020/08/14,WI,68681,64227,4454,1059,38,1032,1025,7,7,0,8/15/2020 14:02,Agree,Agree
2020/08/15,WI,69547,65056,4491,866,37,1045,1038,7,13,0,8/16/2020 14:57,Agree,Agree
2020/08/16,WI,70246,65741,4505,699,14,1046,1039,7,1,0,8/17/2020 14:26,Agree,Agree
2020/08/17,WI,70715,66196,4519,469,14,1046,1039,7,0,0,8/18/2020 14:26,Agree,Agree
2020/08/18,WI,71424,66830,4594,709,75,1059,1052,7,13,0,8/19/2020 14:23,Agree,Agree
2020/08/19,WI,72134,67493,4641,710,47,1067,1060,7,8,0,8/20/2020 15:11,Agree,Agree
2020/08/20,WI,72893,68223,4670,759,29,1074,1067,7,7,0,8/21/2020 14:27,Agree,Agree
2020/08/21,WI,73751,69059,4692,858,22,1075,1068,7,1,0,8/22/2020 14:21,Agree,Agree
2020/08/22,WI,74726,70009,4717,975,25,1089,1081,8,14,1,8/23/2020 14:15,Agree,Agree
2020/08/23,WI,75205,70462,4743,479,26,1089,1081,8,0,0,8/24/2020 13:54,Agree,Agree
2020/08/24,WI,75619,70854,4765,414,22,1089,1081,8,0,0,8/25/2020 14:02,Agree,Agree
2020/08/25,WI,76306,71492,4814,687,49,1102,1094,8,13,0,8/26/2020 13:51,Agree,Agree
2020/08/26,WI,77092,72260,4832,786,18,1108,1100,8,6,0,8/27/2020 13:42,Agree,Agree
2020/08/27,WI,78004,73138,4866,912,34,1119,1111,8,11,0,8/28/2020 13:43,Agree,Agree
2020/08/28,WI,78868,73981,4887,864,21,1121,1113,8,2,0,8/29/2020 13:42,Agree,Agree
2020/08/29,WI,79730,74800,4930,862,43,1127,1119,8,6,0,8/30/2020 14:49,Agree,Agree
2020/08/30,WI,80300,75337,4963,570,33,1130,1122,8,3,0,8/31/2020 14:05,Agree,Agree
2020/08/31,WI,80568,75603,4965,268,2,1130,1122,8,0,0,9/1/2020 14:09,Agree,Agree
2020/09/01,WI,81604,76584,5020,1036,55,1139,1130,9,9,1,9/2/2020 13:49,Agree,Agree
2020/09/02,WI,82182,77129,5053,578,33,1150,1142,8,11,-1,9/3/2020 14:18,Agree,Agree
2020/09/03,WI,82922,77856,5066,740,13,1154,1146,8,4,0,9/4/2020 13:36,Agree,Agree
2020/09/04,WI,84464,79354,5110,1542,44,1161,1153,8,7,0,9/5/2020 14:09,Agree,Agree
2020/09/05,WI,85463,80300,5163,999,53,1176,1168,8,15,0,9/6/2020 14:09,Agree,Agree
2020/09/06,WI,86353,81193,5160,890,-3,1176,1168,8,0,0,9/7/2020 13:37,Agree,Agree
2020/09/07,WI,86928,81760,5168,575,8,1176,1168,8,0,0,9/8/2020 14:47,Agree,Agree
2020/09/08,WI,87677,82477,5200,749,32,1176,1168,8,0,0,9/9/2020 13:47,Agree,Agree
2020/09/09,WI,88590,83334,5256,913,56,1191,1183,8,15,0,9/10/2020 14:02,Agree,Agree
2020/09/10,WI,90182,84881,5301,1592,45,1201,1193,8,10,0,9/11/2020 13:51,Agree,Agree
2020/09/11,WI,91625,86250,5375,1443,74,1205,1197,8,4,0,9/12/2020 14:12,Agree,Agree
2020/09/12,WI,93055,87603,5452,1430,77,1217,1209,8,12,0,9/13/2020 16:17,Agree,Agree
2020/09/13,WI,94679,89185,5494,1624,42,1218,1210,8,1,0,9/14/2020 14:01,Agree,Agree
2020/09/14,WI,95497,89956,5541,818,47,1218,1210,8,0,0,9/15/2020 14:03,Agree,Agree
2020/09/15,WI,96938,91304,5634,1441,93,1229,1220,9,11,1,9/16/2020 13:53,Agree,Agree
2020/09/16,WI,98440,92712,5728,1502,94,1237,1228,9,8,0,9/17/2020 13:45,Agree,Agree
2020/09/17,WI,100574,94746,5828,2134,100,1239,1231,8,2,-1,9/18/2020 13:48,Agree,Agree
2020/09/18,WI,103154,97279,5875,2580,47,1246,1238,8,7,0,9/19/2020 14:00,Agree,Agree
2020/09/19,WI,105557,99562,5995,2403,120,1249,1241,8,3,0,9/20/2020 13:53,Agree,Agree
2020/09/20,WI,107292,101227,6065,1735,70,1250,1242,8,1,0,9/21/2020 13:47,Agree,Agree
2020/09/21,WI,108588,102498,6090,1296,25,1252,1244,8,2,0,9/22/2020 13:51,Agree,Agree
2020/09/22,WI,110327,104170,6157,1739,67,1259,1251,8,7,0,9/23/2020 13:51,Agree,Agree
2020/09/23,WI,112222,105932,6290,1895,133,1268,1259,9,9,1,9/24/2020 13:54,Agree,Agree
2020/09/24,WI,114700,108324,6376,2478,86,1275,1265,10,7,1,9/25/2020 13:54,Agree,Agree
2020/09/25,WI,117329,110828,6501,2629,125,1284,1274,10,9,0,9/26/2020 13:46,Agree,Agree
2020/01/22,GA,0,,,0,,0,,,0,,3/26/2020 16:22,Not agree,Not agree
2020/01/23,GA,0,,,0,,0,,,0,,3/26/2020 16:22,Not agree,Not agree
2020/01/24,GA,0,,,0,,0,,,0,,3/26/2020 16:22,Not agree,Not agree
2020/01/25,GA,0,,,0,,0,,,0,,3/26/2020 16:22,Not agree,Not agree
2020/01/26,GA,0,,,0,,0,,,0,,3/26/2020 16:22,Not agree,Not agree
2020/01/27,GA,0,,,0,,0,,,0,,3/26/2020 16:22,Not agree,Not agree
2020/01/28,GA,0,,,0,,0,,,0,,3/26/2020 16:22,Not agree,Not agree
2020/01/29,GA,0,,,0,,0,,,0,,3/26/2020 16:22,Not agree,Not agree
2020/01/30,GA,0,,,0,,0,,,0,,3/26/2020 16:22,Not agree,Not agree
2020/01/31,GA,0,,,0,,0,,,0,,3/26/2020 16:22,Not agree,Not agree
2020/02/01,GA,0,,,0,,0,,,0,,3/26/2020 16:22,Not agree,Not agree
2020/02/02,GA,0,,,0,,0,,,0,,3/26/2020 16:22,Not agree,Not agree
2020/02/03,GA,0,,,0,,0,,,0,,3/26/2020 16:22,Not agree,Not agree
2020/02/04,GA,0,,,0,,0,,,0,,3/26/2020 16:22,Not agree,Not agree
2020/02/05,GA,0,,,0,,0,,,0,,3/26/2020 16:22,Not agree,Not agree
2020/02/06,GA,0,,,0,,0,,,0,,3/26/2020 16:22,Not agree,Not agree
2020/02/07,GA,0,,,0,,0,,,0,,3/26/2020 16:22,Not agree,Not agree
2020/02/08,GA,0,,,0,,0,,,0,,3/26/2020 16:22,Not agree,Not agree
2020/02/09,GA,0,,,0,,0,,,0,,3/26/2020 16:22,Not agree,Not agree
2020/02/10,GA,0,,,0,,0,,,0,,3/26/2020 16:22,Not agree,Not agree
2020/02/11,GA,0,,,0,,0,,,0,,3/26/2020 16:22,Not agree,Not agree
2020/02/12,GA,0,,,0,,0,,,0,,3/26/2020 16:22,Not agree,Not agree
2020/02/13,GA,0,,,0,,0,,,0,,3/26/2020 16:22,Not agree,Not agree
2020/02/14,GA,0,,,0,,0,,,0,,3/26/2020 16:22,Not agree,Not agree
2020/02/15,GA,0,,,0,,0,,,0,,3/26/2020 16:22,Not agree,Not agree
2020/02/16,GA,0,,,0,,0,,,0,,3/26/2020 16:22,Not agree,Not agree
2020/02/17,GA,0,,,0,,0,,,0,,3/26/2020 16:22,Not agree,Not agree
2020/02/18,GA,0,,,0,,0,,,0,,3/26/2020 16:22,Not agree,Not agree
2020/02/19,GA,0,,,0,,0,,,0,,3/26/2020 16:22,Not agree,Not agree
2020/02/20,GA,0,,,0,,0,,,0,,3/26/2020 16:22,Not agree,Not agree
2020/02/21,GA,0,,,0,,0,,,0,,3/26/2020 16:22,Not agree,Not agree
2020/02/22,GA,0,,,0,,0,,,0,,3/26/2020 16:22,Not agree,Not agree
2020/02/23,GA,0,,,0,,0,,,0,,3/26/2020 16:22,Not agree,Not agree
2020/02/24,GA,0,,,0,,0,,,0,,3/26/2020 16:22,Not agree,Not agree
2020/02/25,GA,0,,,0,,0,,,0,,3/26/2020 16:22,Not agree,Not agree
2020/02/26,GA,0,,,0,,0,,,0,,3/26/2020 16:22,Not agree,Not agree
2020/02/27,GA,0,,,0,,0,,,0,,3/26/2020 16:22,Not agree,Not agree
2020/02/28,GA,0,,,0,,0,,,0,,3/26/2020 16:22,Not agree,Not agree
2020/02/29,GA,0,,,0,,0,,,0,,3/26/2020 16:22,Not agree,Not agree
2020/03/01,GA,0,,,0,,0,,,0,,3/26/2020 16:22,Not agree,Not agree
2020/03/02,GA,0,,,0,,0,,,0,,3/26/2020 16:22,Not agree,Not agree
2020/03/03,GA,2,,,2,,0,,,0,,3/26/2020 16:22,Not agree,Not agree
2020/03/04,GA,2,,,0,,0,,,0,,3/26/2020 16:22,Not agree,Not agree
2020/03/05,GA,2,,,0,,0,,,0,,3/26/2020 16:22,Not agree,Not agree
2020/03/06,GA,3,,,1,,0,,,0,,3/26/2020 16:22,Not agree,Not agree
2020/03/07,GA,6,,,3,,0,,,0,,3/26/2020 16:22,Not agree,Not agree
2020/03/08,GA,7,,,1,,0,,,0,,3/26/2020 16:22,Not agree,Not agree
2020/03/09,GA,18,,,11,,0,,,0,,3/26/2020 16:22,Not agree,Not agree
2020/03/10,GA,23,,,5,,0,,,0,,3/26/2020 16:22,Not agree,Not agree
2020/03/11,GA,31,,,8,,0,,,0,,3/26/2020 16:22,Not agree,Not agree
2020/03/12,GA,45,,,14,,1,,,1,,3/26/2020 16:22,Not agree,Not agree
2020/03/13,GA,45,,,0,,1,,,0,,3/26/2020 16:22,Not agree,Not agree
2020/03/14,GA,45,,,0,,1,,,0,,3/26/2020 16:22,Not agree,Not agree
2020/03/15,GA,119,,,74,,1,,,0,,3/26/2020 16:22,Not agree,Not agree
2020/03/16,GA,143,,,24,,1,,,0,,3/26/2020 16:22,Not agree,Not agree
2020/03/17,GA,178,,,35,,1,,,0,,3/26/2020 16:22,Not agree,Not agree
2020/03/18,GA,262,,,84,,6,,,5,,3/26/2020 16:22,Not agree,Not agree
2020/03/19,GA,397,,,135,,13,,,7,,3/26/2020 16:22,Not agree,Not agree
2020/03/20,GA,485,,,88,,14,,,1,,3/26/2020 16:22,Not agree,Not agree
2020/03/21,GA,555,,,70,,20,,,6,,3/26/2020 16:22,Not agree,Not agree
2020/03/22,GA,757,,,202,,25,,,5,,3/26/2020 16:22,Not agree,Not agree
2020/03/23,GA,1015,,,258,,31,,,6,,3/26/2020 16:22,Not agree,Not agree
2020/03/24,GA,1119,,,104,,38,,,7,,3/26/2020 16:22,Not agree,Not agree
2020/03/25,GA,1441,,,322,,47,,,9,,3/26/2020 16:22,Not agree,Not agree
2020/03/26,GA,1714,,,273,,60,,,13,,3/26/2020 16:22,Not agree,Not agree
2020/03/27,GA,2198,,,484,,65,,,5,,3/26/2020 16:22,Not agree,Not agree
2020/03/28,GA,2446,,,248,,79,,,14,,3/28/2020 16:22,Not agree,Not agree
2020/03/29,GA,2703,,,257,,84,,,5,,3/28/2020 16:22,Not agree,Not agree
2020/03/30,GA,3612,,,909,,103,,,19,,3/29/2020 16:22,Not agree,Not agree
2020/03/31,GA,4585,,,973,,130,,,27,,3/30/2020 16:22,Not agree,Not agree
2020/04/01,GA,4748,,,163,,154,,,24,,3/31/2020 16:22,Not agree,Not agree
2020/04/02,GA,5486,,,738,,176,,,22,,4/1/2020 16:22,Not agree,Not agree
2020/04/03,GA,5967,,,481,,198,,,22,,4/3/2020 16:22,Not agree,Not agree
2020/04/04,GA,6383,,,416,,208,,,10,,4/3/2020 16:22,Not agree,Not agree
2020/04/05,GA,6752,,,369,,219,,,11,,4/4/2020 16:22,Not agree,Not agree
2020/04/06,GA,8634,,,1882,,319,,,100,,4/5/2020 16:22,Not agree,Not agree
2020/04/07,GA,9713,,,1079,,351,,,32,,4/7/2020 16:22,Not agree,Not agree
2020/04/08,GA,10446,,,733,,371,,,20,,4/7/2020 16:22,Not agree,Not agree
2020/04/09,GA,11318,,,872,,413,,,42,,4/8/2020 16:22,Not agree,Not agree
2020/04/10,GA,11318,,,0,,420,,,7,,4/9/2020 16:22,Not agree,Not agree
2020/04/11,GA,12261,,,943,,432,,,12,,4/10/2020 16:22,Not agree,Not agree
2020/04/12,GA,13012,,,751,,447,,,15,,4/11/2020 16:22,Not agree,Not agree
2020/04/13,GA,13621,,,609,,481,,,34,,4/12/2020 16:22,Not agree,Not agree
2020/04/14,GA,14766,,,1145,,526,,,45,,4/13/2020 16:22,Not agree,Not agree
2020/04/15,GA,15409,,,643,,579,,,53,,4/15/2020 16:22,Not agree,Not agree
2020/04/16,GA,16451,,,1042,,624,,,45,,4/16/2020 16:22,Not agree,Not agree
2020/04/17,GA,16658,,,207,,661,,,37,,4/17/2020 16:22,Not agree,Not agree
2020/04/18,GA,17014,,,356,,670,,,9,,4/18/2020 16:22,Not agree,Not agree
2020/04/19,GA,18781,,,1767,0,691,,,21,0,4/19/2020 16:22,Not agree,Not agree
2020/04/20,GA,19630,,,849,,782,,,91,,4/20/2020 16:22,Not agree,Not agree
2020/04/21,GA,20607,,,977,0,821,,,39,0,4/21/2020 16:22,Not agree,Not agree
2020/04/22,GA,20769,,,162,0,838,,,17,0,4/22/2020 16:22,Not agree,Not agree
2020/04/23,GA,21681,,,912,0,873,,,35,0,5/25/2020 15:38,Not agree,Not agree
2020/04/24,GA,22183,,,502,0,899,,,26,0,4/26/2020 18:23,Not agree,Not agree
2020/04/25,GA,22225,,,42,0,897,,,-2,0,5/25/2020 15:38,Not agree,Not agree
2020/04/26,GA,23410,,,1185,0,912,,,15,0,4/27/2020 15:13,Not agree,Not agree
2020/04/27,GA,23801,,,391,0,944,,,32,0,5/25/2020 15:38,Not agree,Not agree
2020/04/28,GA,24609,,,808,0,1025,,,81,0,4/29/2020 18:12,Not agree,Not agree
2020/04/29,GA,25324,,,715,0,1054,,,29,0,4/30/2020 16:07,Not agree,Not agree
2020/04/30,GA,26095,,,771,0,1111,,,57,0,5/1/2020 21:00,Not agree,Not agree
2020/05/01,GA,27733,,,1638,0,1167,,,56,0,5/2/2020 15:47,Not agree,Not agree
2020/05/02,GA,28338,,,605,0,1174,,,7,0,5/3/2020 15:36,Not agree,Not agree
2020/05/03,GA,28621,,,283,0,1178,,,4,0,5/4/2020 22:49,Not agree,Not agree
2020/05/04,GA,29196,,,575,0,1211,,,33,0,5/5/2020 17:25,Not agree,Not agree
2020/05/05,GA,29602,,,406,0,1258,,,47,0,5/6/2020 16:23,Not agree,Not agree
2020/05/06,GA,30750,,,1148,0,1327,,,69,0,5/7/2020 22:59,Not agree,Not agree
2020/05/07,GA,31383,,,633,0,1336,,,9,0,5/8/2020 21:26,Not agree,Not agree
2020/05/08,GA,32609,,,1226,0,1362,,,26,0,5/9/2020 21:26,Not agree,Not agree
2020/05/09,GA,32590,,,-19,0,1404,,,42,0,5/10/2020 21:26,Not agree,Not agree
2020/05/10,GA,32980,,,390,0,1404,,,0,0,5/11/2020 21:26,Not agree,Not agree
2020/05/11,GA,33995,,,1015,0,1442,,,38,0,5/12/2020 17:26,Not agree,Not agree
2020/05/12,GA,34731,,,736,0,1464,,,22,0,5/13/2020 15:26,Not agree,Not agree
2020/05/13,GA,35335,,,604,0,1505,,,41,0,5/14/2020 17:25,Not agree,Not agree
2020/05/14,GA,35858,,,523,0,1527,,,22,0,5/15/2020 16:11,Not agree,Not agree
2020/05/15,GA,36680,,,822,0,1557,,,30,0,5/16/2020 15:46,Not agree,Not agree
2020/05/16,GA,37147,,,467,0,1592,,,35,0,5/17/2020 15:27,Not agree,Not agree
2020/05/17,GA,37642,,,495,0,1606,,,14,0,5/18/2020 16:01,Not agree,Not agree
2020/05/18,GA,38081,,,439,0,1642,,,36,0,5/19/2020 15:45,Not agree,Not agree
2020/05/19,GA,38753,,,672,0,1668,,,26,0,5/20/2020 15:28,Not agree,Not agree
2020/05/20,GA,39702,,,949,0,1689,,,21,0,5/21/2020 15:41,Not agree,Not agree
2020/05/21,GA,40460,,,758,0,1758,,,69,0,5/22/2020 15:31,Not agree,Not agree
2020/05/22,GA,41482,,,1022,0,1808,,,50,0,5/23/2020 17:58,Not agree,Not agree
2020/05/23,GA,42145,,,663,0,1814,,,6,0,5/24/2020 14:15,Not agree,Not agree
2020/05/24,GA,42846,,,701,0,1827,,,13,0,5/25/2020 14:12,Not agree,Not agree
2020/05/25,GA,43369,,,523,0,1830,,,3,0,5/26/2020 14:23,Not agree,Not agree
2020/05/26,GA,43794,,,425,0,1874,,,44,0,5/27/2020 15:37,Not agree,Not agree
2020/05/27,GA,44447,,,653,0,1909,,,35,0,5/28/2020 15:12,Not agree,Not agree
2020/05/28,GA,45226,,,779,0,1973,,,64,0,5/29/2020 14:19,Not agree,Not agree
2020/05/29,GA,45711,,,485,0,1971,,,-2,0,5/30/2020 15:47,Not agree,Not agree
2020/05/30,GA,46301,,,590,0,2003,,,32,0,5/31/2020 14:43,Not agree,Not agree
2020/05/31,GA,47009,,,708,0,2052,,,49,0,6/1/2020 14:17,Not agree,Not agree
2020/06/01,GA,47656,,,647,0,2074,,,22,0,6/2/2020 14:16,Not agree,Not agree
2020/06/02,GA,48207,,,551,0,2102,,,28,0,6/3/2020 14:11,Not agree,Not agree
2020/06/03,GA,48894,,,687,0,2123,,,21,0,6/4/2020 15:03,Not agree,Not agree
2020/06/04,GA,49847,,,953,0,2147,,,24,0,6/5/2020 15:17,Not agree,Not agree
2020/06/05,GA,50621,,,774,0,2174,,,27,0,6/6/2020 14:31,Not agree,Not agree
2020/06/06,GA,51309,,,688,0,2160,,,-14,0,6/7/2020 14:23,Not agree,Not agree
2020/06/07,GA,51898,,,589,0,2180,,,20,0,6/8/2020 14:55,Not agree,Not agree
2020/06/08,GA,52497,,,599,0,2208,,,28,0,6/9/2020 16:49,Not agree,Not agree
2020/06/09,GA,53249,,,752,0,2285,,,77,0,6/10/2020 20:56,Not agree,Not agree
2020/06/10,GA,53980,,,731,0,2329,,,44,0,6/11/2020 14:48,Not agree,Not agree
2020/06/11,GA,54973,,,993,0,2375,,,46,0,6/12/2020 14:17,Not agree,Not agree
2020/06/12,GA,55783,,,810,0,2418,,,43,0,6/13/2020 17:46,Not agree,Not agree
2020/06/13,GA,56801,,,1018,0,2446,,,28,0,6/14/2020 14:19,Not agree,Not agree
2020/06/14,GA,57681,,,880,0,2451,,,5,0,6/15/2020 14:33,Not agree,Not agree
2020/06/15,GA,58414,,,733,0,2494,,,43,0,6/16/2020 14:10,Not agree,Not agree
2020/06/16,GA,59078,,,664,0,2529,,,35,0,6/17/2020 15:06,Not agree,Not agree
2020/06/17,GA,60030,,,952,0,2575,,,46,0,6/18/2020 17:16,Not agree,Not agree
2020/06/18,GA,60912,,,882,0,2605,,,30,0,6/19/2020 15:01,Not agree,Not agree
2020/06/19,GA,62009,,,1097,0,2636,,,31,0,6/20/2020 14:15,Not agree,Not agree
2020/06/20,GA,63809,,,1800,0,2642,,,6,0,6/21/2020 14:32,Not agree,Not agree
2020/06/21,GA,64701,,,892,0,2643,,,1,0,6/22/2020 15:24,Not agree,Not agree
2020/06/22,GA,65928,,,1227,0,2648,,,5,0,6/23/2020 14:28,Not agree,Not agree
2020/06/23,GA,67675,,,1747,0,2687,,,39,0,6/24/2020 15:03,Not agree,Not agree
2020/06/24,GA,69381,,,1706,0,2698,,,11,0,6/25/2020 14:07,Not agree,Not agree
2020/06/25,GA,71095,,,1714,0,2745,,,47,0,6/26/2020 19:18,Not agree,Not agree
2020/06/26,GA,72995,,,1900,0,2770,,,25,0,6/27/2020 17:51,Not agree,Not agree
2020/06/27,GA,74985,,,1990,0,2776,,,6,0,6/28/2020 14:59,Not agree,Not agree
2020/06/28,GA,77210,,,2225,0,2778,,,2,0,6/29/2020 14:37,Not agree,Not agree
2020/06/29,GA,79417,,,2207,0,2784,,,6,0,6/30/2020 15:27,Not agree,Not agree
2020/06/30,GA,81291,,,1874,0,2805,,,21,0,7/1/2020 15:45,Not agree,Not agree
2020/07/01,GA,84237,,,2946,0,2827,,,22,0,7/2/2020 15:10,Not agree,Not agree
2020/07/02,GA,87709,,,3472,0,2849,,,22,0,7/3/2020 15:01,Not agree,Not agree
2020/07/03,GA,90493,,,2784,0,2856,,,7,0,7/4/2020 15:30,Not agree,Not agree
2020/07/04,GA,93319,,,2826,0,2857,,,1,0,7/5/2020 15:00,Not agree,Not agree
2020/07/05,GA,95516,,,2197,0,2860,,,3,0,7/6/2020 15:16,Not agree,Not agree
2020/07/06,GA,97064,,,1548,0,2878,,,18,0,7/7/2020 14:58,Not agree,Not agree
2020/07/07,GA,100470,,,3406,0,2899,,,21,0,7/8/2020 14:12,Not agree,Not agree
2020/07/08,GA,103890,,,3420,0,2922,,,23,0,7/9/2020 15:14,Not agree,Not agree
2020/07/09,GA,106727,,,2837,0,2930,,,8,0,7/10/2020 15:35,Not agree,Not agree
2020/07/10,GA,111211,,,4484,0,2965,,,35,0,7/11/2020 18:25,Not agree,Not agree
2020/07/11,GA,114401,,,3190,0,2996,,,31,0,7/12/2020 15:13,Not agree,Not agree
2020/07/12,GA,116926,,,2525,0,3001,,,5,0,7/13/2020 15:19,Not agree,Not agree
2020/07/13,GA,120569,,,3643,0,3026,,,25,0,7/14/2020 15:13,Not agree,Not agree
2020/07/14,GA,123963,,,3394,0,3054,,,28,0,7/15/2020 15:05,Not agree,Not agree
2020/07/15,GA,127834,,,3871,0,3091,,,37,0,7/16/2020 14:22,Not agree,Not agree
2020/07/16,GA,131275,,,3441,0,3104,,,13,0,7/17/2020 14:31,Not agree,Not agree
2020/07/17,GA,135183,,,3908,0,3132,,,28,0,7/18/2020 16:14,Not agree,Not agree
2020/07/18,GA,139872,,,4689,0,3168,,,36,0,7/19/2020 15:05,Not agree,Not agree
2020/07/19,GA,143123,,,3251,0,3173,,,5,0,7/20/2020 14:35,Not agree,Not agree
2020/07/20,GA,145575,,,2452,0,3176,,,3,0,7/21/2020 14:50,Not agree,Not agree
2020/07/21,GA,148988,,,3413,0,3254,,,78,0,7/22/2020 14:51,Not agree,Not agree
2020/07/22,GA,152302,,,3314,0,3335,,,81,0,7/23/2020 14:48,Not agree,Not agree
2020/07/23,GA,156588,,,4286,0,3360,,,25,0,7/24/2020 14:18,Not agree,Not agree
2020/07/24,GA,161401,,,4813,0,3442,,,82,0,7/25/2020 17:40,Not agree,Not agree
2020/07/25,GA,165188,,,3787,0,3495,,,53,0,7/26/2020 15:17,Not agree,Not agree
2020/07/26,GA,167953,,,2765,0,3498,,,3,0,7/27/2020 14:16,Not agree,Not agree
2020/07/27,GA,170843,,,2890,0,3509,,,11,0,7/28/2020 14:21,Not agree,Not agree
2020/07/28,GA,175052,,,4209,0,3563,,,54,0,7/29/2020 14:34,Not agree,Not agree
2020/07/29,GA,178323,,,3271,0,3642,,,79,0,7/30/2020 14:42,Not agree,Not agree
2020/07/30,GA,182286,,,3963,0,3671,,,29,0,7/31/2020 14:35,Not agree,Not agree
2020/07/31,GA,186352,,,4066,0,3752,,,81,0,8/1/2020 14:38,Not agree,Not agree
2020/08/01,GA,190012,,,3660,0,3825,,,73,0,8/2/2020 14:54,Not agree,Not agree
2020/08/02,GA,193177,,,3165,0,3840,,,15,0,8/3/2020 14:31,Not agree,Not agree
2020/08/03,GA,195435,,,2258,0,3842,,,2,0,8/4/2020 14:09,Not agree,Not agree
2020/08/04,GA,197948,,,2513,0,3921,,,79,0,8/5/2020 14:13,Not agree,Not agree
2020/08/05,GA,201713,,,3765,0,3984,,,63,0,8/6/2020 14:12,Not agree,Not agree
2020/08/06,GA,204895,,,3182,0,4026,,,42,0,8/7/2020 23:57,Not agree,Not agree
2020/08/07,GA,209004,,,4109,0,4117,,,91,0,8/8/2020 14:58,Not agree,Not agree
2020/08/08,GA,213427,,,4423,0,4186,,,69,0,8/9/2020 14:03,Not agree,Not agree
2020/08/09,GA,216596,,,3169,0,4199,,,13,0,8/10/2020 14:23,Not agree,Not agree
2020/08/10,GA,219025,,,2429,0,4229,,,30,0,8/11/2020 14:16,Not agree,Not agree
2020/08/11,GA,222588,,,3563,0,4351,,,122,0,8/12/2020 13:50,Not agree,Not agree
2020/08/12,GA,226153,,,3565,0,4456,,,105,0,8/13/2020 14:12,Not agree,Not agree
2020/08/13,GA,228668,,,2515,0,4538,,,82,0,8/14/2020 14:30,Not agree,Not agree
2020/08/14,GA,231895,,,3227,0,4573,,,35,0,8/15/2020 14:02,Not agree,Not agree
2020/08/15,GA,235168,,,3273,0,4669,,,96,0,8/16/2020 14:57,Not agree,Not agree
2020/08/16,GA,237030,,,1862,0,4702,,,33,0,8/17/2020 14:26,Not agree,Not agree
2020/08/17,GA,238861,,,1831,0,4727,,,25,0,8/18/2020 14:26,Not agree,Not agree
2020/08/18,GA,241677,,,2816,0,4794,,,67,0,8/19/2020 14:23,Not agree,Not agree
2020/08/19,GA,243982,,,2305,0,4849,,,55,0,8/20/2020 15:11,Not agree,Not agree
2020/08/20,GA,246741,,,2759,0,4904,,,55,0,8/21/2020 14:27,Not agree,Not agree
2020/08/21,GA,249630,,,2889,0,4998,,,94,0,8/22/2020 14:21,Not agree,Not agree
2020/08/22,GA,252222,,,2592,0,5092,,,94,0,8/23/2020 14:15,Not agree,Not agree
2020/08/23,GA,253949,,,1727,0,5132,,,40,0,8/24/2020 13:54,Not agree,Not agree
2020/08/24,GA,256253,,,2304,0,5156,,,24,0,8/25/2020 14:02,Not agree,Not agree
2020/08/25,GA,258354,,,2101,0,5262,,,106,0,8/26/2020 13:51,Not agree,Not agree
2020/08/26,GA,260590,,,2236,0,5311,,,49,0,8/27/2020 13:42,Not agree,Not agree
2020/08/27,GA,263074,,,2484,0,5393,,,82,0,8/28/2020 13:43,Not agree,Not agree
2020/08/28,GA,265372,,,2298,0,5471,,,78,0,8/29/2020 13:42,Not agree,Not agree
2020/08/29,GA,267758,,,2386,0,5576,,,105,0,8/30/2020 14:49,Not agree,Not agree
2020/08/30,GA,268973,,,1215,0,5604,,,28,0,8/31/2020 14:05,Not agree,Not agree
2020/08/31,GA,270471,,,1498,0,5633,,,29,0,9/1/2020 14:09,Not agree,Not agree
2020/09/01,GA,272697,,,2226,0,5733,,,100,0,9/2/2020 13:49,Not agree,Not agree
2020/09/02,GA,274613,,,1916,0,5795,,,62,0,9/3/2020 14:18,Not agree,Not agree
2020/09/03,GA,277288,,,2675,0,5868,,,73,0,9/4/2020 13:36,Not agree,Not agree
2020/09/04,GA,279354,,,2066,0,5931,,,63,0,9/5/2020 14:09,Not agree,Not agree
2020/09/05,GA,281548,,,2194,0,5977,,,46,0,9/6/2020 14:09,Not agree,Not agree
2020/09/06,GA,283199,,,1651,0,6037,,,60,0,9/7/2020 13:37,Not agree,Not agree
2020/09/07,GA,283807,,,608,0,6044,,,7,0,9/8/2020 14:47,Not agree,Not agree
2020/09/08,GA,285350,,,1543,0,6070,,,26,0,9/9/2020 13:47,Not agree,Not agree
2020/09/09,GA,287287,,,1937,0,6128,,,58,0,9/10/2020 14:02,Not agree,Not agree
2020/09/10,GA,289123,,,1836,0,6204,,,76,0,9/11/2020 13:51,Not agree,Not agree
2020/09/11,GA,290781,,,1658,0,6246,,,42,0,9/12/2020 14:12,Not agree,Not agree
2020/09/12,GA,292905,,,2124,0,6287,,,41,0,9/13/2020 16:17,Not agree,Not agree
2020/09/13,GA,294394,,,1489,0,6444,,,157,0,9/14/2020 14:01,Not agree,Not agree
2020/09/14,GA,295337,,,943,0,6353,,,-91,0,9/15/2020 14:03,Not agree,Not agree
2020/09/15,GA,296833,,,1496,0,6398,,,45,0,9/16/2020 13:53,Not agree,Not agree
2020/09/16,GA,299056,,,2223,0,6419,,,21,0,9/17/2020 13:45,Not agree,Not agree
2020/09/17,GA,300903,,,1847,0,6474,,,55,0,9/18/2020 13:48,Not agree,Not agree
2020/09/18,GA,302737,,,1834,0,6537,,,63,0,9/19/2020 14:00,Not agree,Not agree
2020/09/19,GA,305021,,,2284,0,6599,,,62,0,9/20/2020 13:53,Not agree,Not agree
2020/09/20,GA,306155,,,1134,0,6602,,,3,0,9/21/2020 13:47,Not agree,Not agree
2020/09/21,GA,307339,,,1184,0,6604,,,2,0,9/22/2020 13:51,Not agree,Not agree
2020/09/22,GA,308221,,,882,0,6677,,,73,0,9/23/2020 13:51,Not agree,Not agree
2020/09/23,GA,309678,,,1457,0,6773,,,96,0,9/24/2020 13:54,Not agree,Not agree
2020/09/24,GA,311046,,,1368,0,6822,,,49,0,9/25/2020 13:54,Not agree,Not agree
2020/09/25,GA,312514,,,1468,0,6874,,,52,0,9/26/2020 13:46,Not agree,Not agree
2020/01/22,NV,0,,,0,,0,,,0,,3/26/2020 16:22,,
2020/01/23,NV,0,,,0,,0,,,0,,3/26/2020 16:22,,
2020/01/24,NV,0,,,0,,0,,,0,,3/26/2020 16:22,,
2020/01/25,NV,0,,,0,,0,,,0,,3/26/2020 16:22,,
2020/01/26,NV,0,,,0,,0,,,0,,3/26/2020 16:22,,
2020/01/27,NV,0,,,0,,0,,,0,,3/26/2020 16:22,,
2020/01/28,NV,0,,,0,,0,,,0,,3/26/2020 16:22,,
2020/01/29,NV,0,,,0,,0,,,0,,3/26/2020 16:22,,
2020/01/30,NV,0,,,0,,0,,,0,,3/26/2020 16:22,,
2020/01/31,NV,0,,,0,,0,,,0,,3/26/2020 16:22,,
2020/02/01,NV,0,,,0,,0,,,0,,3/26/2020 16:22,,
2020/02/02,NV,0,,,0,,0,,,0,,3/26/2020 16:22,,
2020/02/03,NV,0,,,0,,0,,,0,,3/26/2020 16:22,,
2020/02/04,NV,0,,,0,,0,,,0,,3/26/2020 16:22,,
2020/02/05,NV,0,,,0,,0,,,0,,3/26/2020 16:22,,
2020/02/06,NV,0,,,0,,0,,,0,,3/26/2020 16:22,,
2020/02/07,NV,0,,,0,,0,,,0,,3/26/2020 16:22,,
2020/02/08,NV,0,,,0,,0,,,0,,3/26/2020 16:22,,
2020/02/09,NV,0,,,0,,0,,,0,,3/26/2020 16:22,,
2020/02/10,NV,0,,,0,,0,,,0,,3/26/2020 16:22,,
2020/02/11,NV,0,,,0,,0,,,0,,3/26/2020 16:22,,
2020/02/12,NV,0,,,0,,0,,,0,,3/26/2020 16:22,,
2020/02/13,NV,0,,,0,,0,,,0,,3/26/2020 16:22,,
2020/02/14,NV,0,,,0,,0,,,0,,3/26/2020 16:22,,
2020/02/15,NV,0,,,0,,0,,,0,,3/26/2020 16:22,,
2020/02/16,NV,0,,,0,,0,,,0,,3/26/2020 16:22,,
2020/02/17,NV,0,,,0,,0,,,0,,3/26/2020 16:22,,
2020/02/18,NV,0,,,0,,0,,,0,,3/26/2020 16:22,,
2020/02/19,NV,0,,,0,,0,,,0,,3/26/2020 16:22,,
2020/02/20,NV,0,,,0,,0,,,0,,3/26/2020 16:22,,
2020/02/21,NV,0,,,0,,0,,,0,,3/26/2020 16:22,,
2020/02/22,NV,0,,,0,,0,,,0,,3/26/2020 16:22,,
2020/02/23,NV,0,,,0,,0,,,0,,3/26/2020 16:22,,
2020/02/24,NV,0,,,0,,0,,,0,,3/26/2020 16:22,,
2020/02/25,NV,0,,,0,,0,,,0,,3/26/2020 16:22,,
2020/02/26,NV,0,,,0,,0,,,0,,3/26/2020 16:22,,
2020/02/27,NV,0,,,0,,0,,,0,,3/26/2020 16:22,,
2020/02/28,NV,0,,,0,,0,,,0,,3/26/2020 16:22,,
2020/02/29,NV,0,,,0,,0,,,0,,3/26/2020 16:22,,
2020/03/01,NV,0,,,0,,0,,,0,,3/26/2020 16:22,,
2020/03/02,NV,0,,,0,,0,,,0,,3/26/2020 16:22,,
2020/03/03,NV,0,,,0,,0,,,0,,3/26/2020 16:22,,
2020/03/04,NV,0,,,0,,0,,,0,,3/26/2020 16:22,,
2020/03/05,NV,1,,,1,,0,,,0,,3/26/2020 16:22,,
2020/03/06,NV,1,,,0,,0,,,0,,3/26/2020 16:22,,
2020/03/07,NV,2,,,1,,0,,,0,,3/26/2020 16:22,,
2020/03/08,NV,3,,,1,,0,,,0,,3/26/2020 16:22,,
2020/03/09,NV,4,,,1,,0,,,0,,3/26/2020 16:22,,
2020/03/10,NV,5,,,1,,0,,,0,,3/26/2020 16:22,,
2020/03/11,NV,7,,,2,,0,,,0,,3/26/2020 16:22,,
2020/03/12,NV,11,,,4,,0,,,0,,3/26/2020 16:22,,
2020/03/13,NV,11,,,0,,0,,,0,,3/26/2020 16:22,,
2020/03/14,NV,11,,,0,,0,,,0,,3/26/2020 16:22,,
2020/03/15,NV,16,,,5,,0,,,0,,3/26/2020 16:22,,
2020/03/16,NV,45,,,29,,1,,,1,,3/26/2020 16:22,,
2020/03/17,NV,55,,,10,,1,,,0,,3/26/2020 16:22,,
2020/03/18,NV,63,,,8,,1,,,0,,3/26/2020 16:22,,
2020/03/19,NV,95,,,32,,1,,,0,,3/26/2020 16:22,,
2020/03/20,NV,109,,,14,,2,,,1,,3/26/2020 16:22,,
2020/03/21,NV,154,,,45,,2,,,0,,3/26/2020 16:22,,
2020/03/22,NV,190,,,36,,2,,,0,,3/26/2020 16:22,,
2020/03/23,NV,245,,,55,,4,,,2,,3/26/2020 16:22,,
2020/03/24,NV,278,,,33,,4,,,0,,3/26/2020 16:22,,
2020/03/25,NV,321,,,43,,6,,,2,,3/26/2020 16:22,,
2020/03/26,NV,535,,,214,,10,,,4,,3/26/2020 16:22,,
2020/03/27,NV,621,,,86,,29,,,19,,3/26/2020 16:22,,
2020/03/28,NV,738,,,117,,14,,,-15,,3/28/2020 16:22,,
2020/03/29,NV,920,,,182,,15,,,1,,3/28/2020 16:22,,
2020/03/30,NV,1044,,,124,,17,,,2,,3/29/2020 16:22,,
2020/03/31,NV,1113,,,69,,26,,,9,,3/30/2020 16:22,,
2020/04/01,NV,1279,,,166,,32,,,6,,3/31/2020 16:22,,
2020/04/02,NV,1458,,,179,,38,,,6,,4/1/2020 16:22,,
2020/04/03,NV,1514,,,56,,43,,,5,,4/3/2020 16:22,,
2020/04/04,NV,1742,,,228,,45,,,2,,4/3/2020 16:22,,
2020/04/05,NV,1836,,,94,,46,,,1,,4/4/2020 16:22,,
2020/04/06,NV,1953,,,117,,58,,,12,,4/5/2020 16:22,,
2020/04/07,NV,2087,,,134,,71,,,13,,4/7/2020 16:22,,
2020/04/08,NV,2318,,,231,,80,,,9,,4/7/2020 16:22,,
2020/04/09,NV,2456,,,138,,85,,,5,,4/8/2020 16:22,,
2020/04/10,NV,2584,,,128,,102,,,17,,4/9/2020 16:22,,
2020/04/11,NV,2700,,,116,,112,,,10,,4/10/2020 16:22,,
2020/04/12,NV,2836,,,136,,114,,,2,,4/11/2020 16:22,,
2020/04/13,NV,2971,,,135,,120,,,6,,4/12/2020 16:22,,
2020/04/14,NV,3088,,,117,,130,,,10,,4/13/2020 16:22,,
2020/04/15,NV,3211,,,123,,137,,,7,,4/15/2020 16:22,,
2020/04/16,NV,3321,,,110,,142,,,5,,4/16/2020 16:22,,
2020/04/17,NV,3524,,,203,,151,,,9,,4/17/2020 16:22,,
2020/04/18,NV,3626,,,102,,155,,,4,,4/18/2020 16:22,,
2020/04/19,NV,3728,,,102,0,157,,,2,0,4/19/2020 16:22,,
2020/04/20,NV,3830,,,102,0,164,,,7,6,4/20/2020 16:22,,
2020/04/21,NV,3937,,,107,0,170,,,6,1,4/21/2020 16:22,,
2020/04/22,NV,4081,,,144,0,179,,,9,0,4/22/2020 16:22,,
2020/04/23,NV,4208,,,127,0,197,,,18,0,5/25/2020 15:38,,
2020/04/24,NV,4398,,,190,0,203,,,6,-7,5/25/2020 15:38,,
2020/04/25,NV,4539,,,141,0,206,,,3,0,5/25/2020 15:38,,
2020/04/26,NV,4602,,,63,0,213,,,7,7,5/25/2020 15:38,,
2020/04/27,NV,4690,,,88,0,213,,,0,0,5/25/2020 15:38,,
2020/04/28,NV,4812,,,122,7,232,,,19,0,4/29/2020 18:12,,
2020/04/29,NV,4898,,,86,-7,237,,,5,-7,4/30/2020 16:07,,
2020/04/30,NV,5007,,,109,9,252,,,15,9,5/1/2020 21:00,,
2020/05/01,NV,5227,,,220,-9,254,,,2,-9,5/2/2020 15:47,,
2020/05/02,NV,5311,,,84,0,257,,,3,0,5/3/2020 15:36,,
2020/05/03,NV,5426,,,115,0,262,,,5,0,5/4/2020 22:49,,
2020/05/04,NV,5500,,,74,9,275,,,13,9,5/5/2020 17:25,,
2020/05/05,NV,5603,,,103,0,285,,,10,0,5/6/2020 16:23,,
2020/05/06,NV,5663,,,60,-9,286,,,1,-9,5/7/2020 22:59,,
2020/05/07,NV,5766,,,103,0,293,,,7,0,5/8/2020 21:26,,
2020/05/08,NV,5884,,,118,0,301,,,8,0,5/9/2020 21:26,,
2020/05/09,NV,6028,,,144,0,306,,,5,0,5/10/2020 21:26,,
2020/05/10,NV,6109,,,81,11,317,,,11,11,5/11/2020 21:26,,
2020/05/11,NV,6163,,,54,0,317,,,0,0,5/12/2020 17:26,,
2020/05/12,NV,6322,,,159,0,332,,,15,0,5/13/2020 15:26,,
2020/05/13,NV,6405,,,83,0,342,,,10,0,5/14/2020 17:25,,
2020/05/14,NV,6499,,,94,-11,339,,,-3,-11,5/15/2020 16:11,,
2020/05/15,NV,6629,,,130,15,354,,,15,15,5/16/2020 15:46,,
2020/05/16,NV,6662,,,33,-15,349,,,-5,-15,5/17/2020 15:27,,
2020/05/17,NV,6872,,,210,15,365,,,16,15,5/18/2020 16:01,,
2020/05/18,NV,6921,,,49,0,379,,,14,0,5/19/2020 15:45,,
2020/05/19,NV,7046,,,125,-15,373,,,-6,-15,5/20/2020 15:28,,
2020/05/20,NV,7182,,,136,16,394,,,21,16,5/21/2020 15:41,,
2020/05/21,NV,7271,,,89,0,397,,,3,0,5/22/2020 15:31,,
2020/05/22,NV,7401,,,130,-16,387,,,-10,-16,5/23/2020 17:58,,
2020/05/23,NV,7696,,,295,0,392,,,5,0,5/24/2020 14:15,,
2020/05/24,NV,7786,,,90,16,410,,,18,16,5/25/2020 14:12,,
2020/05/25,NV,7888,,,102,0,412,,,2,0,5/26/2020 14:23,,
2020/05/26,NV,7998,,,110,-16,396,,,-16,-16,5/27/2020 15:37,,
2020/05/27,NV,8113,,,115,0,402,,,6,0,5/28/2020 15:12,,
2020/05/28,NV,8225,,,112,17,427,,,25,17,5/29/2020 14:19,,
2020/05/29,NV,8350,,,125,-17,415,,,-12,-17,5/30/2020 15:47,,
2020/05/30,NV,8495,,,145,0,417,,,2,0,5/31/2020 14:43,,
2020/05/31,NV,8610,,,115,17,438,,,21,17,6/1/2020 14:17,,
2020/06/01,NV,8688,,,78,-17,421,,,-17,-17,6/2/2020 14:16,,
2020/06/02,NV,8830,,,142,0,420,,,-1,0,6/3/2020 14:11,,
2020/06/03,NV,8951,,,121,16,445,,,25,16,6/4/2020 15:03,,
2020/06/04,NV,9090,,,139,-16,429,,,-16,-16,6/5/2020 15:17,,
2020/06/05,NV,9285,,,195,19,452,,,23,19,6/6/2020 14:31,,
2020/06/06,NV,9460,,,175,-19,437,,,-15,-19,6/7/2020 14:23,,
2020/06/07,NV,9649,,,189,0,438,,,1,0,6/8/2020 14:55,,
2020/06/08,NV,9805,,,156,19,461,,,23,19,6/9/2020 16:49,,
2020/06/09,NV,10030,,,225,-19,444,,,-17,-19,6/10/2020 20:56,,
2020/06/10,NV,10164,,,134,0,448,,,4,0,6/11/2020 14:48,,
2020/06/11,NV,10417,,,253,18,476,,,28,18,6/12/2020 14:17,,
2020/06/12,NV,10678,,,261,-18,462,,,-14,-18,6/13/2020 17:46,,
2020/06/13,NV,10964,,,286,18,481,,,19,18,6/14/2020 14:19,,
2020/06/14,NV,11173,,,209,-18,464,,,-17,-18,6/15/2020 14:33,,
2020/06/15,NV,11297,,,124,18,483,,,19,18,6/16/2020 14:10,,
2020/06/16,NV,11658,,,361,-18,467,,,-16,-18,6/17/2020 15:06,,
2020/06/17,NV,11860,,,202,18,491,,,24,18,6/18/2020 17:16,,
2020/06/18,NV,12094,,,234,0,493,,,2,0,6/19/2020 15:01,,
2020/06/19,NV,12515,,,421,11,499,,,6,3,6/20/2020 14:15,,
2020/06/20,NV,13160,,,645,200,507,,,8,0,6/21/2020 14:32,,
2020/06/21,NV,13434,,,274,0,508,,,1,0,6/22/2020 15:24,,
2020/06/22,NV,13764,,,330,0,510,,,2,0,6/23/2020 14:28,,
2020/06/23,NV,14228,,,464,2,513,,,3,0,6/24/2020 15:03,,
2020/06/24,NV,14592,,,364,-1,516,,,3,1,6/25/2020 14:07,,
2020/06/25,NV,15085,,,493,-4,517,,,1,0,6/26/2020 19:18,,
2020/06/26,NV,15472,,,387,6,520,,,3,0,6/27/2020 17:51,,
2020/06/27,NV,16576,,,1104,5,522,,,2,0,6/28/2020 14:59,,
2020/06/28,NV,17397,,,821,0,522,,,0,0,6/29/2020 14:37,,
2020/06/29,NV,18131,,,734,0,536,,,14,0,6/30/2020 15:27,,
2020/06/30,NV,18684,,,553,-9,529,,,-7,0,7/1/2020 15:45,,
2020/07/01,NV,19328,,,644,-1,533,,,4,0,7/2/2020 15:10,,
2020/07/02,NV,19964,,,636,4,548,,,15,1,7/3/2020 15:01,,
2020/07/03,NV,20946,,,982,-3,551,,,3,0,7/4/2020 15:30,,
2020/07/04,NV,21803,,,857,0,553,,,2,0,7/5/2020 15:00,,
2020/07/05,NV,22646,,,843,0,557,,,4,0,7/6/2020 15:16,,
2020/07/06,NV,23137,,,491,0,560,,,3,0,7/7/2020 14:58,,
2020/07/07,NV,24020,,,883,7,571,,,11,0,7/8/2020 14:12,,
2020/07/08,NV,24587,,,567,51,576,,,5,0,7/9/2020 15:14,,
2020/07/09,NV,25139,,,552,-51,594,,,18,0,7/10/2020 15:35,,
2020/07/10,NV,26144,,,1005,1,603,,,9,1,7/11/2020 18:25,,
2020/07/11,NV,26862,,,718,-212,621,,,18,5,7/12/2020 15:13,,
2020/07/12,NV,27894,,,1032,187,617,,,-4,-5,7/13/2020 15:19,,
2020/07/13,NV,28744,,,850,18,617,,,0,0,7/14/2020 15:13,,
2020/07/14,NV,29832,,,1088,-16,636,,,19,0,7/15/2020 15:05,,
2020/07/15,NV,30673,,,841,-8,643,,,7,1,7/16/2020 14:22,,
2020/07/16,NV,32120,,,1447,0,651,,,8,0,7/17/2020 14:31,,
2020/07/17,NV,33503,,,1383,3,663,,,12,1,7/18/2020 16:14,,
2020/07/18,NV,34689,,,1186,4,672,,,9,0,7/19/2020 15:05,,
2020/07/19,NV,35977,,,1288,0,673,,,1,0,7/20/2020 14:35,,
2020/07/20,NV,36925,,,948,0,674,,,1,0,7/21/2020 14:50,,
2020/07/21,NV,37741,,,816,1,702,,,28,0,7/22/2020 14:51,,
2020/07/22,NV,38877,,,1136,7,730,,,28,0,7/23/2020 14:48,,
2020/07/23,NV,40140,,,1263,1,735,,,5,0,7/24/2020 14:18,,
2020/07/24,NV,40140,,,0,0,735,,,0,0,7/25/2020 17:40,,
2020/07/25,NV,42037,,,1897,0,758,,,23,0,7/26/2020 15:17,,
2020/07/26,NV,43067,,,1030,3,760,,,2,0,7/27/2020 14:16,,
2020/07/27,NV,44055,,,988,0,765,,,5,0,7/28/2020 14:21,,
2020/07/28,NV,45151,,,1096,-9,785,,,20,0,7/29/2020 14:34,,
2020/07/29,NV,46021,,,870,0,806,,,21,0,7/30/2020 14:42,,
2020/07/30,NV,47170,,,1149,131,827,,,21,0,7/31/2020 14:35,,
2020/07/31,NV,48312,,,1142,-122,856,,,29,0,8/1/2020 14:38,,
2020/08/01,NV,49306,,,994,8,858,,,2,0,8/2/2020 14:54,,
2020/08/02,NV,50437,,,1131,0,858,,,0,0,8/3/2020 14:31,,
2020/08/03,NV,51422,,,985,-9,874,,,16,1,8/4/2020 14:09,,
2020/08/04,NV,52423,,,1001,21,889,,,15,0,8/5/2020 14:13,,
2020/08/05,NV,53068,,,645,-4,917,,,28,0,8/6/2020 14:12,,
2020/08/06,NV,53919,,,851,122,927,,,10,0,8/7/2020 23:57,,
2020/08/07,NV,54757,,,838,-138,947,,,20,0,8/8/2020 14:58,,
2020/08/08,NV,55644,,,887,1,977,,,30,1,8/9/2020 14:03,,
2020/08/09,NV,56456,,,812,1,985,,,8,0,8/10/2020 14:23,,
2020/08/10,NV,57198,,,742,0,991,,,6,0,8/11/2020 14:16,,
2020/08/11,NV,57745,,,547,-1,1009,,,18,0,8/12/2020 13:50,,
2020/08/12,NV,58270,,,525,-3,1024,,,15,0,8/13/2020 14:12,,
2020/08/13,NV,58856,,,586,-16,1058,,,34,0,8/14/2020 14:30,,
2020/08/14,NV,59955,,,1099,0,1073,,,15,0,8/15/2020 14:02,,
2020/08/15,NV,60814,,,859,0,1097,,,24,0,8/16/2020 14:57,,
2020/08/16,NV,61511,,,697,0,1100,,,3,0,8/17/2020 14:26,,
2020/08/17,NV,62171,,,660,-2,1105,,,5,0,8/18/2020 14:26,,
2020/08/18,NV,62854,,,683,11,1130,,,25,0,8/19/2020 14:23,,
2020/08/19,NV,63248,,,394,5,1162,,,32,0,8/20/2020 15:11,,
2020/08/20,NV,63804,,,556,0,1200,,,38,0,8/21/2020 14:27,,
2020/08/21,NV,64697,,,893,44,1215,,,15,2,8/22/2020 14:21,,
2020/08/22,NV,65334,,,637,1,1227,,,12,0,8/23/2020 14:15,,
2020/08/23,NV,65866,,,532,0,1227,,,0,0,8/24/2020 13:54,,
2020/08/24,NV,66275,,,409,0,1230,,,3,0,8/25/2020 14:02,,
2020/08/25,NV,66680,,,405,2,1259,,,29,-1,8/26/2020 13:51,,
2020/08/26,NV,66938,,,258,5,1279,,,20,0,8/27/2020 13:42,,
2020/08/27,NV,67491,,,553,-1,1300,,,21,0,8/28/2020 13:43,,
2020/08/28,NV,68115,,,624,-8,1316,,,16,0,8/29/2020 13:42,,
2020/08/29,NV,68717,,,602,-7,1331,,,15,0,8/30/2020 14:49,,
2020/08/30,NV,69164,,,447,0,1331,,,0,0,8/31/2020 14:05,,
2020/08/31,NV,69484,,,320,0,1334,,,3,0,9/1/2020 14:09,,
2020/09/01,NV,69884,,,400,-5,1342,,,8,0,9/2/2020 13:49,,
2020/09/02,NV,70122,,,238,-1,1365,,,23,0,9/3/2020 14:18,,
2020/09/03,NV,70474,,,352,1,1392,,,27,0,9/4/2020 13:36,,
2020/09/04,NV,70963,,,489,0,1404,,,12,0,9/5/2020 14:09,,
2020/09/05,NV,71353,,,390,0,1421,,,17,4,9/6/2020 14:09,,
2020/09/06,NV,71861,,,508,0,1422,,,1,0,9/7/2020 13:37,,
2020/09/07,NV,72218,,,357,0,1426,,,4,0,9/8/2020 14:47,,
2020/09/08,NV,72348,,,130,-7,1426,,,0,0,9/9/2020 13:47,,
2020/09/09,NV,72503,,,155,1,1447,,,21,2,9/10/2020 14:02,,
2020/09/10,NV,72791,,,288,0,1464,,,17,0,9/11/2020 13:51,,
2020/09/11,NV,73051,,,260,0,1474,,,10,0,9/12/2020 14:12,,
2020/09/12,NV,73449,,,398,-16,1484,,,10,0,9/13/2020 16:17,,
2020/09/13,NV,73766,,,317,0,1487,,,3,0,9/14/2020 14:01,,
2020/09/14,NV,74043,,,277,0,1491,,,4,0,9/15/2020 14:03,,
2020/09/15,NV,74008,,,-35,-35,1491,,,0,0,9/16/2020 13:53,,
2020/09/16,NV,74442,,,434,0,1529,,,38,0,9/17/2020 13:45,,
2020/09/17,NV,74786,,,344,-3,1541,,,12,0,9/18/2020 13:48,,
2020/09/18,NV,75284,,,498,-3,1565,,,24,6,9/19/2020 14:00,,
2020/09/19,NV,75607,,,323,0,1558,,,-7,-6,9/20/2020 13:53,,
2020/09/20,NV,75610,,,3,3,1558,,,0,0,9/21/2020 13:47,,
2020/09/21,NV,76239,,,629,12,1573,,,15,7,9/22/2020 13:51,,
2020/09/22,NV,76500,,,261,-1,1591,,,18,3,9/23/2020 13:51,,
2020/09/23,NV,76982,,,482,-27,1602,,,11,1,9/24/2020 13:54,,
2020/09/24,NV,77372,,,390,0,1611,,,9,1,9/25/2020 13:54,,
2020/09/25,NV,77855,,,483,-73,1615,,,4,-5,9/26/2020 13:46,,
2020/01/22,PR,0,,,0,,0,,,0,,3/26/2020 16:22,Agree,Agree
2020/01/23,PR,0,,,0,,0,,,0,,3/26/2020 16:22,Agree,Agree
2020/01/24,PR,0,,,0,,0,,,0,,3/26/2020 16:22,Agree,Agree
2020/01/25,PR,0,,,0,,0,,,0,,3/26/2020 16:22,Agree,Agree
2020/01/26,PR,0,,,0,,0,,,0,,3/26/2020 16:22,Agree,Agree
2020/01/27,PR,0,,,0,,0,,,0,,3/26/2020 16:22,Agree,Agree
2020/01/28,PR,0,,,0,,0,,,0,,3/26/2020 16:22,Agree,Agree
2020/01/29,PR,0,,,0,,0,,,0,,3/26/2020 16:22,Agree,Agree
2020/01/30,PR,0,,,0,,0,,,0,,3/26/2020 16:22,Agree,Agree
2020/01/31,PR,0,,,0,,0,,,0,,3/26/2020 16:22,Agree,Agree
2020/02/01,PR,0,,,0,,0,,,0,,3/26/2020 16:22,Agree,Agree
2020/02/02,PR,0,,,0,,0,,,0,,3/26/2020 16:22,Agree,Agree
2020/02/03,PR,0,,,0,,0,,,0,,3/26/2020 16:22,Agree,Agree
2020/02/04,PR,0,,,0,,0,,,0,,3/26/2020 16:22,Agree,Agree
2020/02/05,PR,0,,,0,,0,,,0,,3/26/2020 16:22,Agree,Agree
2020/02/06,PR,0,,,0,,0,,,0,,3/26/2020 16:22,Agree,Agree
2020/02/07,PR,0,,,0,,0,,,0,,3/26/2020 16:22,Agree,Agree
2020/02/08,PR,0,,,0,,0,,,0,,3/26/2020 16:22,Agree,Agree
2020/02/09,PR,0,,,0,,0,,,0,,3/26/2020 16:22,Agree,Agree
2020/02/10,PR,0,,,0,,0,,,0,,3/26/2020 16:22,Agree,Agree
2020/02/11,PR,0,,,0,,0,,,0,,3/26/2020 16:22,Agree,Agree
2020/02/12,PR,0,,,0,,0,,,0,,3/26/2020 16:22,Agree,Agree
2020/02/13,PR,0,,,0,,0,,,0,,3/26/2020 16:22,Agree,Agree
2020/02/14,PR,0,,,0,,0,,,0,,3/26/2020 16:22,Agree,Agree
2020/02/15,PR,0,,,0,,0,,,0,,3/26/2020 16:22,Agree,Agree
2020/02/16,PR,0,,,0,,0,,,0,,3/26/2020 16:22,Agree,Agree
2020/02/17,PR,0,,,0,,0,,,0,,3/26/2020 16:22,Agree,Agree
2020/02/18,PR,0,,,0,,0,,,0,,3/26/2020 16:22,Agree,Agree
2020/02/19,PR,0,,,0,,0,,,0,,3/26/2020 16:22,Agree,Agree
2020/02/20,PR,0,,,0,,0,,,0,,3/26/2020 16:22,Agree,Agree
2020/02/21,PR,0,,,0,,0,,,0,,3/26/2020 16:22,Agree,Agree
2020/02/22,PR,0,,,0,,0,,,0,,3/26/2020 16:22,Agree,Agree
2020/02/23,PR,0,,,0,,0,,,0,,3/26/2020 16:22,Agree,Agree
2020/02/24,PR,0,,,0,,0,,,0,,3/26/2020 16:22,Agree,Agree
2020/02/25,PR,0,,,0,,0,,,0,,3/26/2020 16:22,Agree,Agree
2020/02/26,PR,0,,,0,,0,,,0,,3/26/2020 16:22,Agree,Agree
2020/02/27,PR,0,,,0,,0,,,0,,3/26/2020 16:22,Agree,Agree
2020/02/28,PR,0,,,0,,0,,,0,,3/26/2020 16:22,Agree,Agree
2020/02/29,PR,0,,,0,,0,,,0,,3/26/2020 16:22,Agree,Agree
2020/03/01,PR,0,,,0,,0,,,0,,3/26/2020 16:22,Agree,Agree
2020/03/02,PR,0,,,0,,0,,,0,,3/26/2020 16:22,Agree,Agree
2020/03/03,PR,0,,,0,,0,,,0,,3/26/2020 16:22,Agree,Agree
2020/03/04,PR,0,,,0,,0,,,0,,3/26/2020 16:22,Agree,Agree
2020/03/05,PR,0,,,0,,0,,,0,,3/26/2020 16:22,Agree,Agree
2020/03/06,PR,0,,,0,,0,,,0,,3/26/2020 16:22,Agree,Agree
2020/03/07,PR,0,,,0,,0,,,0,,3/26/2020 16:22,Agree,Agree
2020/03/08,PR,0,,,0,,0,,,0,,3/26/2020 16:22,Agree,Agree
2020/03/09,PR,0,,,0,,0,,,0,,3/26/2020 16:22,Agree,Agree
2020/03/10,PR,0,,,0,,0,,,0,,3/26/2020 16:22,Agree,Agree
2020/03/11,PR,0,,,0,,0,,,0,,3/26/2020 16:22,Agree,Agree
2020/03/12,PR,0,,,0,,0,,,0,,3/26/2020 16:22,Agree,Agree
2020/03/13,PR,0,,,0,,0,,,0,,3/26/2020 16:22,Agree,Agree
2020/03/14,PR,0,,,0,,0,,,0,,3/26/2020 16:22,Agree,Agree
2020/03/15,PR,2,,,2,,0,,,0,,3/26/2020 16:22,Agree,Agree
2020/03/16,PR,2,,,0,,0,,,0,,3/26/2020 16:22,Agree,Agree
2020/03/17,PR,2,,,0,,0,,,0,,3/26/2020 16:22,Agree,Agree
2020/03/18,PR,2,,,0,,0,,,0,,3/26/2020 16:22,Agree,Agree
2020/03/19,PR,2,,,0,,0,,,0,,3/26/2020 16:22,Agree,Agree
2020/03/20,PR,14,,,12,,0,,,0,,3/26/2020 16:22,Agree,Agree
2020/03/21,PR,21,,,7,,0,,,0,,3/26/2020 16:22,Agree,Agree
2020/03/22,PR,23,,,2,,1,,,1,,3/26/2020 16:22,Agree,Agree
2020/03/23,PR,31,,,8,,2,,,1,,3/26/2020 16:22,Agree,Agree
2020/03/24,PR,39,,,8,,2,,,0,,3/26/2020 16:22,Agree,Agree
2020/03/25,PR,51,,,12,,2,,,0,,3/26/2020 16:22,Agree,Agree
2020/03/26,PR,64,,,13,,2,,,0,,3/26/2020 16:22,Agree,Agree
2020/03/27,PR,79,,,15,,3,,,1,,3/26/2020 16:22,Agree,Agree
2020/03/28,PR,100,,,21,,3,,,0,,3/28/2020 16:22,Agree,Agree
2020/03/29,PR,127,,,27,,5,,,2,,3/28/2020 16:22,Agree,Agree
2020/03/30,PR,174,,,47,,7,,,2,,3/29/2020 16:22,Agree,Agree
2020/03/31,PR,239,,,65,,8,,,1,,3/30/2020 16:22,Agree,Agree
2020/04/01,PR,286,,,47,,11,,,3,,3/31/2020 16:22,Agree,Agree
2020/04/02,PR,316,,,30,,12,,,1,,4/1/2020 16:22,Agree,Agree
2020/04/03,PR,378,,,62,,15,,,3,,4/3/2020 16:22,Agree,Agree
2020/04/04,PR,452,,,74,,18,,,3,,4/3/2020 16:22,Agree,Agree
2020/04/05,PR,475,,,23,,20,,,2,,4/4/2020 16:22,Agree,Agree
2020/04/06,PR,513,,,38,,21,,,1,,4/5/2020 16:22,Agree,Agree
2020/04/07,PR,573,,,60,,23,,,2,,4/7/2020 16:22,Agree,Agree
2020/04/08,PR,620,,,47,,24,,,1,,4/7/2020 16:22,Agree,Agree
2020/04/09,PR,683,,,63,,33,,,9,,4/8/2020 16:22,Agree,Agree
2020/04/10,PR,725,,,42,,39,,,6,,4/9/2020 16:22,Agree,Agree
2020/04/11,PR,788,,,63,,42,,,3,,4/10/2020 16:22,Agree,Agree
2020/04/12,PR,897,,,109,,44,,,2,,4/11/2020 16:22,Agree,Agree
2020/04/13,PR,903,,,6,,45,,,1,,4/12/2020 16:22,Agree,Agree
2020/04/14,PR,923,,,20,,45,,,0,,4/13/2020 16:22,Agree,Agree
2020/04/15,PR,974,,,51,,51,,,6,,4/15/2020 16:22,Agree,Agree
2020/04/16,PR,1043,,,69,,56,,,5,,4/16/2020 16:22,Agree,Agree
2020/04/17,PR,1068,,,25,,58,,,2,,4/17/2020 16:22,Agree,Agree
2020/04/18,PR,1118,,,50,,60,,,2,,4/18/2020 16:22,Agree,Agree
2020/04/19,PR,1213,1213,0,95,0,62,62,0,2,0,4/19/2020 16:22,Agree,Agree
2020/04/20,PR,1213,,,0,,62,,,0,,4/20/2020 16:22,Agree,Agree
2020/04/21,PR,1213,1213,0,0,0,62,62,0,0,0,4/21/2020 16:22,Agree,Agree
2020/04/22,PR,1213,1213,0,0,0,62,62,0,0,0,4/22/2020 16:22,Agree,Agree
2020/04/23,PR,1416,1416,0,203,0,69,69,0,7,0,5/25/2020 15:38,Agree,Agree
2020/04/24,PR,1416,1416,0,0,0,69,69,0,0,0,5/25/2020 15:38,Agree,Agree
2020/04/25,PR,1416,1416,0,0,0,69,69,0,0,0,5/25/2020 15:38,Agree,Agree
2020/04/26,PR,1371,1371,0,-45,0,84,84,0,15,0,5/25/2020 15:38,Agree,Agree
2020/04/27,PR,1389,1389,0,18,0,84,84,0,0,0,5/25/2020 15:38,Agree,Agree
2020/04/28,PR,1400,1400,0,11,0,86,86,0,2,0,4/29/2020 18:12,Agree,Agree
2020/04/29,PR,1433,1433,0,33,0,86,86,0,0,0,4/30/2020 16:07,Agree,Agree
2020/04/30,PR,1539,1539,0,106,0,92,92,0,6,0,5/1/2020 21:00,Agree,Agree
2020/05/01,PR,1575,1575,0,36,0,94,94,0,2,0,5/2/2020 15:47,Agree,Agree
2020/05/02,PR,1757,1757,0,182,0,95,95,0,1,0,5/3/2020 15:36,Agree,Agree
2020/05/03,PR,1808,1808,0,51,0,97,97,0,2,0,5/4/2020 22:49,Agree,Agree
2020/05/04,PR,1843,1843,0,35,0,97,97,0,0,0,5/5/2020 17:25,Agree,Agree
2020/05/05,PR,1924,1924,0,81,0,99,99,0,2,0,5/6/2020 16:23,Agree,Agree
2020/05/06,PR,1968,1968,0,44,0,99,99,0,0,0,5/7/2020 22:59,Agree,Agree
2020/05/07,PR,2031,2031,0,63,0,102,102,0,3,0,5/8/2020 21:26,Agree,Agree
2020/05/08,PR,2156,2156,0,125,0,107,56,51,5,51,5/9/2020 21:26,Agree,Agree
2020/05/09,PR,2173,2173,0,17,0,108,57,51,1,0,5/10/2020 21:26,Agree,Agree
2020/05/10,PR,2198,2198,0,25,0,111,57,54,3,3,5/11/2020 21:26,Agree,Agree
2020/05/11,PR,2256,2256,0,58,0,113,57,56,2,2,5/12/2020 17:26,Agree,Agree
2020/05/12,PR,2299,2299,0,43,0,114,58,56,1,0,5/13/2020 15:26,Agree,Agree
2020/05/13,PR,2329,2329,0,30,0,115,58,57,1,1,5/14/2020 17:25,Agree,Agree
2020/05/14,PR,2427,2427,0,98,0,117,58,59,2,2,5/15/2020 16:11,Agree,Agree
2020/05/15,PR,2589,2589,0,162,0,122,59,63,5,4,5/16/2020 15:46,Agree,Agree
2020/05/16,PR,2589,2589,0,0,0,122,59,63,0,0,5/17/2020 15:27,Agree,Agree
2020/05/17,PR,2646,2646,0,57,0,123,60,63,1,0,5/18/2020 16:01,Agree,Agree
2020/05/18,PR,2710,2710,0,64,0,124,60,64,1,1,5/19/2020 15:45,Agree,Agree
2020/05/19,PR,2805,2805,0,95,0,124,60,64,0,0,5/20/2020 15:28,Agree,Agree
2020/05/20,PR,2866,2866,0,61,0,125,59,66,1,2,5/21/2020 15:41,Agree,Agree
2020/05/21,PR,2913,2913,0,47,0,126,60,66,1,0,5/22/2020 15:31,Agree,Agree
2020/05/22,PR,3030,3030,0,117,0,126,60,66,0,0,5/23/2020 17:58,Agree,Agree
2020/05/23,PR,3100,3100,0,70,0,127,61,66,1,0,5/24/2020 14:15,Agree,Agree
2020/05/24,PR,3189,1230,1959,89,1959,127,61,66,0,0,5/25/2020 14:12,Agree,Agree
2020/05/25,PR,3260,1240,2020,71,61,129,61,68,2,2,5/26/2020 14:23,Agree,Agree
2020/05/26,PR,3324,1241,2083,64,63,129,61,68,0,0,5/27/2020 15:37,Agree,Agree
2020/05/27,PR,3397,1260,2137,73,54,129,61,68,0,0,5/28/2020 15:12,Agree,Agree
2020/05/28,PR,3486,1280,2206,89,69,131,61,70,2,2,5/29/2020 14:19,Agree,Agree
2020/05/29,PR,3647,1293,2354,161,148,132,62,70,1,0,5/30/2020 15:47,Agree,Agree
2020/05/30,PR,3718,1300,2418,71,64,133,62,71,1,1,5/31/2020 14:43,Agree,Agree
2020/05/31,PR,3776,1304,2472,58,54,136,63,73,3,2,6/1/2020 14:17,Agree,Agree
2020/06/01,PR,3873,1304,2569,97,97,136,63,73,0,0,6/2/2020 14:16,Agree,Agree
2020/06/02,PR,3935,1305,2630,62,61,138,63,75,2,2,6/3/2020 14:11,Agree,Agree
2020/06/03,PR,4023,1313,2710,88,80,140,63,77,2,2,6/4/2020 15:03,Agree,Agree
2020/06/04,PR,4508,1322,3186,485,476,140,63,77,0,0,6/5/2020 15:17,Agree,Agree
2020/06/05,PR,4620,1330,3290,112,104,141,63,78,1,1,6/6/2020 14:31,Agree,Agree
2020/06/06,PR,4915,1360,3555,295,265,142,63,79,1,1,6/7/2020 14:23,Agree,Agree
2020/06/07,PR,4985,1364,3621,70,66,142,63,79,0,0,6/8/2020 14:55,Agree,Agree
2020/06/08,PR,5046,1373,3673,61,52,142,63,79,0,0,6/9/2020 16:49,Agree,Agree
2020/06/09,PR,5185,1386,3799,139,126,142,63,79,0,0,6/10/2020 20:56,Agree,Agree
2020/06/10,PR,5352,1403,3949,167,150,144,56,88,2,9,6/11/2020 14:48,Agree,Agree
2020/06/11,PR,5352,1403,3949,0,0,144,56,88,0,0,6/12/2020 14:17,Agree,Agree
2020/06/12,PR,5536,1443,4093,184,144,146,56,90,2,2,6/13/2020 17:46,Agree,Agree
2020/06/13,PR,5690,1460,4230,154,137,146,56,90,0,0,6/14/2020 14:19,Agree,Agree
2020/06/14,PR,5890,1477,4413,200,183,147,57,90,1,0,6/15/2020 14:33,Agree,Agree
2020/06/15,PR,5951,1479,4472,61,59,147,57,90,0,0,6/16/2020 14:10,Agree,Agree
2020/06/16,PR,6003,1486,4517,52,45,147,57,90,0,0,6/17/2020 15:06,Agree,Agree
2020/06/17,PR,6111,1496,4615,108,98,147,57,90,0,0,6/18/2020 17:16,Agree,Agree
2020/06/18,PR,6195,1499,4696,84,81,147,57,90,0,0,6/19/2020 15:01,Agree,Agree
2020/06/19,PR,6463,1531,4932,268,236,147,57,90,0,0,6/20/2020 14:15,Agree,Agree
2020/06/20,PR,6525,1533,4992,62,60,149,57,92,2,2,6/21/2020 14:32,Agree,Agree
2020/06/21,PR,6564,1540,5024,39,32,149,57,92,0,0,6/22/2020 15:24,Agree,Agree
2020/06/22,PR,6685,1550,5135,121,111,149,57,92,0,0,6/23/2020 14:28,Agree,Agree
2020/06/23,PR,6820,1577,5243,135,108,149,57,92,0,0,6/24/2020 15:03,Agree,Agree
2020/06/24,PR,6877,1579,5298,57,55,151,57,94,2,2,6/25/2020 14:07,Agree,Agree
2020/06/25,PR,6922,1583,5339,45,41,151,57,94,0,0,6/26/2020 19:18,Agree,Agree
2020/06/26,PR,7066,1602,5464,144,125,152,58,94,1,0,6/27/2020 17:51,Agree,Agree
2020/06/27,PR,7189,1624,5565,123,101,153,59,94,1,0,6/28/2020 14:59,Agree,Agree
2020/06/28,PR,7250,1638,5612,61,47,153,59,94,0,0,6/29/2020 14:37,Agree,Agree
2020/06/29,PR,7465,1693,5772,215,160,153,59,94,0,0,6/30/2020 15:27,Agree,Agree
2020/06/30,PR,7537,1729,5808,72,36,153,59,94,0,0,7/1/2020 15:45,Agree,Agree
2020/07/01,PR,7608,1767,5841,71,33,153,59,94,0,0,7/2/2020 15:10,Agree,Agree
2020/07/02,PR,7683,1791,5892,75,51,154,60,94,1,0,7/3/2020 15:01,Agree,Agree
2020/07/03,PR,7787,1817,5970,104,78,155,60,95,1,1,7/4/2020 15:30,Agree,Agree
2020/07/04,PR,7922,1846,6076,135,106,155,60,95,0,0,7/5/2020 15:00,Agree,Agree
2020/07/05,PR,8585,2071,6514,663,438,155,60,95,0,0,7/6/2020 15:16,Agree,Agree
2020/07/06,PR,8714,2147,6567,129,53,157,62,95,2,0,7/7/2020 14:58,Agree,Agree
2020/07/07,PR,8745,2171,6574,31,7,159,64,95,2,0,7/8/2020 14:12,Agree,Agree
2020/07/08,PR,8862,2235,6627,117,53,159,64,95,0,0,7/9/2020 15:14,Agree,Agree
2020/07/09,PR,9137,2351,6786,275,159,159,64,95,0,0,7/10/2020 15:35,Agree,Agree
2020/07/10,PR,9366,2435,6931,229,145,167,71,96,8,1,7/11/2020 18:25,Agree,Agree
2020/07/11,PR,9654,2583,7071,288,140,167,71,96,0,0,7/12/2020 15:13,Agree,Agree
2020/07/12,PR,10010,2811,7199,356,128,167,71,96,0,0,7/13/2020 15:19,Agree,Agree
2020/07/13,PR,10123,2904,7219,113,20,169,73,96,2,0,7/14/2020 15:13,Agree,Agree
2020/07/14,PR,10379,3043,7336,256,117,171,75,96,2,0,7/15/2020 15:05,Agree,Agree
2020/07/15,PR,10574,3119,7455,195,119,172,75,97,1,1,7/16/2020 14:22,Agree,Agree
2020/07/16,PR,11120,3272,7848,546,393,177,80,97,5,0,7/17/2020 14:31,Agree,Agree
2020/07/17,PR,11453,3461,7992,333,144,178,81,97,1,0,7/18/2020 16:14,Agree,Agree
2020/07/18,PR,12063,3791,8272,610,280,178,81,97,0,0,7/19/2020 15:05,Agree,Agree
2020/07/19,PR,12461,4011,8450,398,178,180,81,99,2,2,7/20/2020 14:35,Agree,Agree
2020/07/20,PR,12940,4255,8685,479,235,180,81,99,0,0,7/21/2020 14:50,Agree,Agree
2020/07/21,PR,13038,4330,8708,98,23,185,84,101,5,2,7/22/2020 14:51,Agree,Agree
2020/07/22,PR,13473,4574,8899,435,191,188,87,101,3,0,7/23/2020 14:48,Agree,Agree
2020/07/23,PR,13967,4794,9173,494,274,191,90,101,3,0,7/24/2020 14:18,Agree,Agree
2020/07/24,PR,14540,5042,9498,573,325,201,99,102,10,1,7/25/2020 17:40,Agree,Agree
2020/07/25,PR,15143,5236,9907,603,409,201,99,102,0,0,7/26/2020 15:17,Agree,Agree
2020/07/26,PR,15431,5416,10015,288,108,201,99,102,0,0,7/27/2020 14:16,Agree,Agree
2020/07/27,PR,15840,5585,10255,409,240,209,104,105,8,3,7/28/2020 14:21,Agree,Agree
2020/07/28,PR,16061,5700,10361,221,106,211,106,105,2,0,7/29/2020 14:34,Agree,Agree
2020/07/29,PR,16572,5920,10652,511,291,214,109,105,3,0,7/30/2020 14:42,Agree,Agree
2020/07/30,PR,16781,5997,10784,209,132,219,113,106,5,1,7/31/2020 14:35,Agree,Agree
2020/07/31,PR,17872,6543,11329,1091,545,225,115,110,6,4,8/1/2020 14:38,Agree,Agree
2020/08/01,PR,18411,6835,11576,539,247,230,119,111,5,1,8/2/2020 14:54,Agree,Agree
2020/08/02,PR,18791,7113,11678,380,102,230,119,111,0,0,8/3/2020 14:31,Agree,Agree
2020/08/03,PR,19324,7413,11911,533,233,237,127,110,7,-1,8/4/2020 14:09,Agree,Agree
2020/08/04,PR,19651,7684,11967,327,56,246,133,113,9,3,8/5/2020 14:13,Agree,Agree
2020/08/05,PR,19934,7824,12110,283,143,258,144,114,12,1,8/6/2020 14:12,Agree,Agree
2020/08/06,PR,20686,8230,12456,752,346,265,149,116,7,2,8/7/2020 23:57,Agree,Agree
2020/08/07,PR,21424,8573,12851,738,395,274,158,116,9,0,8/8/2020 14:58,Agree,Agree
2020/08/08,PR,22121,8934,13187,697,336,279,161,118,5,2,8/9/2020 14:03,Agree,Agree
2020/08/09,PR,22821,9319,13502,700,315,279,161,118,0,0,8/10/2020 14:23,Agree,Agree
2020/08/10,PR,23403,9605,13798,582,296,287,167,120,8,2,8/11/2020 14:16,Agree,Agree
2020/08/11,PR,24074,10169,13905,671,107,295,174,121,8,1,8/12/2020 13:50,Agree,Agree
2020/08/12,PR,24446,10279,14167,372,262,306,182,124,11,3,8/13/2020 14:12,Agree,Agree
2020/08/13,PR,25128,10730,14398,682,231,317,192,125,11,1,8/14/2020 14:30,Agree,Agree
2020/08/14,PR,25695,11069,14626,567,228,329,201,128,12,3,8/15/2020 14:02,Agree,Agree
2020/08/15,PR,26006,11251,14755,311,129,335,205,130,6,2,8/16/2020 14:57,Agree,Agree
2020/08/16,PR,26760,11723,15037,754,282,335,206,129,0,-1,8/17/2020 14:26,Agree,Agree
2020/08/17,PR,27713,12371,15342,953,305,346,216,130,11,1,8/18/2020 14:26,Agree,Agree
2020/08/18,PR,27934,12452,15482,221,140,356,225,131,10,1,8/19/2020 14:23,Agree,Agree
2020/08/19,PR,28143,12576,15567,209,85,367,236,131,11,0,8/20/2020 15:11,Agree,Agree
2020/08/20,PR,28846,13014,15832,703,265,374,240,134,7,3,8/21/2020 14:27,Agree,Agree
2020/08/21,PR,29577,13282,16295,731,463,381,246,135,7,1,8/22/2020 14:21,Agree,Agree
2020/08/22,PR,29896,13477,16419,319,124,390,251,139,9,4,8/23/2020 14:15,Agree,Agree
2020/08/23,PR,30618,13922,16696,722,277,390,251,139,0,0,8/24/2020 13:54,Agree,Agree
2020/08/24,PR,30720,13992,16728,102,32,395,256,139,5,0,8/25/2020 14:02,Agree,Agree
2020/08/25,PR,30744,14010,16734,24,6,404,263,141,9,2,8/26/2020 13:51,Agree,Agree
2020/08/26,PR,31383,14469,16914,639,180,412,270,142,8,1,8/27/2020 13:42,Agree,Agree
2020/08/27,PR,31988,14726,17262,605,348,424,280,144,12,2,8/28/2020 13:43,Agree,Agree
2020/08/28,PR,32550,14986,17564,562,302,428,283,145,4,1,8/29/2020 13:42,Agree,Agree
2020/08/29,PR,32848,15229,17619,298,55,434,287,147,6,2,8/30/2020 14:49,Agree,Agree
2020/08/30,PR,33199,15476,17723,351,104,434,287,147,0,0,8/31/2020 14:05,Agree,Agree
2020/08/31,PR,33421,15584,17837,222,114,435,288,147,1,0,9/1/2020 14:09,Agree,Agree
2020/09/01,PR,34003,15942,18061,582,224,443,293,150,8,3,9/2/2020 13:49,Agree,Agree
2020/09/02,PR,34198,16069,18129,195,68,448,296,152,5,2,9/3/2020 14:18,Agree,Agree
2020/09/03,PR,34241,16101,18140,43,11,455,302,153,7,1,9/4/2020 13:36,Agree,Agree
2020/09/04,PR,34492,16243,18249,251,109,464,309,155,9,2,9/5/2020 14:09,Agree,Agree
2020/09/05,PR,34533,16269,18264,41,15,477,317,160,13,5,9/6/2020 14:09,Agree,Agree
2020/09/06,PR,35375,16692,18683,842,419,477,317,160,0,0,9/7/2020 13:37,Agree,Agree
2020/09/07,PR,35504,16788,18716,129,33,482,319,163,5,3,9/8/2020 14:47,Agree,Agree
2020/09/08,PR,35507,16789,18718,3,2,500,337,163,18,0,9/9/2020 13:47,Agree,Agree
2020/09/09,PR,36279,17248,19031,772,313,512,349,163,12,0,9/10/2020 14:02,Agree,Agree
2020/09/10,PR,36581,17357,19224,302,193,523,359,164,11,1,9/11/2020 13:51,Agree,Agree
2020/09/11,PR,37092,17598,19494,511,270,535,370,165,12,1,9/12/2020 14:12,Agree,Agree
2020/09/12,PR,37380,17769,19611,288,117,539,373,166,4,1,9/13/2020 16:17,Agree,Agree
2020/09/13,PR,37750,17977,19773,370,162,542,376,166,3,0,9/14/2020 14:01,Agree,Agree
2020/09/14,PR,38172,18206,19966,422,193,551,385,166,9,0,9/15/2020 14:03,Agree,Agree
2020/09/15,PR,38284,18252,20032,112,66,570,403,167,19,1,9/16/2020 13:53,Agree,Agree
2020/09/16,PR,38867,18634,20233,583,201,588,420,168,18,1,9/17/2020 13:45,Agree,Agree
2020/09/17,PR,39684,19113,20571,817,338,599,430,169,11,1,9/18/2020 13:48,Agree,Agree
2020/09/18,PR,40993,19807,21186,1309,615,605,435,170,6,1,9/19/2020 14:00,Agree,Agree
2020/09/19,PR,41838,20069,21769,845,583,608,438,170,3,0,9/20/2020 13:53,Agree,Agree
2020/09/20,PR,42476,20311,22165,638,396,609,439,170,1,0,9/21/2020 13:47,Agree,Agree
2020/09/21,PR,42596,20399,22197,120,32,613,443,170,4,0,9/22/2020 13:51,Agree,Agree
2020/09/22,PR,42660,20439,22221,64,24,617,447,170,4,0,9/23/2020 13:51,Agree,Agree
2020/09/23,PR,43842,21156,22686,1182,465,627,456,171,10,1,9/24/2020 13:54,Agree,Agree
2020/09/24,PR,44905,21868,23037,1063,351,635,464,171,8,0,9/25/2020 13:54,Agree,Agree
2020/09/25,PR,45413,22164,23249,508,212,642,471,171,7,0,9/26/2020 13:46,Agree,Agree
2020/01/22,IN,0,,,0,,0,,,0,,3/26/2020 16:22,Not agree,Agree
2020/01/23,IN,0,,,0,,0,,,0,,3/26/2020 16:22,Not agree,Agree
2020/01/24,IN,0,,,0,,0,,,0,,3/26/2020 16:22,Not agree,Agree
2020/01/25,IN,0,,,0,,0,,,0,,3/26/2020 16:22,Not agree,Agree
2020/01/26,IN,0,,,0,,0,,,0,,3/26/2020 16:22,Not agree,Agree
2020/01/27,IN,0,,,0,,0,,,0,,3/26/2020 16:22,Not agree,Agree
2020/01/28,IN,0,,,0,,0,,,0,,3/26/2020 16:22,Not agree,Agree
2020/01/29,IN,0,,,0,,0,,,0,,3/26/2020 16:22,Not agree,Agree
2020/01/30,IN,0,,,0,,0,,,0,,3/26/2020 16:22,Not agree,Agree
2020/01/31,IN,0,,,0,,0,,,0,,3/26/2020 16:22,Not agree,Agree
2020/02/01,IN,0,,,0,,0,,,0,,3/26/2020 16:22,Not agree,Agree
2020/02/02,IN,0,,,0,,0,,,0,,3/26/2020 16:22,Not agree,Agree
2020/02/03,IN,0,,,0,,0,,,0,,3/26/2020 16:22,Not agree,Agree
2020/02/04,IN,0,,,0,,0,,,0,,3/26/2020 16:22,Not agree,Agree
2020/02/05,IN,0,,,0,,0,,,0,,3/26/2020 16:22,Not agree,Agree
2020/02/06,IN,0,,,0,,0,,,0,,3/26/2020 16:22,Not agree,Agree
2020/02/07,IN,0,,,0,,0,,,0,,3/26/2020 16:22,Not agree,Agree
2020/02/08,IN,0,,,0,,0,,,0,,3/26/2020 16:22,Not agree,Agree
2020/02/09,IN,0,,,0,,0,,,0,,3/26/2020 16:22,Not agree,Agree
2020/02/10,IN,0,,,0,,0,,,0,,3/26/2020 16:22,Not agree,Agree
2020/02/11,IN,0,,,0,,0,,,0,,3/26/2020 16:22,Not agree,Agree
2020/02/12,IN,0,,,0,,0,,,0,,3/26/2020 16:22,Not agree,Agree
2020/02/13,IN,0,,,0,,0,,,0,,3/26/2020 16:22,Not agree,Agree
2020/02/14,IN,0,,,0,,0,,,0,,3/26/2020 16:22,Not agree,Agree
2020/02/15,IN,0,,,0,,0,,,0,,3/26/2020 16:22,Not agree,Agree
2020/02/16,IN,0,,,0,,0,,,0,,3/26/2020 16:22,Not agree,Agree
2020/02/17,IN,0,,,0,,0,,,0,,3/26/2020 16:22,Not agree,Agree
2020/02/18,IN,0,,,0,,0,,,0,,3/26/2020 16:22,Not agree,Agree
2020/02/19,IN,0,,,0,,0,,,0,,3/26/2020 16:22,Not agree,Agree
2020/02/20,IN,0,,,0,,0,,,0,,3/26/2020 16:22,Not agree,Agree
2020/02/21,IN,0,,,0,,0,,,0,,3/26/2020 16:22,Not agree,Agree
2020/02/22,IN,0,,,0,,0,,,0,,3/26/2020 16:22,Not agree,Agree
2020/02/23,IN,0,,,0,,0,,,0,,3/26/2020 16:22,Not agree,Agree
2020/02/24,IN,0,,,0,,0,,,0,,3/26/2020 16:22,Not agree,Agree
2020/02/25,IN,0,,,0,,0,,,0,,3/26/2020 16:22,Not agree,Agree
2020/02/26,IN,0,,,0,,0,,,0,,3/26/2020 16:22,Not agree,Agree
2020/02/27,IN,0,,,0,,0,,,0,,3/26/2020 16:22,Not agree,Agree
2020/02/28,IN,0,,,0,,0,,,0,,3/26/2020 16:22,Not agree,Agree
2020/02/29,IN,0,,,0,,0,,,0,,3/26/2020 16:22,Not agree,Agree
2020/03/01,IN,0,,,0,,0,,,0,,3/26/2020 16:22,Not agree,Agree
2020/03/02,IN,0,,,0,,0,,,0,,3/26/2020 16:22,Not agree,Agree
2020/03/03,IN,0,,,0,,0,,,0,,3/26/2020 16:22,Not agree,Agree
2020/03/04,IN,0,,,0,,0,,,0,,3/26/2020 16:22,Not agree,Agree
2020/03/05,IN,0,,,0,,0,,,0,,3/26/2020 16:22,Not agree,Agree
2020/03/06,IN,1,,,1,,0,,,0,,3/26/2020 16:22,Not agree,Agree
2020/03/07,IN,1,,,0,,0,,,0,,3/26/2020 16:22,Not agree,Agree
2020/03/08,IN,2,,,1,,0,,,0,,3/26/2020 16:22,Not agree,Agree
2020/03/09,IN,3,,,1,,0,,,0,,3/26/2020 16:22,Not agree,Agree
2020/03/10,IN,5,,,2,,0,,,0,,3/26/2020 16:22,Not agree,Agree
2020/03/11,IN,9,,,4,,0,,,0,,3/26/2020 16:22,Not agree,Agree
2020/03/12,IN,12,,,3,,0,,,0,,3/26/2020 16:22,Not agree,Agree
2020/03/13,IN,12,,,0,,0,,,0,,3/26/2020 16:22,Not agree,Agree
2020/03/14,IN,12,,,0,,0,,,0,,3/26/2020 16:22,Not agree,Agree
2020/03/15,IN,19,,,7,,0,,,0,,3/26/2020 16:22,Not agree,Agree
2020/03/16,IN,24,,,5,,1,,,1,,3/26/2020 16:22,Not agree,Agree
2020/03/17,IN,30,,,6,,2,,,1,,3/26/2020 16:22,Not agree,Agree
2020/03/18,IN,39,,,9,,2,,,0,,3/26/2020 16:22,Not agree,Agree
2020/03/19,IN,56,,,17,,2,,,0,,3/26/2020 16:22,Not agree,Agree
2020/03/20,IN,79,,,23,,3,,,1,,3/26/2020 16:22,Not agree,Agree
2020/03/21,IN,126,,,47,,4,,,1,,3/26/2020 16:22,Not agree,Agree
2020/03/22,IN,201,,,75,,6,,,2,,3/26/2020 16:22,Not agree,Agree
2020/03/23,IN,259,,,58,,7,,,1,,3/26/2020 16:22,Not agree,Agree
2020/03/24,IN,365,,,106,,12,,,5,,3/26/2020 16:22,Not agree,Agree
2020/03/25,IN,477,,,112,,14,,,2,,3/26/2020 16:22,Not agree,Agree
2020/03/26,IN,645,,,168,,17,,,3,,3/26/2020 16:22,Not agree,Agree
2020/03/27,IN,981,,,336,,24,,,7,,3/26/2020 16:22,Not agree,Agree
2020/03/28,IN,1232,,,251,,31,,,7,,3/28/2020 16:22,Not agree,Agree
2020/03/29,IN,1514,,,282,,32,,,1,,3/28/2020 16:22,Not agree,Agree
2020/03/30,IN,1786,,,272,,35,,,3,,3/29/2020 16:22,Not agree,Agree
2020/03/31,IN,2159,,,373,,49,,,14,,3/30/2020 16:22,Not agree,Agree
2020/04/01,IN,2565,,,406,,65,,,16,,3/31/2020 16:22,Not agree,Agree
2020/04/02,IN,3039,,,474,,78,,,13,,4/1/2020 16:22,Not agree,Agree
2020/04/03,IN,3457,,,418,,102,,,24,,4/3/2020 16:22,Not agree,Agree
2020/04/04,IN,3953,,,496,,116,,,14,,4/3/2020 16:22,Not agree,Agree
2020/04/05,IN,4411,,,458,,127,,,11,,4/4/2020 16:22,Not agree,Agree
2020/04/06,IN,4944,,,533,,139,,,12,,4/5/2020 16:22,Not agree,Agree
2020/04/07,IN,5507,,,563,,173,,,34,,4/7/2020 16:22,Not agree,Agree
2020/04/08,IN,5943,,,436,,203,,,30,,4/7/2020 16:22,Not agree,Agree
2020/04/09,IN,6351,,,408,,245,,,42,,4/8/2020 16:22,Not agree,Agree
2020/04/10,IN,6907,,,556,,300,,,55,,4/9/2020 16:22,Not agree,Agree
2020/04/11,IN,7435,,,528,,350,,,50,,4/10/2020 16:22,Not agree,Agree
2020/04/12,IN,7928,,,493,,350,,,0,,4/11/2020 16:22,Not agree,Agree
2020/04/13,IN,8236,,,308,,350,,,0,,4/12/2020 16:22,Not agree,Agree
2020/04/14,IN,8527,,,291,,387,,,37,,4/13/2020 16:22,Not agree,Agree
2020/04/15,IN,8955,,,428,,436,,,49,,4/15/2020 16:22,Not agree,Agree
2020/04/16,IN,9542,,,587,,477,,,41,,4/16/2020 16:22,Not agree,Agree
2020/04/17,IN,10154,,,612,,519,,,42,,4/17/2020 16:22,Not agree,Agree
2020/04/18,IN,10641,,,487,,545,,,26,,4/18/2020 16:22,Not agree,Agree
2020/04/19,IN,11210,,,569,0,562,562,0,17,0,4/19/2020 16:22,Not agree,Agree
2020/04/20,IN,11686,,,476,,569,,,7,,4/20/2020 16:22,Not agree,Agree
2020/04/21,IN,12097,,,411,0,630,630,0,61,0,4/21/2020 16:22,Not agree,Agree
2020/04/22,IN,12438,,,341,0,661,661,0,31,0,4/22/2020 16:22,Not agree,Agree
2020/04/23,IN,13039,,,601,0,706,706,0,45,0,5/25/2020 15:38,Not agree,Agree
2020/04/24,IN,13680,,,641,0,741,741,0,35,0,5/25/2020 15:38,Not agree,Agree
2020/04/25,IN,14395,,,715,0,872,785,87,131,87,5/25/2020 15:38,Not agree,Agree
2020/04/26,IN,15012,,,617,0,901,813,88,29,1,5/25/2020 15:38,Not agree,Agree
2020/04/27,IN,15961,,,949,0,932,844,88,31,0,5/25/2020 15:38,Not agree,Agree
2020/04/28,IN,16588,,,627,0,992,901,91,60,3,4/29/2020 18:12,Not agree,Agree
2020/04/29,IN,17182,,,594,0,1065,964,101,73,10,4/30/2020 16:07,Not agree,Agree
2020/04/30,IN,17835,,,653,0,1114,1007,107,49,6,5/1/2020 21:00,Not agree,Agree
2020/05/01,IN,18630,,,795,0,1175,1062,113,61,6,5/2/2020 15:47,Not agree,Agree
2020/05/02,IN,19295,,,665,0,1229,1115,114,54,1,5/3/2020 15:36,Not agree,Agree
2020/05/03,IN,19933,,,638,0,1246,1132,114,17,0,5/4/2020 22:49,Not agree,Agree
2020/05/04,IN,20507,,,574,0,1264,1151,113,18,-1,5/5/2020 17:25,Not agree,Agree
2020/05/05,IN,21033,,,526,0,1326,1213,113,62,0,5/6/2020 16:23,Not agree,Agree
2020/05/06,IN,21870,,,837,0,1377,1264,113,51,0,5/7/2020 22:59,Not agree,Agree
2020/05/07,IN,22503,,,633,0,1414,1295,119,37,6,5/8/2020 21:26,Not agree,Agree
2020/05/08,IN,23146,,,643,0,1447,1328,119,33,0,5/9/2020 21:26,Not agree,Agree
2020/05/09,IN,23732,,,586,0,1490,1362,128,43,9,5/10/2020 21:26,Not agree,Agree
2020/05/10,IN,24126,,,394,0,1508,1379,129,18,1,5/11/2020 21:26,Not agree,Agree
2020/05/11,IN,24627,,,501,0,1540,1411,129,32,0,5/12/2020 17:26,Not agree,Agree
2020/05/12,IN,25127,,,500,0,1578,1444,134,38,5,5/13/2020 15:26,Not agree,Agree
2020/05/13,IN,25473,,,346,0,1619,1482,137,41,3,5/14/2020 17:25,Not agree,Agree
2020/05/14,IN,26053,,,580,0,1646,1508,138,27,1,5/15/2020 16:11,Not agree,Agree
2020/05/15,IN,26655,,,602,0,1691,1550,141,45,3,5/16/2020 15:46,Not agree,Agree
2020/05/16,IN,27280,,,625,0,1741,1596,145,50,4,5/17/2020 15:27,Not agree,Agree
2020/05/17,IN,27778,,,498,0,1751,1607,144,10,-1,5/18/2020 16:01,Not agree,Agree
2020/05/18,IN,28255,,,477,0,1765,1621,144,14,0,5/19/2020 15:45,Not agree,Agree
2020/05/19,IN,28705,,,450,0,1824,1678,146,59,2,5/20/2020 15:28,Not agree,Agree
2020/05/20,IN,29274,,,569,0,1864,1716,148,40,2,5/21/2020 15:41,Not agree,Agree
2020/05/21,IN,29936,,,662,0,1913,1764,149,49,1,5/22/2020 15:31,Not agree,Agree
2020/05/22,IN,30409,,,473,0,1941,1791,150,28,1,5/23/2020 17:58,Not agree,Agree
2020/05/23,IN,30901,,,492,0,1964,1812,152,23,2,5/24/2020 14:15,Not agree,Agree
2020/05/24,IN,31376,,,475,0,1976,1824,152,12,0,5/25/2020 14:12,Not agree,Agree
2020/05/25,IN,31715,,,339,0,1984,1832,152,8,0,5/26/2020 14:23,Not agree,Agree
2020/05/26,IN,32078,,,363,0,2004,1850,154,20,2,5/27/2020 15:37,Not agree,Agree
2020/05/27,IN,32437,,,359,0,2030,1871,159,26,5,5/28/2020 15:12,Not agree,Agree
2020/05/28,IN,33068,,,631,0,2068,1907,161,38,2,5/29/2020 14:19,Not agree,Agree
2020/05/29,IN,33558,,,490,0,2110,1946,164,42,3,5/30/2020 15:47,Not agree,Agree
2020/05/30,IN,34211,,,653,0,2125,1958,167,15,3,5/31/2020 14:43,Not agree,Agree
2020/05/31,IN,34574,,,363,0,2134,1967,167,9,0,6/1/2020 14:17,Not agree,Agree
2020/06/01,IN,34830,,,256,0,2142,1976,166,8,-1,6/2/2020 14:16,Not agree,Agree
2020/06/02,IN,35237,,,407,0,2197,2022,175,55,9,6/3/2020 14:11,Not agree,Agree
2020/06/03,IN,35712,,,475,0,2207,2032,175,10,0,6/4/2020 15:03,Not agree,Agree
2020/06/04,IN,36096,,,384,0,2231,2052,179,24,4,6/5/2020 15:17,Not agree,Agree
2020/06/05,IN,36578,,,482,0,2258,2078,180,27,1,6/6/2020 14:31,Not agree,Agree
2020/06/06,IN,36997,,,419,0,2292,2110,182,34,2,6/7/2020 14:23,Not agree,Agree
2020/06/07,IN,37397,,,400,0,2303,2121,182,11,0,6/8/2020 14:55,Not agree,Agree
2020/06/08,IN,37623,,,226,0,2316,2135,181,13,-1,6/9/2020 16:49,Not agree,Agree
2020/06/09,IN,38033,,,410,0,2339,2158,181,23,0,6/10/2020 20:56,Not agree,Agree
2020/06/10,IN,38337,,,304,0,2355,2173,182,16,1,6/11/2020 14:48,Not agree,Agree
2020/06/11,IN,38748,,,411,0,2380,2198,182,25,0,6/12/2020 14:17,Not agree,Agree
2020/06/12,IN,39146,,,398,0,2396,2214,182,16,0,6/13/2020 17:46,Not agree,Agree
2020/06/13,IN,39543,,,397,0,2413,2231,182,17,0,6/14/2020 14:19,Not agree,Agree
2020/06/14,IN,39909,,,366,0,2422,2240,182,9,0,6/15/2020 14:33,Not agree,Agree
2020/06/15,IN,40430,,,521,0,2433,2251,182,11,0,6/16/2020 14:10,Not agree,Agree
2020/06/16,IN,40786,,,356,0,2447,2265,182,14,0,6/17/2020 15:06,Not agree,Agree
2020/06/17,IN,41013,,,227,0,2475,2289,186,28,4,6/18/2020 17:16,Not agree,Agree
2020/06/18,IN,41438,,,425,0,2491,2304,187,16,1,6/19/2020 15:01,Not agree,Agree
2020/06/19,IN,41746,,,308,0,2516,2327,189,25,2,6/20/2020 14:15,Not agree,Agree
2020/06/20,IN,42061,,,315,0,2536,2346,190,20,1,6/21/2020 14:32,Not agree,Agree
2020/06/21,IN,42423,,,362,0,2540,2350,190,4,0,6/22/2020 15:24,Not agree,Agree
2020/06/22,IN,42633,,,210,0,2553,2363,190,13,0,6/23/2020 14:28,Not agree,Agree
2020/06/23,IN,42871,,,238,0,2569,2377,192,16,2,6/24/2020 15:03,Not agree,Agree
2020/06/24,IN,43140,,,269,0,2578,2386,192,9,0,6/25/2020 14:07,Not agree,Agree
2020/06/25,IN,43655,,,515,0,2586,2394,192,8,0,6/26/2020 19:18,Not agree,Agree
2020/06/26,IN,44140,,,485,0,2595,2403,192,9,0,6/27/2020 17:51,Not agree,Agree
2020/06/27,IN,44575,,,435,0,2616,2424,192,21,0,6/28/2020 14:59,Not agree,Agree
2020/06/28,IN,44930,,,355,0,2619,2427,192,3,0,6/29/2020 14:37,Not agree,Agree
2020/06/29,IN,45228,,,298,0,2624,2432,192,5,0,6/30/2020 15:27,Not agree,Agree
2020/06/30,IN,45594,,,366,0,2640,2448,192,16,0,7/1/2020 15:45,Not agree,Agree
2020/07/01,IN,45952,,,358,0,2650,2456,194,10,2,7/2/2020 15:10,Not agree,Agree
2020/07/02,IN,46387,,,435,0,2662,2469,193,12,-1,7/3/2020 15:01,Not agree,Agree
2020/07/03,IN,46915,,,528,0,2681,2488,193,19,0,7/4/2020 15:30,Not agree,Agree
2020/07/04,IN,47432,,,517,0,2687,2494,193,6,0,7/5/2020 15:00,Not agree,Agree
2020/07/05,IN,48008,,,576,0,2693,2500,193,6,0,7/6/2020 15:16,Not agree,Agree
2020/07/06,IN,48331,,,323,0,2698,2505,193,5,0,7/7/2020 14:58,Not agree,Agree
2020/07/07,IN,48626,,,295,0,2717,2524,193,19,0,7/8/2020 14:12,Not agree,Agree
2020/07/08,IN,49063,,,437,0,2732,2539,193,15,0,7/9/2020 15:14,Not agree,Agree
2020/07/09,IN,49575,,,512,0,2739,2546,193,7,0,7/10/2020 15:35,Not agree,Agree
2020/07/10,IN,50300,,,725,0,2748,2555,193,9,0,7/11/2020 18:25,Not agree,Agree
2020/07/11,IN,51079,,,779,0,2756,2563,193,8,0,7/12/2020 15:13,Not agree,Agree
2020/07/12,IN,51612,,,533,0,2760,2567,193,4,0,7/13/2020 15:19,Not agree,Agree
2020/07/13,IN,52037,,,425,0,2762,2569,193,2,0,7/14/2020 15:13,Not agree,Agree
2020/07/14,IN,52685,,,648,0,2775,2582,193,13,0,7/15/2020 15:05,Not agree,Agree
2020/07/15,IN,53370,,,685,0,2785,2592,193,10,0,7/16/2020 14:22,Not agree,Agree
2020/07/16,IN,54080,,,710,0,2795,2602,193,10,0,7/17/2020 14:31,Not agree,Agree
2020/07/17,IN,54813,,,733,0,2803,2610,193,8,0,7/18/2020 16:14,Not agree,Agree
2020/07/18,IN,55654,,,841,0,2820,2627,193,17,0,7/19/2020 15:05,Not agree,Agree
2020/07/19,IN,56571,,,917,0,2822,2629,193,2,0,7/20/2020 14:35,Not agree,Agree
2020/07/20,IN,57206,,,635,0,2825,2632,193,3,0,7/21/2020 14:50,Not agree,Agree
2020/07/21,IN,57916,,,710,0,2846,2652,194,21,1,7/22/2020 14:51,Not agree,Agree
2020/07/22,IN,58673,,,757,0,2863,2666,197,17,3,7/23/2020 14:48,Not agree,Agree
2020/07/23,IN,59602,,,929,0,2880,2683,197,17,0,7/24/2020 14:18,Not agree,Agree
2020/07/24,IN,60598,,,996,0,2884,2687,197,4,0,7/25/2020 17:40,Not agree,Agree
2020/07/25,IN,61520,,,922,0,2895,2698,197,11,0,7/26/2020 15:17,Not agree,Agree
2020/07/26,IN,62372,,,852,0,2903,2706,197,8,0,7/27/2020 14:16,Not agree,Agree
2020/07/27,IN,62907,,,535,0,2906,2709,197,3,0,7/28/2020 14:21,Not agree,Agree
2020/07/28,IN,63678,,,771,0,2924,2725,199,18,2,7/29/2020 14:34,Not agree,Agree
2020/07/29,IN,64299,,,621,0,2932,2733,199,8,0,7/30/2020 14:42,Not agree,Agree
2020/07/30,IN,65253,,,954,0,2946,2746,200,14,1,7/31/2020 14:35,Not agree,Agree
2020/07/31,IN,66154,,,901,0,2965,2765,200,19,0,8/1/2020 14:38,Not agree,Agree
2020/08/01,IN,67122,,,968,0,2971,2771,200,6,0,8/2/2020 14:54,Not agree,Agree
2020/08/02,IN,67857,,,735,0,2975,2775,200,4,0,8/3/2020 14:31,Not agree,Agree
2020/08/03,IN,68433,,,576,0,2980,2780,200,5,0,8/4/2020 14:09,Not agree,Agree
2020/08/04,IN,69255,,,822,0,2996,2794,202,16,2,8/5/2020 14:13,Not agree,Agree
2020/08/05,IN,69975,,,720,0,3007,2805,202,11,0,8/6/2020 14:12,Not agree,Agree
2020/08/06,IN,71015,,,1040,0,3013,2811,202,6,0,8/7/2020 23:57,Not agree,Agree
2020/08/07,IN,72254,,,1239,0,3023,2821,202,10,0,8/8/2020 14:58,Not agree,Agree
2020/08/08,IN,73287,,,1033,0,3036,2834,202,13,0,8/9/2020 14:03,Not agree,Agree
2020/08/09,IN,74328,,,1041,0,3041,2835,206,5,4,8/10/2020 14:23,Not agree,Agree
2020/08/10,IN,74992,,,664,0,3044,2838,206,3,0,8/11/2020 14:16,Not agree,Agree
2020/08/11,IN,75862,,,870,0,3069,2863,206,25,0,8/12/2020 13:50,Not agree,Agree
2020/08/12,IN,76522,,,660,0,3086,2878,208,17,2,8/13/2020 14:12,Not agree,Agree
2020/08/13,IN,77565,,,1043,0,3105,2898,207,19,-1,8/14/2020 14:30,Not agree,Agree
2020/08/14,IN,78632,,,1067,0,3113,2906,207,8,0,8/15/2020 14:02,Not agree,Agree
2020/08/15,IN,79676,,,1044,0,3128,2921,207,15,0,8/16/2020 14:57,Not agree,Agree
2020/08/16,IN,80415,,,739,0,3133,2924,209,5,2,8/17/2020 14:26,Not agree,Agree
2020/08/17,IN,81006,,,591,0,3135,2926,209,2,0,8/18/2020 14:26,Not agree,Agree
2020/08/18,IN,81847,,,841,0,3165,2954,211,30,2,8/19/2020 14:23,Not agree,Agree
2020/08/19,IN,82336,,,489,0,3180,2968,212,15,1,8/20/2020 15:11,Not agree,Agree
2020/08/20,IN,83277,,,941,0,3191,2979,212,11,0,8/21/2020 14:27,Not agree,Agree
2020/08/21,IN,84317,,,1040,0,3208,2992,216,17,4,8/22/2020 14:21,Not agree,Agree
2020/08/22,IN,85317,,,1000,0,3218,3001,217,10,1,8/23/2020 14:15,Not agree,Agree
2020/08/23,IN,85932,,,615,0,3220,3003,217,2,0,8/24/2020 13:54,Not agree,Agree
2020/08/24,IN,87592,,,1660,0,3225,3008,217,5,0,8/25/2020 14:02,Not agree,Agree
2020/08/25,IN,88421,,,829,0,3241,3023,218,16,1,8/26/2020 13:51,Not agree,Agree
2020/08/26,IN,89359,,,938,0,3259,3041,218,18,0,8/27/2020 13:42,Not agree,Agree
2020/08/27,IN,90504,,,1145,0,3266,3047,219,7,1,8/28/2020 13:43,Not agree,Agree
2020/08/28,IN,91313,,,809,0,3277,3058,219,11,0,8/29/2020 13:42,Not agree,Agree
2020/08/29,IN,92434,,,1121,0,3285,3066,219,8,0,8/30/2020 14:49,Not agree,Agree
2020/08/30,IN,93313,,,879,0,3291,3072,219,6,0,8/31/2020 14:05,Not agree,Agree
2020/08/31,IN,94196,,,883,0,3296,3077,219,5,0,9/1/2020 14:09,Not agree,Agree
2020/09/01,IN,94891,,,695,0,3312,3093,219,16,0,9/2/2020 13:49,Not agree,Agree
2020/09/02,IN,95750,,,859,0,3325,3106,219,13,0,9/3/2020 14:18,Not agree,Agree
2020/09/03,IN,96854,,,1104,0,3332,3110,222,7,3,9/4/2020 13:36,Not agree,Agree
2020/09/04,IN,97884,,,1030,0,3350,3127,223,18,1,9/5/2020 14:09,Not agree,Agree
2020/09/05,IN,98961,,,1077,0,3362,3138,224,12,1,9/6/2020 14:09,Not agree,Agree
2020/09/06,IN,99804,,,843,0,3364,3140,224,2,0,9/7/2020 13:37,Not agree,Agree
2020/09/07,IN,100394,,,590,0,3368,3144,224,4,0,9/8/2020 14:47,Not agree,Agree
2020/09/08,IN,100780,,,386,0,3380,3156,224,12,0,9/9/2020 13:47,Not agree,Agree
2020/09/09,IN,101485,,,705,0,3397,3173,224,17,0,9/10/2020 14:02,Not agree,Agree
2020/09/10,IN,102243,,,758,0,3410,3186,224,13,0,9/11/2020 13:51,Not agree,Agree
2020/09/11,IN,103505,,,1262,0,3420,3196,224,10,0,9/12/2020 14:12,Not agree,Agree
2020/09/12,IN,104561,,,1056,0,3437,3213,224,17,0,9/13/2020 16:17,Not agree,Agree
2020/09/13,IN,105804,,,1243,0,3438,3214,224,1,0,9/14/2020 14:01,Not agree,Agree
2020/09/14,IN,106540,,,736,0,3439,3215,224,1,0,9/15/2020 14:03,Not agree,Agree
2020/09/15,IN,107229,,,689,0,3460,3235,225,21,1,9/16/2020 13:53,Not agree,Agree
2020/09/16,IN,107809,,,580,0,3472,3247,225,12,0,9/17/2020 13:45,Not agree,Agree
2020/09/17,IN,108646,,,837,0,3478,3253,225,6,0,9/18/2020 13:48,Not agree,Agree
2020/09/18,IN,109683,,,1037,0,3495,3270,225,17,0,9/19/2020 14:00,Not agree,Agree
2020/09/19,IN,110759,,,1076,0,3503,3278,225,8,0,9/20/2020 13:53,Not agree,Agree
2020/09/20,IN,111505,,,746,0,3506,3281,225,3,0,9/21/2020 13:47,Not agree,Agree
2020/09/21,IN,112027,,,522,0,3512,3287,225,6,0,9/22/2020 13:51,Not agree,Agree
2020/09/22,IN,112626,,,599,0,3520,3295,225,8,0,9/23/2020 13:51,Not agree,Agree
2020/09/23,IN,113337,,,711,0,3530,3305,225,10,0,9/24/2020 13:54,Not agree,Agree
2020/09/24,IN,114236,,,899,0,3548,3322,226,18,1,9/25/2020 13:54,Not agree,Agree
2020/09/25,IN,115407,,,1171,0,3566,3340,226,18,0,9/26/2020 13:46,Not agree,Agree
2020/01/22,OR,0,,,0,,0,,,0,,3/26/2020 16:22,Agree,Agree
2020/01/23,OR,0,,,0,,0,,,0,,3/26/2020 16:22,Agree,Agree
2020/01/24,OR,0,,,0,,0,,,0,,3/26/2020 16:22,Agree,Agree
2020/01/25,OR,0,,,0,,0,,,0,,3/26/2020 16:22,Agree,Agree
2020/01/26,OR,0,,,0,,0,,,0,,3/26/2020 16:22,Agree,Agree
2020/01/27,OR,0,,,0,,0,,,0,,3/26/2020 16:22,Agree,Agree
2020/01/28,OR,0,,,0,,0,,,0,,3/26/2020 16:22,Agree,Agree
2020/01/29,OR,0,,,0,,0,,,0,,3/26/2020 16:22,Agree,Agree
2020/01/30,OR,0,,,0,,0,,,0,,3/26/2020 16:22,Agree,Agree
2020/01/31,OR,0,,,0,,0,,,0,,3/26/2020 16:22,Agree,Agree
2020/02/01,OR,0,,,0,,0,,,0,,3/26/2020 16:22,Agree,Agree
2020/02/02,OR,0,,,0,,0,,,0,,3/26/2020 16:22,Agree,Agree
2020/02/03,OR,0,,,0,,0,,,0,,3/26/2020 16:22,Agree,Agree
2020/02/04,OR,0,,,0,,0,,,0,,3/26/2020 16:22,Agree,Agree
2020/02/05,OR,0,,,0,,0,,,0,,3/26/2020 16:22,Agree,Agree
2020/02/06,OR,0,,,0,,0,,,0,,3/26/2020 16:22,Agree,Agree
2020/02/07,OR,0,,,0,,0,,,0,,3/26/2020 16:22,Agree,Agree
2020/02/08,OR,0,,,0,,0,,,0,,3/26/2020 16:22,Agree,Agree
2020/02/09,OR,0,,,0,,0,,,0,,3/26/2020 16:22,Agree,Agree
2020/02/10,OR,0,,,0,,0,,,0,,3/26/2020 16:22,Agree,Agree
2020/02/11,OR,0,,,0,,0,,,0,,3/26/2020 16:22,Agree,Agree
2020/02/12,OR,0,,,0,,0,,,0,,3/26/2020 16:22,Agree,Agree
2020/02/13,OR,0,,,0,,0,,,0,,3/26/2020 16:22,Agree,Agree
2020/02/14,OR,0,,,0,,0,,,0,,3/26/2020 16:22,Agree,Agree
2020/02/15,OR,0,,,0,,0,,,0,,3/26/2020 16:22,Agree,Agree
2020/02/16,OR,0,,,0,,0,,,0,,3/26/2020 16:22,Agree,Agree
2020/02/17,OR,0,,,0,,0,,,0,,3/26/2020 16:22,Agree,Agree
2020/02/18,OR,0,,,0,,0,,,0,,3/26/2020 16:22,Agree,Agree
2020/02/19,OR,0,,,0,,0,,,0,,3/26/2020 16:22,Agree,Agree
2020/02/20,OR,0,,,0,,0,,,0,,3/26/2020 16:22,Agree,Agree
2020/02/21,OR,0,,,0,,0,,,0,,3/26/2020 16:22,Agree,Agree
2020/02/22,OR,0,,,0,,0,,,0,,3/26/2020 16:22,Agree,Agree
2020/02/23,OR,0,,,0,,0,,,0,,3/26/2020 16:22,Agree,Agree
2020/02/24,OR,0,,,0,,0,,,0,,3/26/2020 16:22,Agree,Agree
2020/02/25,OR,0,,,0,,0,,,0,,3/26/2020 16:22,Agree,Agree
2020/02/26,OR,0,,,0,,0,,,0,,3/26/2020 16:22,Agree,Agree
2020/02/27,OR,0,,,0,,0,,,0,,3/26/2020 16:22,Agree,Agree
2020/02/28,OR,0,,,0,,0,,,0,,3/26/2020 16:22,Agree,Agree
2020/02/29,OR,1,,,1,,0,,,0,,3/26/2020 16:22,Agree,Agree
2020/03/01,OR,1,,,0,,0,,,0,,3/26/2020 16:22,Agree,Agree
2020/03/02,OR,3,,,2,,0,,,0,,3/26/2020 16:22,Agree,Agree
2020/03/03,OR,3,,,0,,0,,,0,,3/26/2020 16:22,Agree,Agree
2020/03/04,OR,3,,,0,,0,,,0,,3/26/2020 16:22,Agree,Agree
2020/03/05,OR,3,,,0,,0,,,0,,3/26/2020 16:22,Agree,Agree
2020/03/06,OR,3,,,0,,0,,,0,,3/26/2020 16:22,Agree,Agree
2020/03/07,OR,7,,,4,,0,,,0,,3/26/2020 16:22,Agree,Agree
2020/03/08,OR,14,,,7,,0,,,0,,3/26/2020 16:22,Agree,Agree
2020/03/09,OR,14,,,0,,0,,,0,,3/26/2020 16:22,Agree,Agree
2020/03/10,OR,15,,,1,,0,,,0,,3/26/2020 16:22,Agree,Agree
2020/03/11,OR,19,,,4,,0,,,0,,3/26/2020 16:22,Agree,Agree
2020/03/12,OR,24,,,5,,0,,,0,,3/26/2020 16:22,Agree,Agree
2020/03/13,OR,24,,,0,,0,,,0,,3/26/2020 16:22,Agree,Agree
2020/03/14,OR,24,,,0,,0,,,0,,3/26/2020 16:22,Agree,Agree
2020/03/15,OR,39,,,15,,1,,,1,,3/26/2020 16:22,Agree,Agree
2020/03/16,OR,47,,,8,,1,,,0,,3/26/2020 16:22,Agree,Agree
2020/03/17,OR,65,,,18,,1,,,0,,3/26/2020 16:22,Agree,Agree
2020/03/18,OR,75,,,10,,3,,,2,,3/26/2020 16:22,Agree,Agree
2020/03/19,OR,88,,,13,,3,,,0,,3/26/2020 16:22,Agree,Agree
2020/03/20,OR,114,,,26,,3,,,0,,3/26/2020 16:22,Agree,Agree
2020/03/21,OR,137,,,23,,4,,,1,,3/26/2020 16:22,Agree,Agree
2020/03/22,OR,161,,,24,,5,,,1,,3/26/2020 16:22,Agree,Agree
2020/03/23,OR,191,,,30,,5,,,0,,3/26/2020 16:22,Agree,Agree
2020/03/24,OR,209,,,18,,8,,,3,,3/26/2020 16:22,Agree,Agree
2020/03/25,OR,266,,,57,,10,,,2,,3/26/2020 16:22,Agree,Agree
2020/03/26,OR,316,,,50,,11,,,1,,3/26/2020 16:22,Agree,Agree
2020/03/27,OR,414,,,98,,12,,,1,,3/26/2020 16:22,Agree,Agree
2020/03/28,OR,479,,,65,,13,,,1,,3/28/2020 16:22,Agree,Agree
2020/03/29,OR,548,,,69,,13,,,0,,3/28/2020 16:22,Agree,Agree
2020/03/30,OR,606,,,58,,16,,,3,,3/29/2020 16:22,Agree,Agree
2020/03/31,OR,690,,,84,,18,,,2,,3/30/2020 16:22,Agree,Agree
2020/04/01,OR,736,,,46,,18,,,0,,3/31/2020 16:22,Agree,Agree
2020/04/02,OR,826,,,90,,21,,,3,,4/1/2020 16:22,Agree,Agree
2020/04/03,OR,899,,,73,,22,,,1,,4/3/2020 16:22,Agree,Agree
2020/04/04,OR,999,,,100,,26,,,4,,4/3/2020 16:22,Agree,Agree
2020/04/05,OR,1068,,,69,,27,,,1,,4/4/2020 16:22,Agree,Agree
2020/04/06,OR,1132,,,64,,29,,,2,,4/5/2020 16:22,Agree,Agree
2020/04/07,OR,1181,,,49,,33,,,4,,4/7/2020 16:22,Agree,Agree
2020/04/08,OR,1239,,,58,,38,,,5,,4/7/2020 16:22,Agree,Agree
2020/04/09,OR,1321,,,82,,44,,,6,,4/8/2020 16:22,Agree,Agree
2020/04/10,OR,1371,,,50,,48,,,4,,4/9/2020 16:22,Agree,Agree
2020/04/11,OR,1447,,,76,,51,,,3,,4/10/2020 16:22,Agree,Agree
2020/04/12,OR,1527,,,80,,52,,,1,,4/11/2020 16:22,Agree,Agree
2020/04/13,OR,1584,,,57,,53,,,1,,4/12/2020 16:22,Agree,Agree
2020/04/14,OR,1633,,,49,,55,,,2,,4/13/2020 16:22,Agree,Agree
2020/04/15,OR,1663,,,30,,58,,,3,,4/15/2020 16:22,Agree,Agree
2020/04/16,OR,1736,,,73,,64,,,6,,4/16/2020 16:22,Agree,Agree
2020/04/17,OR,1785,,,49,,70,,,6,,4/17/2020 16:22,Agree,Agree
2020/04/18,OR,1844,,,59,,72,,,2,,4/18/2020 16:22,Agree,Agree
2020/04/19,OR,1910,1910,0,66,0,74,74,0,2,0,4/19/2020 16:22,Agree,Agree
2020/04/20,OR,1956,1956,0,46,0,75,75,0,1,0,4/20/2020 16:22,Agree,Agree
2020/04/21,OR,2002,2002,0,46,0,78,78,0,3,0,4/21/2020 16:22,Agree,Agree
2020/04/22,OR,2059,2059,0,57,0,78,78,0,0,0,4/22/2020 16:22,Agree,Agree
2020/04/23,OR,2127,2127,0,68,0,83,83,0,5,0,5/25/2020 15:38,Agree,Agree
2020/04/24,OR,2177,2177,0,50,0,86,86,0,3,0,5/25/2020 15:38,Agree,Agree
2020/04/25,OR,2253,2253,0,76,0,87,87,0,1,0,5/25/2020 15:38,Agree,Agree
2020/04/26,OR,2311,2311,0,58,0,91,91,0,4,0,5/25/2020 15:38,Agree,Agree
2020/04/27,OR,2354,2354,0,43,0,92,92,0,1,0,5/25/2020 15:38,Agree,Agree
2020/04/28,OR,2385,2385,0,31,0,99,99,0,7,0,4/29/2020 18:12,Agree,Agree
2020/04/29,OR,2446,2446,0,61,0,101,101,0,2,0,4/30/2020 16:07,Agree,Agree
2020/04/30,OR,2510,2510,0,64,0,103,103,0,2,0,5/1/2020 21:00,Agree,Agree
2020/05/01,OR,2579,2579,0,69,0,104,104,0,1,0,5/2/2020 15:47,Agree,Agree
2020/05/02,OR,2635,2635,0,56,0,109,109,0,5,0,5/3/2020 15:36,Agree,Agree
2020/05/03,OR,2680,2680,0,45,0,109,109,0,0,0,5/4/2020 22:49,Agree,Agree
2020/05/04,OR,2759,2745,14,79,14,109,109,0,0,0,5/5/2020 17:25,Agree,Agree
2020/05/05,OR,2839,2817,22,80,8,113,113,0,4,0,5/6/2020 16:23,Agree,Agree
2020/05/06,OR,2916,2916,0,77,-22,115,115,0,2,0,5/7/2020 22:59,Agree,Agree
2020/05/07,OR,2989,2957,32,73,32,121,121,0,6,0,5/8/2020 21:26,Agree,Agree
2020/05/08,OR,3068,3032,36,79,4,124,124,0,3,0,5/9/2020 21:26,Agree,Agree
2020/05/09,OR,3160,3160,0,92,-36,127,127,0,3,0,5/10/2020 21:26,Agree,Agree
2020/05/10,OR,3228,3171,57,68,57,127,127,0,0,0,5/11/2020 21:26,Agree,Agree
2020/05/11,OR,3286,3222,64,58,7,130,130,0,3,0,5/12/2020 17:26,Agree,Agree
2020/05/12,OR,3358,3283,75,72,11,130,130,0,0,0,5/13/2020 15:26,Agree,Agree
2020/05/13,OR,3416,3416,0,58,-75,134,134,0,4,0,5/14/2020 17:25,Agree,Agree
2020/05/14,OR,3479,3407,72,63,72,137,137,0,3,0,5/15/2020 16:11,Agree,Agree
2020/05/15,OR,3541,3470,71,62,-1,137,137,0,0,0,5/16/2020 15:46,Agree,Agree
2020/05/16,OR,3612,3612,0,71,-71,137,137,0,0,0,5/17/2020 15:27,Agree,Agree
2020/05/17,OR,3623,3542,81,11,81,137,137,0,0,0,5/18/2020 16:01,Agree,Agree
2020/05/18,OR,3687,3604,83,64,2,138,138,0,1,0,5/19/2020 15:45,Agree,Agree
2020/05/19,OR,3726,3636,90,39,7,140,140,0,2,0,5/20/2020 15:28,Agree,Agree
2020/05/20,OR,3801,3701,100,75,10,144,144,0,4,0,5/21/2020 15:41,Agree,Agree
2020/05/21,OR,3817,3725,92,16,-8,145,145,0,1,0,5/22/2020 15:31,Agree,Agree
2020/05/22,OR,3864,3770,94,47,2,147,147,0,2,0,5/23/2020 17:58,Agree,Agree
2020/05/23,OR,3888,3799,89,24,-5,147,147,0,0,0,5/24/2020 14:15,Agree,Agree
2020/05/24,OR,3927,3842,85,39,-4,148,148,0,1,0,5/25/2020 14:12,Agree,Agree
2020/05/25,OR,3949,3861,88,22,3,148,148,0,0,0,5/26/2020 14:23,Agree,Agree
2020/05/26,OR,3967,3879,88,18,0,148,148,0,0,0,5/27/2020 15:37,Agree,Agree
2020/05/27,OR,4038,3947,91,71,3,148,148,0,0,0,5/28/2020 15:12,Agree,Agree
2020/05/28,OR,4086,3994,92,48,1,151,151,0,3,0,5/29/2020 14:19,Agree,Agree
2020/05/29,OR,4131,4029,102,45,10,151,151,0,0,0,5/30/2020 15:47,Agree,Agree
2020/05/30,OR,4185,4083,102,54,0,153,153,0,2,0,5/31/2020 14:43,Agree,Agree
2020/05/31,OR,4243,4135,108,58,6,153,153,0,0,0,6/1/2020 14:17,Agree,Agree
2020/06/01,OR,4302,4192,110,59,2,154,154,0,1,0,6/2/2020 14:16,Agree,Agree
2020/06/02,OR,4335,4220,115,33,5,157,157,0,3,0,6/3/2020 14:11,Agree,Agree
2020/06/03,OR,4399,4280,119,64,4,159,159,0,2,0,6/4/2020 15:03,Agree,Agree
2020/06/04,OR,4474,4350,124,75,5,159,159,0,0,0,6/5/2020 15:17,Agree,Agree
2020/06/05,OR,4570,4442,128,96,4,161,161,0,2,0,6/6/2020 14:31,Agree,Agree
2020/06/06,OR,4662,4528,134,92,6,163,163,0,2,0,6/7/2020 14:23,Agree,Agree
2020/06/07,OR,4808,4667,141,146,7,164,164,0,1,0,6/8/2020 14:55,Agree,Agree
2020/06/08,OR,4922,4922,0,114,-141,164,164,0,0,0,6/9/2020 16:49,Agree,Agree
2020/06/09,OR,4988,4841,147,66,147,169,168,1,5,1,6/10/2020 20:56,Agree,Agree
2020/06/10,OR,5060,4907,153,72,6,169,168,1,0,0,6/11/2020 14:48,Agree,Agree
2020/06/11,OR,5237,5076,161,177,8,171,170,1,2,0,6/12/2020 14:17,Agree,Agree
2020/06/12,OR,5377,5207,170,140,9,173,172,1,2,0,6/13/2020 17:46,Agree,Agree
2020/06/13,OR,5535,5355,180,158,10,174,173,1,1,0,6/14/2020 14:19,Agree,Agree
2020/06/14,OR,5636,5452,184,101,4,176,175,1,2,0,6/15/2020 14:33,Agree,Agree
2020/06/15,OR,5820,5625,195,184,11,180,179,1,4,0,6/16/2020 14:10,Agree,Agree
2020/06/16,OR,6098,6098,0,278,-195,182,182,0,2,-1,6/17/2020 15:06,Agree,Agree
2020/06/17,OR,6218,6007,211,120,211,183,182,1,1,1,6/18/2020 17:16,Agree,Agree
2020/06/18,OR,6366,6366,0,148,-211,187,187,0,4,-1,6/19/2020 15:01,Agree,Agree
2020/06/19,OR,6572,6572,0,206,0,188,188,0,1,0,6/20/2020 14:15,Agree,Agree
2020/06/20,OR,6750,6750,0,178,0,189,189,0,1,0,6/21/2020 14:32,Agree,Agree
2020/06/21,OR,6937,6700,237,187,237,190,188,2,1,2,6/22/2020 15:24,Agree,Agree
2020/06/22,OR,7083,6836,247,146,10,192,190,2,2,0,6/23/2020 14:28,Agree,Agree
2020/06/23,OR,7274,7018,256,191,9,192,190,2,0,0,6/24/2020 15:03,Agree,Agree
2020/06/24,OR,7444,7185,259,170,3,195,193,2,3,0,6/25/2020 14:07,Agree,Agree
2020/06/25,OR,7568,7568,0,124,-259,197,197,0,2,-2,6/26/2020 19:18,Agree,Agree
2020/06/26,OR,7818,7818,0,250,0,202,202,0,5,0,6/27/2020 17:51,Agree,Agree
2020/06/27,OR,8094,8094,0,276,0,202,202,0,0,0,6/28/2020 14:59,Agree,Agree
2020/06/28,OR,8341,8004,337,247,337,202,199,3,0,3,6/29/2020 14:37,Agree,Agree
2020/06/29,OR,8485,8121,364,144,27,204,201,3,2,0,6/30/2020 15:27,Agree,Agree
2020/06/30,OR,8656,8265,391,171,27,207,204,3,3,0,7/1/2020 15:45,Agree,Agree
2020/07/01,OR,8931,8525,406,275,15,208,205,3,1,0,7/2/2020 15:10,Agree,Agree
2020/07/02,OR,9294,9294,0,363,-406,209,209,0,1,-3,7/3/2020 15:01,Agree,Agree
2020/07/03,OR,9636,9186,450,342,450,209,206,3,0,3,7/4/2020 15:30,Agree,Agree
2020/07/04,OR,9930,9469,461,294,11,213,210,3,4,0,7/5/2020 15:00,Agree,Agree
2020/07/05,OR,10230,10230,0,300,-461,215,215,0,2,-3,7/6/2020 15:16,Agree,Agree
2020/07/06,OR,10395,9902,493,165,493,215,212,3,0,3,7/7/2020 14:58,Agree,Agree
2020/07/07,OR,10605,10605,0,210,-493,220,220,0,5,-3,7/8/2020 14:12,Agree,Agree
2020/07/08,OR,10819,10278,541,214,541,224,221,3,4,3,7/9/2020 15:14,Agree,Agree
2020/07/09,OR,11188,11188,0,369,-541,230,230,0,6,-3,7/10/2020 15:35,Agree,Agree
2020/07/10,OR,11454,10881,573,266,573,232,227,5,2,5,7/11/2020 18:25,Agree,Agree
2020/07/11,OR,11851,11851,0,397,-573,232,232,0,0,-5,7/12/2020 15:13,Agree,Agree
2020/07/12,OR,12170,12170,0,319,0,234,234,0,2,0,7/13/2020 15:19,Agree,Agree
2020/07/13,OR,12438,11795,643,268,643,237,233,4,3,4,7/14/2020 15:13,Agree,Agree
2020/07/14,OR,12805,12805,0,367,-643,244,244,0,7,-4,7/15/2020 15:05,Agree,Agree
2020/07/15,OR,13081,13081,0,276,0,247,247,0,3,0,7/16/2020 14:22,Agree,Agree
2020/07/16,OR,13509,13509,0,428,0,249,249,0,2,0,7/17/2020 14:31,Agree,Agree
2020/07/17,OR,13802,13086,716,293,716,254,250,4,5,4,7/18/2020 16:14,Agree,Agree
2020/07/18,OR,14149,14149,0,347,-716,257,257,0,3,-4,7/19/2020 15:05,Agree,Agree
2020/07/19,OR,14579,14579,0,430,0,260,260,0,3,0,7/20/2020 14:35,Agree,Agree
2020/07/20,OR,14847,14847,0,268,0,262,262,0,2,0,7/21/2020 14:50,Agree,Agree
2020/07/21,OR,15139,14355,784,292,784,269,265,4,7,4,7/22/2020 14:51,Agree,Agree
2020/07/22,OR,15394,14587,807,255,23,271,267,4,2,0,7/23/2020 14:48,Agree,Agree
2020/07/23,OR,15713,14900,813,319,6,273,269,4,2,0,7/24/2020 14:18,Agree,Agree
2020/07/24,OR,16104,15273,831,391,18,282,277,5,9,1,7/25/2020 17:40,Agree,Agree
2020/07/25,OR,16492,16492,0,388,-831,286,286,0,4,-5,7/26/2020 15:17,Agree,Agree
2020/07/26,OR,16758,16758,0,266,0,289,289,0,3,0,7/27/2020 14:16,Agree,Agree
2020/07/27,OR,17088,17088,0,330,0,289,289,0,0,0,7/28/2020 14:21,Agree,Agree
2020/07/28,OR,17416,17416,0,328,0,303,303,0,14,0,7/29/2020 14:34,Agree,Agree
2020/07/29,OR,17721,16815,906,305,906,311,305,6,8,6,7/30/2020 14:42,Agree,Agree
2020/07/30,OR,18131,17872,259,410,-647,316,310,6,5,0,7/31/2020 14:35,Agree,Agree
2020/07/31,OR,18493,17541,952,362,693,322,316,6,6,0,8/1/2020 14:38,Agree,Agree
2020/08/01,OR,18817,18817,0,324,-952,325,325,0,3,-6,8/2/2020 14:54,Agree,Agree
2020/08/02,OR,19097,19097,0,280,0,326,326,0,1,0,8/3/2020 14:31,Agree,Agree
2020/08/03,OR,19366,19366,0,269,0,328,328,0,2,0,8/4/2020 14:09,Agree,Agree
2020/08/04,OR,19699,19699,0,333,0,333,333,0,5,0,8/5/2020 14:13,Agree,Agree
2020/08/05,OR,19978,18935,1043,279,1043,338,332,6,5,6,8/6/2020 14:12,Agree,Agree
2020/08/06,OR,20225,19182,1043,247,0,339,333,6,1,0,8/7/2020 23:57,Agree,Agree
2020/08/07,OR,20636,20636,0,411,-1043,348,348,0,9,-6,8/8/2020 14:58,Agree,Agree
2020/08/08,OR,21010,21010,0,374,0,355,355,0,7,0,8/9/2020 14:03,Agree,Agree
2020/08/09,OR,21272,21272,0,262,0,356,356,0,1,0,8/10/2020 14:23,Agree,Agree
2020/08/10,OR,21488,21488,0,216,0,357,357,0,1,0,8/11/2020 14:16,Agree,Agree
2020/08/11,OR,21774,20643,1131,286,1131,368,360,8,11,8,8/12/2020 13:50,Agree,Agree
2020/08/12,OR,22022,20891,1131,248,0,375,367,8,7,0,8/13/2020 14:12,Agree,Agree
2020/08/13,OR,22300,21169,1131,278,0,383,375,8,8,0,8/14/2020 14:30,Agree,Agree
2020/08/14,OR,22613,22613,0,313,-1131,385,385,0,2,-8,8/15/2020 14:02,Agree,Agree
2020/08/15,OR,23018,21887,1131,405,1131,386,378,8,1,8,8/16/2020 14:57,Agree,Agree
2020/08/16,OR,23744,22613,1131,726,0,393,385,8,7,0,8/17/2020 14:26,Agree,Agree
2020/08/17,OR,23451,22320,1131,-293,0,396,388,8,3,0,8/18/2020 14:26,Agree,Agree
2020/08/18,OR,23676,22452,1224,225,93,397,388,9,1,1,8/19/2020 14:23,Agree,Agree
2020/08/19,OR,23870,22646,1224,194,0,408,399,9,11,0,8/20/2020 15:11,Agree,Agree
2020/08/20,OR,24165,22941,1224,295,0,412,403,9,4,0,8/21/2020 14:27,Agree,Agree
2020/08/21,OR,24421,24421,0,256,-1224,414,414,0,2,-9,8/22/2020 14:21,Agree,Agree
2020/08/22,OR,24710,24710,0,289,0,417,417,0,3,0,8/23/2020 14:15,Agree,Agree
2020/08/23,OR,24937,24937,0,227,0,417,417,0,0,0,8/24/2020 13:54,Agree,Agree
2020/08/24,OR,25155,25155,0,218,0,420,420,0,3,0,8/25/2020 14:02,Agree,Agree
2020/08/25,OR,25391,25391,0,236,0,428,428,0,8,0,8/26/2020 13:51,Agree,Agree
2020/08/26,OR,25571,24289,1282,180,1282,433,422,11,5,11,8/27/2020 13:42,Agree,Agree
2020/08/27,OR,25761,24482,1279,190,-3,438,427,11,5,0,8/28/2020 13:43,Agree,Agree
2020/08/28,OR,26054,24775,1279,293,0,447,436,11,9,0,8/29/2020 13:42,Agree,Agree
2020/08/29,OR,26293,25014,1279,239,0,454,443,11,7,0,8/30/2020 14:49,Agree,Agree
2020/08/30,OR,26554,25275,1279,261,0,458,447,11,4,0,8/31/2020 14:05,Agree,Agree
2020/08/31,OR,26713,25434,1279,159,0,459,448,11,1,0,9/1/2020 14:09,Agree,Agree
2020/09/01,OR,26946,25639,1307,233,28,465,453,12,6,1,9/2/2020 13:49,Agree,Agree
2020/09/02,OR,27075,25768,1307,129,0,468,456,12,3,0,9/3/2020 14:18,Agree,Agree
2020/09/03,OR,27336,26029,1307,261,0,470,458,12,2,0,9/4/2020 13:36,Agree,Agree
2020/09/04,OR,27601,26294,1307,265,0,475,463,12,5,0,9/5/2020 14:09,Agree,Agree
2020/09/05,OR,27856,26549,1307,255,0,480,468,12,5,0,9/6/2020 14:09,Agree,Agree
2020/09/06,OR,28044,26737,1307,188,0,481,469,12,1,0,9/7/2020 13:37,Agree,Agree
2020/09/07,OR,28190,26883,1307,146,0,482,470,12,1,0,9/8/2020 14:47,Agree,Agree
2020/09/08,OR,28355,26988,1367,165,60,486,473,13,4,1,9/9/2020 13:47,Agree,Agree
2020/09/09,OR,28471,27104,1367,116,0,494,481,13,8,0,9/10/2020 14:02,Agree,Agree
2020/09/10,OR,28654,27287,1367,183,0,497,484,13,3,0,9/11/2020 13:51,Agree,Agree
2020/09/11,OR,28865,27498,1367,211,0,499,486,13,2,0,9/12/2020 14:12,Agree,Agree
2020/09/12,OR,29156,27789,1367,291,0,505,492,13,6,0,9/13/2020 16:17,Agree,Agree
2020/09/13,OR,29337,27970,1367,181,0,509,496,13,4,0,9/14/2020 14:01,Agree,Agree
2020/09/14,OR,29484,28117,1367,147,0,511,498,13,2,0,9/15/2020 14:03,Agree,Agree
2020/09/15,OR,29662,28223,1439,178,72,519,505,14,8,1,9/16/2020 13:53,Agree,Agree
2020/09/16,OR,29850,28411,1439,188,0,521,507,14,2,0,9/17/2020 13:45,Agree,Agree
2020/09/17,OR,30060,28621,1439,210,0,521,507,14,0,0,9/18/2020 13:48,Agree,Agree
2020/09/18,OR,30342,28903,1439,282,0,521,507,14,0,0,9/19/2020 14:00,Agree,Agree
2020/09/19,OR,30599,29160,1439,257,0,525,511,14,4,0,9/20/2020 13:53,Agree,Agree
2020/09/20,OR,30801,29362,1439,202,0,526,512,14,1,0,9/21/2020 13:47,Agree,Agree
2020/09/21,OR,30995,29556,1439,194,0,529,515,14,3,0,9/22/2020 13:51,Agree,Agree
2020/09/22,OR,31313,29874,1439,318,0,532,518,14,3,0,9/23/2020 13:51,Agree,Agree
2020/09/23,OR,31503,30064,1439,190,0,538,524,14,6,0,9/24/2020 13:54,Agree,Agree
2020/09/24,OR,31865,30316,1549,362,110,539,526,13,1,-1,9/25/2020 13:54,Agree,Agree
2020/09/25,OR,32314,30765,1549,449,0,542,529,13,3,0,9/26/2020 13:46,Agree,Agree
2020/01/22,MD,0,,,0,,0,,,0,,3/26/2020 16:22,N/A,Agree
2020/01/23,MD,0,,,0,,0,,,0,,3/26/2020 16:22,N/A,Agree
2020/01/24,MD,0,,,0,,0,,,0,,3/26/2020 16:22,N/A,Agree
2020/01/25,MD,0,,,0,,0,,,0,,3/26/2020 16:22,N/A,Agree
2020/01/26,MD,0,,,0,,0,,,0,,3/26/2020 16:22,N/A,Agree
2020/01/27,MD,0,,,0,,0,,,0,,3/26/2020 16:22,N/A,Agree
2020/01/28,MD,0,,,0,,0,,,0,,3/26/2020 16:22,N/A,Agree
2020/01/29,MD,0,,,0,,0,,,0,,3/26/2020 16:22,N/A,Agree
2020/01/30,MD,0,,,0,,0,,,0,,3/26/2020 16:22,N/A,Agree
2020/01/31,MD,0,,,0,,0,,,0,,3/26/2020 16:22,N/A,Agree
2020/02/01,MD,0,,,0,,0,,,0,,3/26/2020 16:22,N/A,Agree
2020/02/02,MD,0,,,0,,0,,,0,,3/26/2020 16:22,N/A,Agree
2020/02/03,MD,0,,,0,,0,,,0,,3/26/2020 16:22,N/A,Agree
2020/02/04,MD,0,,,0,,0,,,0,,3/26/2020 16:22,N/A,Agree
2020/02/05,MD,0,,,0,,0,,,0,,3/26/2020 16:22,N/A,Agree
2020/02/06,MD,0,,,0,,0,,,0,,3/26/2020 16:22,N/A,Agree
2020/02/07,MD,0,,,0,,0,,,0,,3/26/2020 16:22,N/A,Agree
2020/02/08,MD,0,,,0,,0,,,0,,3/26/2020 16:22,N/A,Agree
2020/02/09,MD,0,,,0,,0,,,0,,3/26/2020 16:22,N/A,Agree
2020/02/10,MD,0,,,0,,0,,,0,,3/26/2020 16:22,N/A,Agree
2020/02/11,MD,0,,,0,,0,,,0,,3/26/2020 16:22,N/A,Agree
2020/02/12,MD,0,,,0,,0,,,0,,3/26/2020 16:22,N/A,Agree
2020/02/13,MD,0,,,0,,0,,,0,,3/26/2020 16:22,N/A,Agree
2020/02/14,MD,0,,,0,,0,,,0,,3/26/2020 16:22,N/A,Agree
2020/02/15,MD,0,,,0,,0,,,0,,3/26/2020 16:22,N/A,Agree
2020/02/16,MD,0,,,0,,0,,,0,,3/26/2020 16:22,N/A,Agree
2020/02/17,MD,0,,,0,,0,,,0,,3/26/2020 16:22,N/A,Agree
2020/02/18,MD,0,,,0,,0,,,0,,3/26/2020 16:22,N/A,Agree
2020/02/19,MD,0,,,0,,0,,,0,,3/26/2020 16:22,N/A,Agree
2020/02/20,MD,0,,,0,,0,,,0,,3/26/2020 16:22,N/A,Agree
2020/02/21,MD,0,,,0,,0,,,0,,3/26/2020 16:22,N/A,Agree
2020/02/22,MD,0,,,0,,0,,,0,,3/26/2020 16:22,N/A,Agree
2020/02/23,MD,0,,,0,,0,,,0,,3/26/2020 16:22,N/A,Agree
2020/02/24,MD,0,,,0,,0,,,0,,3/26/2020 16:22,N/A,Agree
2020/02/25,MD,0,,,0,,0,,,0,,3/26/2020 16:22,N/A,Agree
2020/02/26,MD,0,,,0,,0,,,0,,3/26/2020 16:22,N/A,Agree
2020/02/27,MD,0,,,0,,0,,,0,,3/26/2020 16:22,N/A,Agree
2020/02/28,MD,0,,,0,,0,,,0,,3/26/2020 16:22,N/A,Agree
2020/02/29,MD,0,,,0,,0,,,0,,3/26/2020 16:22,N/A,Agree
2020/03/01,MD,0,,,0,,0,,,0,,3/26/2020 16:22,N/A,Agree
2020/03/02,MD,0,,,0,,0,,,0,,3/26/2020 16:22,N/A,Agree
2020/03/03,MD,0,,,0,,0,,,0,,3/26/2020 16:22,N/A,Agree
2020/03/04,MD,0,,,0,,0,,,0,,3/26/2020 16:22,N/A,Agree
2020/03/05,MD,3,,,3,,0,,,0,,3/26/2020 16:22,N/A,Agree
2020/03/06,MD,3,,,0,,0,,,0,,3/26/2020 16:22,N/A,Agree
2020/03/07,MD,3,,,0,,0,,,0,,3/26/2020 16:22,N/A,Agree
2020/03/08,MD,3,,,0,,0,,,0,,3/26/2020 16:22,N/A,Agree
2020/03/09,MD,9,,,6,,0,,,0,,3/26/2020 16:22,N/A,Agree
2020/03/10,MD,9,,,0,,0,,,0,,3/26/2020 16:22,N/A,Agree
2020/03/11,MD,12,,,3,,0,,,0,,3/26/2020 16:22,N/A,Agree
2020/03/12,MD,12,,,0,,0,,,0,,3/26/2020 16:22,N/A,Agree
2020/03/13,MD,12,,,0,,0,,,0,,3/26/2020 16:22,N/A,Agree
2020/03/14,MD,12,,,0,,0,,,0,,3/26/2020 16:22,N/A,Agree
2020/03/15,MD,37,,,25,,0,,,0,,3/26/2020 16:22,N/A,Agree
2020/03/16,MD,57,,,20,,0,,,0,,3/26/2020 16:22,N/A,Agree
2020/03/17,MD,85,,,28,,0,,,0,,3/26/2020 16:22,N/A,Agree
2020/03/18,MD,107,,,22,,1,,,1,,3/26/2020 16:22,N/A,Agree
2020/03/19,MD,149,,,42,,1,,,0,,3/26/2020 16:22,N/A,Agree
2020/03/20,MD,149,,,0,,2,,,1,,3/26/2020 16:22,N/A,Agree
2020/03/21,MD,190,,,41,,3,,,1,,3/26/2020 16:22,N/A,Agree
2020/03/22,MD,288,,,98,,3,,,0,,3/26/2020 16:22,N/A,Agree
2020/03/23,MD,288,,,0,,3,,,0,,3/26/2020 16:22,N/A,Agree
2020/03/24,MD,349,,,61,,4,,,1,,3/26/2020 16:22,N/A,Agree
2020/03/25,MD,580,,,231,,4,,,0,,3/26/2020 16:22,N/A,Agree
2020/03/26,MD,774,,,194,,5,,,1,,3/26/2020 16:22,N/A,Agree
2020/03/27,MD,774,,,0,,5,,,0,,3/26/2020 16:22,N/A,Agree
2020/03/28,MD,992,,,218,,5,,,0,,3/28/2020 16:22,N/A,Agree
2020/03/29,MD,1239,,,247,,10,,,5,,3/28/2020 16:22,N/A,Agree
2020/03/30,MD,1660,,,421,,18,,,8,,3/29/2020 16:22,N/A,Agree
2020/03/31,MD,1660,,,0,,18,,,0,,3/30/2020 16:22,N/A,Agree
2020/04/01,MD,1985,,,325,,31,,,13,,3/31/2020 16:22,N/A,Agree
2020/04/02,MD,2331,,,346,,36,,,5,,4/1/2020 16:22,N/A,Agree
2020/04/03,MD,2758,,,427,,42,,,6,,4/3/2020 16:22,N/A,Agree
2020/04/04,MD,3125,,,367,,53,,,11,,4/3/2020 16:22,N/A,Agree
2020/04/05,MD,4045,,,920,,91,,,38,,4/4/2020 16:22,N/A,Agree
2020/04/06,MD,4371,,,326,,103,,,12,,4/5/2020 16:22,N/A,Agree
2020/04/07,MD,5529,,,1158,,124,,,21,,4/7/2020 16:22,N/A,Agree
2020/04/08,MD,6185,,,656,,138,,,14,,4/7/2020 16:22,N/A,Agree
2020/04/09,MD,6968,,,783,,171,,,33,,4/8/2020 16:22,N/A,Agree
2020/04/10,MD,6968,,,0,,171,,,0,,4/9/2020 16:22,N/A,Agree
2020/04/11,MD,7694,,,726,,206,,,35,,4/10/2020 16:22,N/A,Agree
2020/04/12,MD,8936,,,1242,,262,,,56,,4/11/2020 16:22,N/A,Agree
2020/04/13,MD,9472,,,536,,302,,,40,,4/12/2020 16:22,N/A,Agree
2020/04/14,MD,10032,,,560,,413,,,111,,4/13/2020 16:22,N/A,Agree
2020/04/15,MD,10784,,,752,0,459,392,67,46,67,4/15/2020 16:22,N/A,Agree
2020/04/16,MD,11572,,,788,0,494,425,69,35,2,4/16/2020 16:22,N/A,Agree
2020/04/17,MD,11572,,,0,0,494,425,69,0,0,4/17/2020 16:22,N/A,Agree
2020/04/18,MD,12308,,,736,0,534,463,71,40,2,4/18/2020 16:22,N/A,Agree
2020/04/19,MD,13684,,,1376,0,582,516,66,48,-5,4/19/2020 16:22,N/A,Agree
2020/04/20,MD,14193,,,509,0,652,584,68,70,2,4/20/2020 16:22,N/A,Agree
2020/04/21,MD,14775,,,582,0,698,631,67,46,-1,4/21/2020 16:22,N/A,Agree
2020/04/22,MD,15737,,,962,0,748,680,68,50,1,4/22/2020 16:22,N/A,Agree
2020/04/23,MD,16616,,,879,0,798,723,75,50,7,5/25/2020 15:38,N/A,Agree
2020/04/24,MD,16616,,,0,0,798,723,75,0,0,5/25/2020 15:38,N/A,Agree
2020/04/25,MD,17766,,,1150,0,875,797,78,77,3,5/25/2020 15:38,N/A,Agree
2020/04/26,MD,19487,,,1721,0,945,858,87,70,9,5/25/2020 15:38,N/A,Agree
2020/04/27,MD,20113,,,626,0,1016,929,87,71,0,5/25/2020 15:38,N/A,Agree
2020/04/28,MD,20849,,,736,0,1078,985,93,62,6,4/29/2020 18:12,N/A,Agree
2020/04/29,MD,21742,,,893,0,1140,1047,93,62,0,4/30/2020 16:07,N/A,Agree
2020/04/30,MD,23472,,,1730,0,1192,1098,94,52,1,5/1/2020 21:00,N/A,Agree
2020/05/01,MD,23472,,,0,0,1192,1098,94,0,0,5/2/2020 15:47,N/A,Agree
2020/05/02,MD,24473,,,1001,0,1251,1156,95,59,1,5/3/2020 15:36,N/A,Agree
2020/05/03,MD,26408,,,1935,0,1317,1216,101,66,6,5/4/2020 22:49,N/A,Agree
2020/05/04,MD,27117,,,709,0,1390,1290,100,73,-1,5/5/2020 17:25,N/A,Agree
2020/05/05,MD,28163,,,1046,0,1437,1338,99,47,-1,5/6/2020 16:23,N/A,Agree
2020/05/06,MD,28163,,,0,0,1437,1338,99,0,0,5/7/2020 22:59,N/A,Agree
2020/05/07,MD,30485,,,2322,0,1560,1453,107,123,8,5/8/2020 21:26,N/A,Agree
2020/05/08,MD,31534,,,1049,0,1614,1510,104,54,-3,5/9/2020 21:26,N/A,Agree
2020/05/09,MD,32587,,,1053,0,1644,1538,106,30,2,5/10/2020 21:26,N/A,Agree
2020/05/10,MD,33373,,,786,0,1683,1573,110,39,4,5/11/2020 21:26,N/A,Agree
2020/05/11,MD,34061,,,688,0,1756,1643,113,73,3,5/12/2020 17:26,N/A,Agree
2020/05/12,MD,34812,,,751,0,1809,1694,115,53,2,5/13/2020 15:26,N/A,Agree
2020/05/13,MD,35903,,,1091,0,1866,1748,118,57,3,5/14/2020 17:25,N/A,Agree
2020/05/14,MD,36986,,,1083,0,1911,1792,119,45,1,5/15/2020 16:11,N/A,Agree
2020/05/15,MD,37968,,,982,0,1957,1842,115,46,-4,5/16/2020 15:46,N/A,Agree
2020/05/16,MD,38804,,,836,0,1992,1876,116,35,1,5/17/2020 15:27,N/A,Agree
2020/05/17,MD,38804,,,0,0,1992,1876,116,0,0,5/18/2020 16:01,N/A,Agree
2020/05/18,MD,41546,,,2742,0,2080,1962,118,88,2,5/19/2020 15:45,N/A,Agree
2020/05/19,MD,42323,,,777,0,2123,2004,119,43,1,5/20/2020 15:28,N/A,Agree
2020/05/20,MD,43531,,,1208,0,2159,2045,114,36,-5,5/21/2020 15:41,N/A,Agree
2020/05/21,MD,44424,,,893,0,2159,2045,114,0,0,5/22/2020 15:31,N/A,Agree
2020/05/22,MD,45495,,,1071,0,2243,2130,113,84,-1,5/23/2020 17:58,N/A,Agree
2020/05/23,MD,46313,,,818,0,2277,2162,115,34,2,5/24/2020 14:15,N/A,Agree
2020/05/24,MD,47152,,,839,0,2302,2187,115,25,0,5/25/2020 14:12,N/A,Agree
2020/05/25,MD,47687,,,535,0,2333,2217,116,31,1,5/26/2020 14:23,N/A,Agree
2020/05/26,MD,48423,,,736,0,2392,2270,122,59,6,5/27/2020 15:37,N/A,Agree
2020/05/27,MD,49709,,,1286,0,2428,2307,121,36,-1,5/28/2020 15:12,N/A,Agree
2020/05/28,MD,50988,,,1279,0,2466,2348,118,38,-3,5/29/2020 14:19,N/A,Agree
2020/05/29,MD,52015,,,1027,0,2509,2390,119,43,1,5/30/2020 15:47,N/A,Agree
2020/05/30,MD,52778,,,763,0,2532,2411,121,23,2,5/31/2020 14:43,N/A,Agree
2020/05/31,MD,53327,,,549,0,2552,2431,121,20,0,6/1/2020 14:17,N/A,Agree
2020/06/01,MD,54175,,,848,0,2597,2474,123,45,2,6/2/2020 14:16,N/A,Agree
2020/06/02,MD,54982,,,807,0,2641,2519,122,44,-1,6/3/2020 14:11,N/A,Agree
2020/06/03,MD,55858,,,876,0,2668,2546,122,27,0,6/4/2020 15:03,N/A,Agree
2020/06/04,MD,56770,,,912,0,2702,2580,122,34,0,6/5/2020 15:17,N/A,Agree
2020/06/05,MD,57482,,,712,0,2740,2616,124,38,2,6/6/2020 14:31,N/A,Agree
2020/06/06,MD,57973,,,491,0,2749,2625,124,9,0,6/7/2020 14:23,N/A,Agree
2020/06/07,MD,58404,,,431,0,2776,2653,123,27,-1,6/8/2020 14:55,N/A,Agree
2020/06/08,MD,58904,,,500,0,2811,2686,125,35,2,6/9/2020 16:49,N/A,Agree
2020/06/09,MD,59465,,,561,0,2844,2719,125,33,0,6/10/2020 20:56,N/A,Agree
2020/06/10,MD,60197,,,732,0,2875,2750,125,31,0,6/11/2020 14:48,N/A,Agree
2020/06/11,MD,60613,,,416,0,2900,2773,127,25,2,6/12/2020 14:17,N/A,Agree
2020/06/12,MD,61305,,,692,0,2926,2799,127,26,0,6/13/2020 17:46,N/A,Agree
2020/06/13,MD,61701,,,396,0,2939,2811,128,13,1,6/14/2020 14:19,N/A,Agree
2020/06/14,MD,62032,,,331,0,2947,2817,130,8,2,6/15/2020 14:33,N/A,Agree
2020/06/15,MD,62409,,,377,0,2982,2851,131,35,1,6/16/2020 14:10,N/A,Agree
2020/06/16,MD,62969,,,560,0,2996,2866,130,14,-1,6/17/2020 15:06,N/A,Agree
2020/06/17,MD,63229,,,260,0,3016,2886,130,20,0,6/18/2020 17:16,N/A,Agree
2020/06/18,MD,63548,,,319,0,3030,2901,129,14,-1,6/19/2020 15:01,N/A,Agree
2020/06/19,MD,63956,,,408,0,3052,2923,129,22,0,6/20/2020 14:15,N/A,Agree
2020/06/20,MD,64306,,,350,0,3066,2937,129,14,0,6/21/2020 14:32,N/A,Agree
2020/06/21,MD,64603,,,297,0,3074,2945,129,8,0,6/22/2020 15:24,N/A,Agree
2020/06/22,MD,65007,,,404,0,3092,2963,129,18,0,6/23/2020 14:28,N/A,Agree
2020/06/23,MD,65337,,,330,0,3108,2978,130,16,1,6/24/2020 15:03,N/A,Agree
2020/06/24,MD,65777,,,440,0,3129,3001,128,21,-2,6/25/2020 14:07,N/A,Agree
2020/06/25,MD,66115,,,338,0,3142,3015,127,13,-1,6/26/2020 19:18,N/A,Agree
2020/06/26,MD,66450,,,335,0,3157,3030,127,15,0,6/27/2020 17:51,N/A,Agree
2020/06/27,MD,66777,,,327,0,3168,3042,126,11,-1,6/28/2020 14:59,N/A,Agree
2020/06/28,MD,67254,,,477,0,3175,3048,127,7,1,6/29/2020 14:37,N/A,Agree
2020/06/29,MD,67559,,,305,0,3190,3062,128,15,1,6/30/2020 15:27,N/A,Agree
2020/06/30,MD,67918,,,359,0,3205,3077,128,15,0,7/1/2020 15:45,N/A,Agree
2020/07/01,MD,68423,,,505,0,3212,3086,126,7,-2,7/2/2020 15:10,N/A,Agree
2020/07/02,MD,68961,,,538,0,3223,3099,124,11,-2,7/3/2020 15:01,N/A,Agree
2020/07/03,MD,69341,,,380,0,3236,3111,125,13,1,7/4/2020 15:30,N/A,Agree
2020/07/04,MD,69632,,,291,0,3243,3118,125,7,0,7/5/2020 15:00,N/A,Agree
2020/07/05,MD,69904,,,272,0,3246,3121,125,3,0,7/6/2020 15:16,N/A,Agree
2020/07/06,MD,70396,,,492,0,3266,3140,126,20,1,7/7/2020 14:58,N/A,Agree
2020/07/07,MD,70861,,,465,0,3275,3149,126,9,0,7/8/2020 14:12,N/A,Agree
2020/07/08,MD,71447,,,586,0,3288,3160,128,13,2,7/9/2020 15:14,N/A,Agree
2020/07/09,MD,71910,,,463,0,3303,3172,131,15,3,7/10/2020 15:35,N/A,Agree
2020/07/10,MD,72467,,,557,0,3310,3179,131,7,0,7/11/2020 18:25,N/A,Agree
2020/07/11,MD,73109,,,642,0,3319,3188,131,9,0,7/12/2020 15:13,N/A,Agree
2020/07/12,MD,73527,,,418,0,3325,3194,131,6,0,7/13/2020 15:19,N/A,Agree
2020/07/13,MD,74260,,,733,0,3334,3202,132,9,1,7/14/2020 15:13,N/A,Agree
2020/07/14,MD,75016,,,756,0,3341,3209,132,7,0,7/15/2020 15:05,N/A,Agree
2020/07/15,MD,75664,,,648,0,3347,3215,132,6,0,7/16/2020 14:22,N/A,Agree
2020/07/16,MD,76371,,,707,0,3359,3227,132,12,0,7/17/2020 14:31,N/A,Agree
2020/07/17,MD,77206,,,835,0,3368,3238,130,9,-2,7/18/2020 16:14,N/A,Agree
2020/07/18,MD,78131,,,925,0,3377,3247,130,9,0,7/19/2020 15:05,N/A,Agree
2020/07/19,MD,78685,,,554,0,3382,3252,130,5,0,7/20/2020 14:35,N/A,Agree
2020/07/20,MD,79545,,,860,0,3402,3272,130,20,0,7/21/2020 14:50,N/A,Agree
2020/07/21,MD,80172,,,627,0,3405,3276,129,3,-1,7/22/2020 14:51,N/A,Agree
2020/07/22,MD,80836,,,664,0,3409,3281,128,4,-1,7/23/2020 14:48,N/A,Agree
2020/07/23,MD,81766,,,930,0,3422,3293,129,13,1,7/24/2020 14:18,N/A,Agree
2020/07/24,MD,83054,,,1288,0,3433,3304,129,11,0,7/25/2020 17:40,N/A,Agree
2020/07/25,MD,83748,,,694,0,3440,3309,131,7,2,7/26/2020 15:17,N/A,Agree
2020/07/26,MD,84876,,,1128,0,3447,3315,132,7,1,7/27/2020 14:16,N/A,Agree
2020/07/27,MD,85524,,,648,0,3458,3327,131,11,-1,7/28/2020 14:21,N/A,Agree
2020/07/28,MD,86285,,,761,0,3478,3347,131,20,0,7/29/2020 14:34,N/A,Agree
2020/07/29,MD,87177,,,892,0,3488,3357,131,10,0,7/30/2020 14:42,N/A,Agree
2020/07/30,MD,88346,,,1169,0,3493,3362,131,5,0,7/31/2020 14:35,N/A,Agree
2020/07/31,MD,89365,,,1019,0,3506,3374,132,13,1,8/1/2020 14:38,N/A,Agree
2020/08/01,MD,90274,,,909,0,3515,3381,134,9,2,8/2/2020 14:54,N/A,Agree
2020/08/02,MD,91144,,,870,0,3523,3389,134,8,0,8/3/2020 14:31,N/A,Agree
2020/08/03,MD,91854,,,710,0,3530,3396,134,7,0,8/4/2020 14:09,N/A,Agree
2020/08/04,MD,92426,,,572,0,3536,3402,134,6,0,8/5/2020 14:13,N/A,Agree
2020/08/05,MD,93005,,,579,0,3551,3415,136,15,2,8/6/2020 14:12,N/A,Agree
2020/08/06,MD,93806,,,801,0,3565,3429,136,14,0,8/7/2020 23:57,N/A,Agree
2020/08/07,MD,94581,,,775,0,3577,3440,137,12,1,8/8/2020 14:58,N/A,Agree
2020/08/08,MD,95503,,,922,0,3585,3448,137,8,0,8/9/2020 14:03,N/A,Agree
2020/08/09,MD,96258,,,755,0,3591,3454,137,6,0,8/10/2020 14:23,N/A,Agree
2020/08/10,MD,96843,,,585,0,3604,3467,137,13,0,8/11/2020 14:16,N/A,Agree
2020/08/11,MD,97384,,,541,0,3612,3474,138,8,1,8/12/2020 13:50,N/A,Agree
2020/08/12,MD,98160,,,776,0,3620,3483,137,8,-1,8/13/2020 14:12,N/A,Agree
2020/08/13,MD,98875,,,715,0,3631,3495,136,11,-1,8/14/2020 14:30,N/A,Agree
2020/08/14,MD,99693,,,818,0,3636,3499,137,5,1,8/15/2020 14:02,N/A,Agree
2020/08/15,MD,100212,,,519,0,3639,3502,137,3,0,8/16/2020 14:57,N/A,Agree
2020/08/16,MD,100715,,,503,0,3641,3504,137,2,0,8/17/2020 14:26,N/A,Agree
2020/08/17,MD,101235,,,520,0,3650,3511,139,9,2,8/18/2020 14:26,N/A,Agree
2020/08/18,MD,101649,,,414,0,3661,3522,139,11,0,8/19/2020 14:23,N/A,Agree
2020/08/19,MD,102229,,,580,0,3669,3531,138,8,-1,8/20/2020 15:11,N/A,Agree
2020/08/20,MD,102899,,,670,0,3674,3536,138,5,0,8/21/2020 14:27,N/A,Agree
2020/08/21,MD,103523,,,624,0,3685,3546,139,11,1,8/22/2020 14:21,N/A,Agree
2020/08/22,MD,104102,,,579,0,3691,3552,139,6,0,8/23/2020 14:15,N/A,Agree
2020/08/23,MD,104669,,,567,0,3694,3554,140,3,1,8/24/2020 13:54,N/A,Agree
2020/08/24,MD,105046,,,377,0,3707,3564,143,13,3,8/25/2020 14:02,N/A,Agree
2020/08/25,MD,105486,,,440,0,3717,3574,143,10,0,8/26/2020 13:51,N/A,Agree
2020/08/26,MD,106063,,,577,0,3722,3580,142,5,-1,8/27/2020 13:42,N/A,Agree
2020/08/27,MD,106664,,,601,0,3736,3593,143,14,1,8/28/2020 13:43,N/A,Agree
2020/08/28,MD,107294,,,630,0,3746,3603,143,10,0,8/29/2020 13:42,N/A,Agree
2020/08/29,MD,107791,,,497,0,3752,3609,143,6,0,8/30/2020 14:49,N/A,Agree
2020/08/30,MD,108249,,,458,0,3755,3612,143,3,0,8/31/2020 14:05,N/A,Agree
2020/08/31,MD,108863,,,614,0,3761,3617,144,6,1,9/1/2020 14:09,N/A,Agree
2020/09/01,MD,109319,,,456,0,3766,3623,143,5,-1,9/2/2020 13:49,N/A,Agree
2020/09/02,MD,110012,,,693,0,3778,3634,144,12,1,9/3/2020 14:18,N/A,Agree
2020/09/03,MD,110831,,,819,0,3789,3645,144,11,0,9/4/2020 13:36,N/A,Agree
2020/09/04,MD,111607,,,776,0,3796,3652,144,7,0,9/5/2020 14:09,N/A,Agree
2020/09/05,MD,112119,,,512,0,3799,3655,144,3,0,9/6/2020 14:09,N/A,Agree
2020/09/06,MD,112883,,,764,0,3804,3660,144,5,0,9/7/2020 13:37,N/A,Agree
2020/09/07,MD,113239,,,356,0,3807,3663,144,3,0,9/8/2020 14:47,N/A,Agree
2020/09/08,MD,113575,,,336,0,3816,3672,144,9,0,9/9/2020 13:47,N/A,Agree
2020/09/09,MD,114078,,,503,0,3824,3679,145,8,1,9/10/2020 14:02,N/A,Agree
2020/09/10,MD,114724,,,646,0,3828,3685,143,4,-2,9/11/2020 13:51,N/A,Agree
2020/09/11,MD,115533,,,809,0,3836,3693,143,8,0,9/12/2020 14:12,N/A,Agree
2020/09/12,MD,116110,,,577,0,3838,3695,143,2,0,9/13/2020 16:17,N/A,Agree
2020/09/13,MD,116646,,,536,0,3839,3696,143,1,0,9/14/2020 14:01,N/A,Agree
2020/09/14,MD,117245,,,599,0,3849,3706,143,10,0,9/15/2020 14:03,N/A,Agree
2020/09/15,MD,117888,,,643,0,3855,3712,143,6,0,9/16/2020 13:53,N/A,Agree
2020/09/16,MD,118519,,,631,0,3861,3717,144,6,1,9/17/2020 13:45,N/A,Agree
2020/09/17,MD,119062,,,543,0,3869,3724,145,8,1,9/18/2020 13:48,N/A,Agree
2020/09/18,MD,119744,,,682,0,3876,3732,144,7,-1,9/19/2020 14:00,N/A,Agree
2020/09/19,MD,120156,,,412,0,3879,3735,144,3,0,9/20/2020 13:53,N/A,Agree
2020/09/20,MD,120568,,,412,0,3883,3739,144,4,0,9/21/2020 13:47,N/A,Agree
2020/09/21,MD,120912,,,344,0,3895,3748,147,12,3,9/22/2020 13:51,N/A,Agree
2020/09/22,MD,121297,,,385,0,3902,3756,146,7,-1,9/23/2020 13:51,N/A,Agree
2020/09/23,MD,121800,,,503,0,3909,3765,144,7,-2,9/24/2020 13:54,N/A,Agree
2020/09/24,MD,122359,,,559,0,3917,3772,145,8,1,9/25/2020 13:54,N/A,Agree
2020/09/25,MD,122972,,,613,0,3925,3780,145,8,0,9/26/2020 13:46,N/A,Agree
2020/01/22,OK,0,,,0,,0,,,0,,3/26/2020 16:22,Agree,Agree
2020/01/23,OK,0,,,0,,0,,,0,,3/26/2020 16:22,Agree,Agree
2020/01/24,OK,0,,,0,,0,,,0,,3/26/2020 16:22,Agree,Agree
2020/01/25,OK,0,,,0,,0,,,0,,3/26/2020 16:22,Agree,Agree
2020/01/26,OK,0,,,0,,0,,,0,,3/26/2020 16:22,Agree,Agree
2020/01/27,OK,0,,,0,,0,,,0,,3/26/2020 16:22,Agree,Agree
2020/01/28,OK,0,,,0,,0,,,0,,3/26/2020 16:22,Agree,Agree
2020/01/29,OK,0,,,0,,0,,,0,,3/26/2020 16:22,Agree,Agree
2020/01/30,OK,0,,,0,,0,,,0,,3/26/2020 16:22,Agree,Agree
2020/01/31,OK,0,,,0,,0,,,0,,3/26/2020 16:22,Agree,Agree
2020/02/01,OK,0,,,0,,0,,,0,,3/26/2020 16:22,Agree,Agree
2020/02/02,OK,0,,,0,,0,,,0,,3/26/2020 16:22,Agree,Agree
2020/02/03,OK,0,,,0,,0,,,0,,3/26/2020 16:22,Agree,Agree
2020/02/04,OK,0,,,0,,0,,,0,,3/26/2020 16:22,Agree,Agree
2020/02/05,OK,0,,,0,,0,,,0,,3/26/2020 16:22,Agree,Agree
2020/02/06,OK,0,,,0,,0,,,0,,3/26/2020 16:22,Agree,Agree
2020/02/07,OK,0,,,0,,0,,,0,,3/26/2020 16:22,Agree,Agree
2020/02/08,OK,0,,,0,,0,,,0,,3/26/2020 16:22,Agree,Agree
2020/02/09,OK,0,,,0,,0,,,0,,3/26/2020 16:22,Agree,Agree
2020/02/10,OK,0,,,0,,0,,,0,,3/26/2020 16:22,Agree,Agree
2020/02/11,OK,0,,,0,,0,,,0,,3/26/2020 16:22,Agree,Agree
2020/02/12,OK,0,,,0,,0,,,0,,3/26/2020 16:22,Agree,Agree
2020/02/13,OK,0,,,0,,0,,,0,,3/26/2020 16:22,Agree,Agree
2020/02/14,OK,0,,,0,,0,,,0,,3/26/2020 16:22,Agree,Agree
2020/02/15,OK,0,,,0,,0,,,0,,3/26/2020 16:22,Agree,Agree
2020/02/16,OK,0,,,0,,0,,,0,,3/26/2020 16:22,Agree,Agree
2020/02/17,OK,0,,,0,,0,,,0,,3/26/2020 16:22,Agree,Agree
2020/02/18,OK,0,,,0,,0,,,0,,3/26/2020 16:22,Agree,Agree
2020/02/19,OK,0,,,0,,0,,,0,,3/26/2020 16:22,Agree,Agree
2020/02/20,OK,0,,,0,,0,,,0,,3/26/2020 16:22,Agree,Agree
2020/02/21,OK,0,,,0,,0,,,0,,3/26/2020 16:22,Agree,Agree
2020/02/22,OK,0,,,0,,0,,,0,,3/26/2020 16:22,Agree,Agree
2020/02/23,OK,0,,,0,,0,,,0,,3/26/2020 16:22,Agree,Agree
2020/02/24,OK,0,,,0,,0,,,0,,3/26/2020 16:22,Agree,Agree
2020/02/25,OK,0,,,0,,0,,,0,,3/26/2020 16:22,Agree,Agree
2020/02/26,OK,0,,,0,,0,,,0,,3/26/2020 16:22,Agree,Agree
2020/02/27,OK,0,,,0,,0,,,0,,3/26/2020 16:22,Agree,Agree
2020/02/28,OK,0,,,0,,0,,,0,,3/26/2020 16:22,Agree,Agree
2020/02/29,OK,0,,,0,,0,,,0,,3/26/2020 16:22,Agree,Agree
2020/03/01,OK,0,,,0,,0,,,0,,3/26/2020 16:22,Agree,Agree
2020/03/02,OK,0,,,0,,0,,,0,,3/26/2020 16:22,Agree,Agree
2020/03/03,OK,0,,,0,,0,,,0,,3/26/2020 16:22,Agree,Agree
2020/03/04,OK,0,,,0,,0,,,0,,3/26/2020 16:22,Agree,Agree
2020/03/05,OK,0,,,0,,0,,,0,,3/26/2020 16:22,Agree,Agree
2020/03/06,OK,0,,,0,,0,,,0,,3/26/2020 16:22,Agree,Agree
2020/03/07,OK,1,,,1,,0,,,0,,3/26/2020 16:22,Agree,Agree
2020/03/08,OK,1,,,0,,0,,,0,,3/26/2020 16:22,Agree,Agree
2020/03/09,OK,1,,,0,,0,,,0,,3/26/2020 16:22,Agree,Agree
2020/03/10,OK,2,,,1,,0,,,0,,3/26/2020 16:22,Agree,Agree
2020/03/11,OK,2,,,0,,0,,,0,,3/26/2020 16:22,Agree,Agree
2020/03/12,OK,3,,,1,,0,,,0,,3/26/2020 16:22,Agree,Agree
2020/03/13,OK,5,,,2,,0,,,0,,3/26/2020 16:22,Agree,Agree
2020/03/14,OK,5,,,0,,0,,,0,,3/26/2020 16:22,Agree,Agree
2020/03/15,OK,9,,,4,,0,,,0,,3/26/2020 16:22,Agree,Agree
2020/03/16,OK,10,,,1,,0,,,0,,3/26/2020 16:22,Agree,Agree
2020/03/17,OK,19,,,9,,0,,,0,,3/26/2020 16:22,Agree,Agree
2020/03/18,OK,31,,,12,,0,,,0,,3/26/2020 16:22,Agree,Agree
2020/03/19,OK,49,,,18,,1,,,1,,3/26/2020 16:22,Agree,Agree
2020/03/20,OK,49,,,0,,1,,,0,,3/26/2020 16:22,Agree,Agree
2020/03/21,OK,53,,,4,,1,,,0,,3/26/2020 16:22,Agree,Agree
2020/03/22,OK,67,,,14,,2,,,1,,3/26/2020 16:22,Agree,Agree
2020/03/23,OK,81,,,14,,2,,,0,,3/26/2020 16:22,Agree,Agree
2020/03/24,OK,106,,,25,,3,,,1,,3/26/2020 16:22,Agree,Agree
2020/03/25,OK,223,,,117,,7,,,4,,3/26/2020 16:22,Agree,Agree
2020/03/26,OK,248,,,25,,7,,,0,,3/26/2020 16:22,Agree,Agree
2020/03/27,OK,322,,,74,,8,,,1,,3/26/2020 16:22,Agree,Agree
2020/03/28,OK,377,,,55,,15,,,7,,3/28/2020 16:22,Agree,Agree
2020/03/29,OK,481,,,104,,17,,,2,,3/28/2020 16:22,Agree,Agree
2020/03/30,OK,481,,,0,,17,,,0,,3/29/2020 16:22,Agree,Agree
2020/03/31,OK,565,,,84,,23,,,6,,3/30/2020 16:22,Agree,Agree
2020/04/01,OK,719,,,154,,30,,,7,,3/31/2020 16:22,Agree,Agree
2020/04/02,OK,879,,,160,,34,,,4,,4/1/2020 16:22,Agree,Agree
2020/04/03,OK,988,,,109,,38,,,4,,4/3/2020 16:22,Agree,Agree
2020/04/04,OK,1159,,,171,,42,,,4,,4/3/2020 16:22,Agree,Agree
2020/04/05,OK,1250,,,91,,46,,,4,,4/4/2020 16:22,Agree,Agree
2020/04/06,OK,1327,,,77,,51,,,5,,4/5/2020 16:22,Agree,Agree
2020/04/07,OK,1472,,,145,,67,,,16,,4/7/2020 16:22,Agree,Agree
2020/04/08,OK,1524,,,52,,79,,,12,,4/7/2020 16:22,Agree,Agree
2020/04/09,OK,1684,,,160,,80,,,1,,4/8/2020 16:22,Agree,Agree
2020/04/10,OK,1794,,,110,,88,,,8,,4/9/2020 16:22,Agree,Agree
2020/04/11,OK,1868,,,74,,94,,,6,,4/10/2020 16:22,Agree,Agree
2020/04/12,OK,1970,,,102,,96,,,2,,4/11/2020 16:22,Agree,Agree
2020/04/13,OK,2069,,,99,,99,,,3,,4/12/2020 16:22,Agree,Agree
2020/04/14,OK,2209,,,140,,108,,,9,,4/13/2020 16:22,Agree,Agree
2020/04/15,OK,2263,,,54,,123,,,15,,4/15/2020 16:22,Agree,Agree
2020/04/16,OK,2359,2357,2,96,2,131,131,0,8,0,4/16/2020 16:22,Agree,Agree
2020/04/17,OK,2465,,,106,,136,,,5,,4/17/2020 16:22,Agree,Agree
2020/04/18,OK,2570,,,105,,139,,,3,,4/18/2020 16:22,Agree,Agree
2020/04/19,OK,2599,2599,0,29,0,140,140,0,1,0,4/19/2020 16:22,Agree,Agree
2020/04/20,OK,2680,,,81,,143,143,0,3,0,4/20/2020 16:22,Agree,Agree
2020/04/21,OK,2807,2807,0,127,0,164,164,0,21,0,4/21/2020 16:22,Agree,Agree
2020/04/22,OK,2894,2894,0,87,0,170,170,0,6,0,4/22/2020 16:22,Agree,Agree
2020/04/23,OK,3017,3017,0,123,0,179,179,0,9,0,5/25/2020 15:38,Agree,Agree
2020/04/24,OK,3121,3121,0,104,0,188,188,0,9,0,5/25/2020 15:38,Agree,Agree
2020/04/25,OK,3193,3193,0,72,0,194,194,0,6,0,5/25/2020 15:38,Agree,Agree
2020/04/26,OK,3253,3253,0,60,0,195,195,0,1,0,5/25/2020 15:38,Agree,Agree
2020/04/27,OK,3280,3280,0,27,0,197,197,0,2,0,5/25/2020 15:38,Agree,Agree
2020/04/28,OK,3410,3410,0,130,0,207,207,0,10,0,4/29/2020 18:12,Agree,Agree
2020/04/29,OK,3473,3473,0,63,0,214,214,0,7,0,4/30/2020 16:07,Agree,Agree
2020/04/30,OK,3618,3618,0,145,0,222,222,0,8,0,5/1/2020 21:00,Agree,Agree
2020/05/01,OK,3748,3748,0,130,0,230,230,0,8,0,5/2/2020 15:47,Agree,Agree
2020/05/02,OK,3851,3851,0,103,0,238,238,0,8,0,5/3/2020 15:36,Agree,Agree
2020/05/03,OK,3972,3972,0,121,0,238,238,0,0,0,5/4/2020 22:49,Agree,Agree
2020/05/04,OK,4044,4044,0,72,0,238,238,0,0,0,5/5/2020 17:25,Agree,Agree
2020/05/05,OK,4054,4046,8,10,8,239,239,0,1,0,5/6/2020 16:23,Agree,Agree
2020/05/06,OK,4201,4201,0,147,-8,253,253,0,14,0,5/7/2020 22:59,Agree,Agree
2020/05/07,OK,4210,4202,8,9,8,254,254,0,1,0,5/8/2020 21:26,Agree,Agree
2020/05/08,OK,4210,4202,8,0,0,254,254,0,0,0,5/9/2020 21:26,Agree,Agree
2020/05/09,OK,4335,4331,4,125,-4,261,261,0,7,0,5/10/2020 21:26,Agree,Agree
2020/05/10,OK,4589,4589,0,254,-4,272,272,0,11,0,5/11/2020 21:26,Agree,Agree
2020/05/11,OK,4439,4432,7,-150,7,269,269,0,-3,0,5/12/2020 17:26,Agree,Agree
2020/05/12,OK,4439,4432,7,0,0,269,269,0,0,0,5/13/2020 15:26,Agree,Agree
2020/05/13,OK,4741,4734,7,302,0,280,280,0,11,0,5/14/2020 17:25,Agree,Agree
2020/05/14,OK,4861,4854,7,120,0,283,283,0,3,0,5/15/2020 16:11,Agree,Agree
2020/05/15,OK,4971,4964,7,110,0,288,288,0,5,0,5/16/2020 15:46,Agree,Agree
2020/05/16,OK,4861,4854,7,-110,0,283,283,0,-5,0,5/17/2020 15:27,Agree,Agree
2020/05/17,OK,5310,5310,0,449,-7,288,288,0,5,0,5/18/2020 16:01,Agree,Agree
2020/05/18,OK,5247,5240,7,-63,7,293,293,0,5,0,5/19/2020 15:45,Agree,Agree
2020/05/19,OK,5407,5400,7,160,0,293,293,0,0,0,5/20/2020 15:28,Agree,Agree
2020/05/20,OK,5407,5400,7,0,0,293,293,0,0,0,5/21/2020 15:41,Agree,Agree
2020/05/21,OK,5503,5496,7,96,0,300,300,0,7,0,5/22/2020 15:31,Agree,Agree
2020/05/22,OK,5503,5496,7,0,0,300,300,0,0,0,5/23/2020 17:58,Agree,Agree
2020/05/23,OK,5543,5536,7,40,0,305,305,0,5,0,5/24/2020 14:15,Agree,Agree
2020/05/24,OK,5691,5684,7,148,0,310,310,0,5,0,5/25/2020 14:12,Agree,Agree
2020/05/25,OK,5860,5853,7,169,0,312,312,0,2,0,5/26/2020 14:23,Agree,Agree
2020/05/26,OK,5974,5967,7,114,0,316,316,0,4,0,5/27/2020 15:37,Agree,Agree
2020/05/27,OK,6051,6044,7,77,0,317,317,0,1,0,5/28/2020 15:12,Agree,Agree
2020/05/28,OK,6104,6097,7,53,0,319,319,0,2,0,5/29/2020 14:19,Agree,Agree
2020/05/29,OK,6238,6231,7,134,0,328,328,0,9,0,5/30/2020 15:47,Agree,Agree
2020/05/30,OK,6280,6272,8,42,1,333,333,0,5,0,5/31/2020 14:43,Agree,Agree
2020/05/31,OK,6280,6272,8,0,0,333,333,0,0,0,6/1/2020 14:17,Agree,Agree
2020/06/01,OK,6347,6339,8,67,0,338,338,0,5,0,6/2/2020 14:16,Agree,Agree
2020/06/02,OK,6427,6419,8,80,0,343,343,0,5,0,6/3/2020 14:11,Agree,Agree
2020/06/03,OK,6582,6574,8,155,0,343,343,0,0,0,6/4/2020 15:03,Agree,Agree
2020/06/04,OK,6707,6696,11,125,3,347,347,0,4,0,6/5/2020 15:17,Agree,Agree
2020/06/05,OK,6820,6809,11,113,0,350,350,0,3,0,6/6/2020 14:31,Agree,Agree
2020/06/06,OK,6921,6910,11,101,0,354,354,0,4,0,6/7/2020 14:23,Agree,Agree
2020/06/07,OK,6921,6910,11,0,0,354,354,0,0,0,6/8/2020 14:55,Agree,Agree
2020/06/08,OK,7072,7061,11,151,0,359,359,0,5,0,6/9/2020 16:49,Agree,Agree
2020/06/09,OK,7163,7152,11,91,0,361,361,0,2,0,6/10/2020 20:56,Agree,Agree
2020/06/10,OK,7218,7207,11,55,0,360,360,0,-1,0,6/11/2020 14:48,Agree,Agree
2020/06/11,OK,7378,7367,11,160,0,366,366,0,6,0,6/12/2020 14:17,Agree,Agree
2020/06/12,OK,7496,7485,11,118,0,367,367,0,1,0,6/13/2020 17:46,Agree,Agree
2020/06/13,OK,7640,7629,11,144,0,369,369,0,2,0,6/14/2020 14:19,Agree,Agree
2020/06/14,OK,8231,8231,0,591,-11,359,359,0,-10,0,6/15/2020 14:33,Agree,Agree
2020/06/15,OK,8251,8237,14,20,14,371,371,0,12,0,6/16/2020 14:10,Agree,Agree
2020/06/16,OK,8437,8423,14,186,0,371,371,0,0,0,6/17/2020 15:06,Agree,Agree
2020/06/17,OK,8665,8649,16,228,2,376,376,0,5,0,6/18/2020 17:16,Agree,Agree
2020/06/18,OK,8925,8908,17,260,1,377,377,0,1,0,6/19/2020 15:01,Agree,Agree
2020/06/19,OK,9378,9359,19,453,2,379,379,0,2,0,6/20/2020 14:15,Agree,Agree
2020/06/20,OK,9730,9711,19,352,0,380,380,0,1,0,6/21/2020 14:32,Agree,Agree
2020/06/21,OK,10062,10043,19,332,0,381,381,0,1,0,6/22/2020 15:24,Agree,Agree
2020/06/22,OK,10545,10526,19,483,0,382,382,0,1,0,6/23/2020 14:28,Agree,Agree
2020/06/23,OK,10759,10740,19,214,0,382,382,0,0,0,6/24/2020 15:03,Agree,Agree
2020/06/24,OK,10759,10740,19,0,0,382,382,0,0,0,6/25/2020 14:07,Agree,Agree
2020/06/25,OK,11948,11948,0,1189,-19,375,375,0,-7,0,6/26/2020 19:18,Agree,Agree
2020/06/26,OK,11975,11955,20,27,20,390,390,0,15,0,6/27/2020 17:51,Agree,Agree
2020/06/27,OK,12367,12347,20,392,0,393,393,0,3,0,6/28/2020 14:59,Agree,Agree
2020/06/28,OK,12675,12648,27,308,7,401,401,0,8,0,6/29/2020 14:37,Agree,Agree
2020/06/29,OK,12977,12950,27,302,0,401,401,0,0,0,6/30/2020 15:27,Agree,Agree
2020/06/30,OK,13217,13177,40,240,13,401,401,0,0,0,7/1/2020 15:45,Agree,Agree
2020/07/01,OK,13853,13764,89,636,49,406,406,0,5,0,7/2/2020 15:10,Agree,Agree
2020/07/02,OK,14217,14121,96,364,7,407,407,0,1,0,7/3/2020 15:01,Agree,Agree
2020/07/03,OK,14217,14121,96,0,0,407,407,0,0,0,7/4/2020 15:30,Agree,Agree
2020/07/04,OK,15645,15645,0,1428,-96,398,398,0,-9,0,7/5/2020 15:00,Agree,Agree
2020/07/05,OK,15776,15665,111,131,111,416,416,0,18,0,7/6/2020 15:16,Agree,Agree
2020/07/06,OK,16063,15938,125,287,14,415,415,0,-1,0,7/7/2020 14:58,Agree,Agree
2020/07/07,OK,16501,16374,127,438,2,416,416,0,1,0,7/8/2020 14:12,Agree,Agree
2020/07/08,OK,17357,17231,126,856,-1,424,424,0,8,0,7/9/2020 15:14,Agree,Agree
2020/07/09,OK,18036,17904,132,679,6,428,428,0,4,0,7/10/2020 15:35,Agree,Agree
2020/07/10,OK,18680,18548,132,644,0,432,432,0,4,0,7/11/2020 18:25,Agree,Agree
2020/07/11,OK,19779,19779,0,1099,-132,432,432,0,0,0,7/12/2020 15:13,Agree,Agree
2020/07/12,OK,19934,19789,145,155,145,441,441,0,9,0,7/13/2020 15:19,Agree,Agree
2020/07/13,OK,20401,20245,156,467,11,424,424,0,-17,0,7/14/2020 15:13,Agree,Agree
2020/07/14,OK,20922,20755,167,521,11,424,424,0,0,0,7/15/2020 15:05,Agree,Agree
2020/07/15,OK,21832,21659,173,910,6,430,430,0,6,0,7/16/2020 14:22,Agree,Agree
2020/07/16,OK,22907,22725,182,1075,9,432,432,0,2,0,7/17/2020 14:31,Agree,Agree
2020/07/17,OK,23535,23345,190,628,8,438,438,0,6,0,7/18/2020 16:14,Agree,Agree
2020/07/18,OK,25056,25056,0,1521,-190,451,451,0,13,0,7/19/2020 15:05,Agree,Agree
2020/07/19,OK,25265,25265,0,209,0,451,451,0,0,0,7/20/2020 14:35,Agree,Agree
2020/07/20,OK,25581,25357,224,316,224,451,451,0,0,0,7/21/2020 14:50,Agree,Agree
2020/07/21,OK,26326,26326,0,745,-224,461,461,0,10,0,7/22/2020 14:51,Agree,Agree
2020/07/22,OK,27541,27308,233,1215,233,473,473,0,12,0,7/23/2020 14:48,Agree,Agree
2020/07/23,OK,28221,27979,242,680,9,477,477,0,4,0,7/24/2020 14:18,Agree,Agree
2020/07/24,OK,29348,29107,241,1127,-1,483,483,0,6,0,7/25/2020 17:40,Agree,Agree
2020/07/25,OK,30360,30074,286,1012,45,495,495,0,12,0,7/26/2020 15:17,Agree,Agree
2020/07/26,OK,33582,31269,2313,3222,2027,496,496,0,1,0,7/27/2020 14:16,Agree,Agree
2020/07/27,OK,34981,32670,2311,1399,-2,496,496,0,0,0,7/28/2020 14:21,Agree,Agree
2020/07/28,OK,34990,32679,2311,9,0,503,503,0,7,0,7/29/2020 14:34,Agree,Agree
2020/07/29,OK,37060,34614,2446,2070,135,523,523,0,20,0,7/30/2020 14:42,Agree,Agree
2020/07/30,OK,38291,35740,2551,1231,105,536,536,0,13,0,7/31/2020 14:35,Agree,Agree
2020/07/31,OK,39105,36487,2618,814,67,541,541,0,5,0,8/1/2020 14:38,Agree,Agree
2020/08/01,OK,40418,37733,2685,1313,67,549,549,0,8,0,8/2/2020 14:54,Agree,Agree
2020/08/02,OK,40910,38225,2685,492,0,550,550,0,1,0,8/3/2020 14:31,Agree,Agree
2020/08/03,OK,41199,38520,2679,289,-6,551,551,0,1,0,8/4/2020 14:09,Agree,Agree
2020/08/04,OK,41423,39371,2052,224,-627,566,566,0,15,0,8/5/2020 14:13,Agree,Agree
2020/08/05,OK,43414,40561,2853,1991,801,583,583,0,17,0,8/6/2020 14:12,Agree,Agree
2020/08/06,OK,44325,41401,2924,911,71,593,593,0,10,0,8/7/2020 23:57,Agree,Agree
2020/08/07,OK,45272,42253,3019,947,95,599,599,0,6,0,8/8/2020 14:58,Agree,Agree
2020/08/08,OK,46159,43075,3084,887,65,603,603,0,4,0,8/9/2020 14:03,Agree,Agree
2020/08/09,OK,46652,43561,3091,493,7,603,603,0,0,0,8/10/2020 14:23,Agree,Agree
2020/08/10,OK,47067,43960,3107,415,16,605,605,0,2,0,8/11/2020 14:16,Agree,Agree
2020/08/11,OK,47908,44724,3184,841,77,618,618,0,13,0,8/12/2020 13:50,Agree,Agree
2020/08/12,OK,48700,45392,3308,792,124,627,627,0,9,0,8/13/2020 14:12,Agree,Agree
2020/08/13,OK,49505,46102,3403,805,95,637,637,0,10,0,8/14/2020 14:30,Agree,Agree
2020/08/14,OK,50384,46892,3492,879,89,644,644,0,7,0,8/15/2020 14:02,Agree,Agree
2020/08/15,OK,51387,47793,3594,1003,102,657,657,0,13,0,8/16/2020 14:57,Agree,Agree
2020/08/16,OK,51387,47793,3594,0,0,657,657,0,0,0,8/17/2020 14:26,Agree,Agree
2020/08/17,OK,52468,48708,3760,1081,166,665,665,0,8,0,8/18/2020 14:26,Agree,Agree
2020/08/18,OK,53264,49316,3948,796,188,682,682,0,17,0,8/19/2020 14:23,Agree,Agree
2020/08/19,OK,54132,49914,4218,868,270,699,699,0,17,0,8/20/2020 15:11,Agree,Agree
2020/08/20,OK,54993,50660,4333,861,115,709,709,0,10,0,8/21/2020 14:27,Agree,Agree
2020/08/21,OK,56079,51746,4333,1086,0,715,715,0,6,0,8/22/2020 14:21,Agree,Agree
2020/08/22,OK,57113,52597,4516,1034,183,725,725,0,10,0,8/23/2020 14:15,Agree,Agree
2020/08/23,OK,57686,53159,4527,573,11,726,726,0,1,0,8/24/2020 13:54,Agree,Agree
2020/08/24,OK,58088,53515,4573,402,46,730,730,0,4,0,8/25/2020 14:02,Agree,Agree
2020/08/25,OK,58906,54162,4744,818,171,744,744,0,14,0,8/26/2020 13:51,Agree,Agree
2020/08/26,OK,59715,54821,4894,809,150,763,763,0,19,0,8/27/2020 13:42,Agree,Agree
2020/08/27,OK,60551,55539,5012,836,118,778,778,0,15,0,8/28/2020 13:43,Agree,Agree
2020/08/28,OK,61371,56254,5117,820,105,786,786,0,8,0,8/29/2020 13:42,Agree,Agree
2020/08/29,OK,62653,57345,5308,1282,191,797,797,0,11,0,8/30/2020 14:49,Agree,Agree
2020/08/30,OK,63328,58020,5308,675,0,799,799,0,2,0,8/31/2020 14:05,Agree,Agree
2020/08/31,OK,64108,58727,5381,780,73,800,800,0,1,0,9/1/2020 14:09,Agree,Agree
2020/09/01,OK,64780,59399,5381,672,0,809,809,0,9,0,9/2/2020 13:49,Agree,Agree
2020/09/02,OK,65752,60108,5644,972,263,821,821,0,12,0,9/3/2020 14:18,Agree,Agree
2020/09/03,OK,66868,61017,5851,1116,207,835,835,0,14,0,9/4/2020 13:36,Agree,Agree
2020/09/04,OK,66868,61017,5851,0,0,835,835,0,0,0,9/5/2020 14:09,Agree,Agree
2020/09/05,OK,69294,63182,6112,2426,261,850,850,0,15,0,9/6/2020 14:09,Agree,Agree
2020/09/06,OK,69738,63607,6131,444,19,853,853,0,3,0,9/7/2020 13:37,Agree,Agree
2020/09/07,OK,70351,64220,6131,613,0,853,853,0,0,0,9/8/2020 14:47,Agree,Agree
2020/09/08,OK,71184,65053,6131,833,0,854,854,0,1,0,9/9/2020 13:47,Agree,Agree
2020/09/09,OK,71877,65381,6496,693,365,863,863,0,9,0,9/10/2020 14:02,Agree,Agree
2020/09/10,OK,73196,66700,6496,1319,0,876,876,0,13,0,9/11/2020 13:51,Agree,Agree
2020/09/11,OK,74138,67642,6496,942,0,888,888,0,12,0,9/12/2020 14:12,Agree,Agree
2020/09/12,OK,74727,67742,6985,589,489,899,899,0,11,0,9/13/2020 16:17,Agree,Agree
2020/09/13,OK,76339,69354,6985,1612,0,905,905,0,6,0,9/14/2020 14:01,Agree,Agree
2020/09/14,OK,77208,70223,6985,869,0,905,905,0,0,0,9/15/2020 14:03,Agree,Agree
2020/09/15,OK,78299,71314,6985,1091,0,912,912,0,7,0,9/16/2020 13:53,Agree,Agree
2020/09/16,OK,79269,72284,6985,970,0,924,924,0,12,0,9/17/2020 13:45,Agree,Agree
2020/09/17,OK,80303,73318,6985,1034,0,930,930,0,6,0,9/18/2020 13:48,Agree,Agree
2020/09/18,OK,81552,74567,6985,1249,0,939,939,0,9,0,9/19/2020 14:00,Agree,Agree
2020/09/19,OK,82018,73784,8234,466,1249,955,942,13,16,13,9/20/2020 13:53,Agree,Agree
2020/09/20,OK,85041,76807,8234,3023,0,959,946,13,4,0,9/21/2020 13:47,Agree,Agree
2020/09/21,OK,86142,77908,8234,1101,0,961,948,13,2,0,9/22/2020 13:51,Agree,Agree
2020/09/22,OK,87306,79072,8234,1164,0,975,962,13,14,0,9/23/2020 13:51,Agree,Agree
2020/09/23,OK,88395,80161,8234,1089,0,983,970,13,8,0,9/24/2020 13:54,Agree,Agree
2020/09/24,OK,87575,78207,9368,-820,1134,992,978,14,9,1,9/25/2020 13:54,Agree,Agree
2020/09/25,OK,88749,79246,9503,1174,135,999,984,15,7,1,9/26/2020 13:46,Agree,Agree
2020/01/22,NY,0,,,0,,0,,,0,,3/26/2020 16:22,Not agree,Not agree
2020/01/23,NY,0,,,0,,0,,,0,,3/26/2020 16:22,Not agree,Not agree
2020/01/24,NY,0,,,0,,0,,,0,,3/26/2020 16:22,Not agree,Not agree
2020/01/25,NY,0,,,0,,0,,,0,,3/26/2020 16:22,Not agree,Not agree
2020/01/26,NY,0,,,0,,0,,,0,,3/26/2020 16:22,Not agree,Not agree
2020/01/27,NY,0,,,0,,0,,,0,,3/26/2020 16:22,Not agree,Not agree
2020/01/28,NY,0,,,0,,0,,,0,,3/26/2020 16:22,Not agree,Not agree
2020/01/29,NY,0,,,0,,0,,,0,,3/26/2020 16:22,Not agree,Not agree
2020/01/30,NY,0,,,0,,0,,,0,,3/26/2020 16:22,Not agree,Not agree
2020/01/31,NY,0,,,0,,0,,,0,,3/26/2020 16:22,Not agree,Not agree
2020/02/01,NY,0,,,0,,0,,,0,,3/26/2020 16:22,Not agree,Not agree
2020/02/02,NY,0,,,0,,0,,,0,,3/26/2020 16:22,Not agree,Not agree
2020/02/03,NY,0,,,0,,0,,,0,,3/26/2020 16:22,Not agree,Not agree
2020/02/04,NY,0,,,0,,0,,,0,,3/26/2020 16:22,Not agree,Not agree
2020/02/05,NY,0,,,0,,0,,,0,,3/26/2020 16:22,Not agree,Not agree
2020/02/06,NY,0,,,0,,0,,,0,,3/26/2020 16:22,Not agree,Not agree
2020/02/07,NY,0,,,0,,0,,,0,,3/26/2020 16:22,Not agree,Not agree
2020/02/08,NY,0,,,0,,0,,,0,,3/26/2020 16:22,Not agree,Not agree
2020/02/09,NY,0,,,0,,0,,,0,,3/26/2020 16:22,Not agree,Not agree
2020/02/10,NY,0,,,0,,0,,,0,,3/26/2020 16:22,Not agree,Not agree
2020/02/11,NY,0,,,0,,0,,,0,,3/26/2020 16:22,Not agree,Not agree
2020/02/12,NY,0,,,0,,0,,,0,,3/26/2020 16:22,Not agree,Not agree
2020/02/13,NY,0,,,0,,0,,,0,,3/26/2020 16:22,Not agree,Not agree
2020/02/14,NY,0,,,0,,0,,,0,,3/26/2020 16:22,Not agree,Not agree
2020/02/15,NY,0,,,0,,0,,,0,,3/26/2020 16:22,Not agree,Not agree
2020/02/16,NY,0,,,0,,0,,,0,,3/26/2020 16:22,Not agree,Not agree
2020/02/17,NY,0,,,0,,0,,,0,,3/26/2020 16:22,Not agree,Not agree
2020/02/18,NY,0,,,0,,0,,,0,,3/26/2020 16:22,Not agree,Not agree
2020/02/19,NY,0,,,0,,0,,,0,,3/26/2020 16:22,Not agree,Not agree
2020/02/20,NY,0,,,0,,0,,,0,,3/26/2020 16:22,Not agree,Not agree
2020/02/21,NY,0,,,0,,0,,,0,,3/26/2020 16:22,Not agree,Not agree
2020/02/22,NY,0,,,0,,0,,,0,,3/26/2020 16:22,Not agree,Not agree
2020/02/23,NY,0,,,0,,0,,,0,,3/26/2020 16:22,Not agree,Not agree
2020/02/24,NY,0,,,0,,0,,,0,,3/26/2020 16:22,Not agree,Not agree
2020/02/25,NY,0,,,0,,0,,,0,,3/26/2020 16:22,Not agree,Not agree
2020/02/26,NY,0,,,0,,0,,,0,,3/26/2020 16:22,Not agree,Not agree
2020/02/27,NY,0,,,0,,0,,,0,,3/26/2020 16:22,Not agree,Not agree
2020/02/28,NY,0,,,0,,0,,,0,,3/26/2020 16:22,Not agree,Not agree
2020/02/29,NY,0,,,0,,0,,,0,,3/26/2020 16:22,Not agree,Not agree
2020/03/01,NY,0,,,0,,0,,,0,,3/26/2020 16:22,Not agree,Not agree
2020/03/02,NY,0,,,0,,0,,,0,,3/26/2020 16:22,Not agree,Not agree
2020/03/03,NY,0,,,0,,0,,,0,,3/26/2020 16:22,Not agree,Not agree
2020/03/04,NY,1,,,1,,0,,,0,,3/26/2020 16:22,Not agree,Not agree
2020/03/05,NY,12,,,11,,0,,,0,,3/26/2020 16:22,Not agree,Not agree
2020/03/06,NY,21,,,9,,0,,,0,,3/26/2020 16:22,Not agree,Not agree
2020/03/07,NY,28,,,7,,0,,,0,,3/26/2020 16:22,Not agree,Not agree
2020/03/08,NY,28,,,0,,0,,,0,,3/26/2020 16:22,Not agree,Not agree
2020/03/09,NY,125,,,97,,0,,,0,,3/26/2020 16:22,Not agree,Not agree
2020/03/10,NY,137,,,12,,0,,,0,,3/26/2020 16:22,Not agree,Not agree
2020/03/11,NY,164,,,27,,0,,,0,,3/26/2020 16:22,Not agree,Not agree
2020/03/12,NY,230,,,66,,0,,,0,,3/26/2020 16:22,Not agree,Not agree
2020/03/13,NY,267,,,37,,0,,,0,,3/26/2020 16:22,Not agree,Not agree
2020/03/14,NY,311,,,44,,0,,,0,,3/26/2020 16:22,Not agree,Not agree
2020/03/15,NY,400,,,89,,1,,,1,,3/26/2020 16:22,Not agree,Not agree
2020/03/16,NY,487,,,87,,1,,,0,,3/26/2020 16:22,Not agree,Not agree
2020/03/17,NY,730,,,243,,1,,,0,,3/26/2020 16:22,Not agree,Not agree
2020/03/18,NY,1043,,,313,,1,,,0,,3/26/2020 16:22,Not agree,Not agree
2020/03/19,NY,1683,,,640,,5,,,4,,3/26/2020 16:22,Not agree,Not agree
2020/03/20,NY,2694,,,1011,,15,,,10,,3/26/2020 16:22,Not agree,Not agree
2020/03/21,NY,4145,,,1451,,21,,,6,,3/26/2020 16:22,Not agree,Not agree
2020/03/22,NY,6123,,,1978,,24,,,3,,3/26/2020 16:22,Not agree,Not agree
2020/03/23,NY,8570,,,2447,,31,,,7,,3/26/2020 16:22,Not agree,Not agree
2020/03/24,NY,10761,,,2191,,39,,,8,,3/26/2020 16:22,Not agree,Not agree
2020/03/25,NY,12955,,,2194,,52,,,13,,3/26/2020 16:22,Not agree,Not agree
2020/03/26,NY,15865,,,2910,,59,,,7,,3/26/2020 16:22,Not agree,Not agree
2020/03/27,NY,19237,,,3372,,96,,,37,,3/26/2020 16:22,Not agree,Not agree
2020/03/28,NY,22552,,,3315,,107,,,11,,3/28/2020 16:22,Not agree,Not agree
2020/03/29,NY,25745,,,3193,,119,,,12,,3/28/2020 16:22,Not agree,Not agree
2020/03/30,NY,29044,,,3299,,155,,,36,,3/29/2020 16:22,Not agree,Not agree
2020/03/31,NY,32656,,,3612,,211,,,56,,3/30/2020 16:22,Not agree,Not agree
2020/04/01,NY,36273,,,3617,,275,,,64,,3/31/2020 16:22,Not agree,Not agree
2020/04/02,NY,40572,,,4299,,395,,,120,,4/1/2020 16:22,Not agree,Not agree
2020/04/03,NY,45704,,,5132,,508,,,113,,4/3/2020 16:22,Not agree,Not agree
2020/04/04,NY,50398,,,4694,,566,,,58,,4/3/2020 16:22,Not agree,Not agree
2020/04/05,NY,54480,,,4082,,1017,,,451,,4/4/2020 16:22,Not agree,Not agree
2020/04/06,NY,72324,,,17844,,3202,,,2185,,4/5/2020 16:22,Not agree,Not agree
2020/04/07,NY,61897,,,-10427,,1378,,,-1824,,4/7/2020 16:22,Not agree,Not agree
2020/04/08,NY,67513,,,5616,,1545,,,167,,4/7/2020 16:22,Not agree,Not agree
2020/04/09,NY,72910,,,5397,,1787,,,242,,4/8/2020 16:22,Not agree,Not agree
2020/04/10,NY,78128,,,5218,,2024,,,237,,4/9/2020 16:22,Not agree,Not agree
2020/04/11,NY,82150,,,4022,,2260,,,236,,4/10/2020 16:22,Not agree,Not agree
2020/04/12,NY,85486,,,3336,,2443,,,183,,4/11/2020 16:22,Not agree,Not agree
2020/04/13,NY,88268,,,2782,,2661,,,218,,4/12/2020 16:22,Not agree,Not agree
2020/04/14,NY,91743,,,3475,,2882,,,221,,4/13/2020 16:22,Not agree,Not agree
2020/04/15,NY,95477,,,3734,,3081,,,199,,4/15/2020 16:22,Not agree,Not agree
2020/04/16,NY,99138,,,3661,,3247,,,166,,4/16/2020 16:22,Not agree,Not agree
2020/04/17,NY,102290,,,3152,,3560,,,313,,4/17/2020 16:22,Not agree,Not agree
2020/04/18,NY,105548,,,3258,79,3562,,,2,2,4/18/2020 16:22,Not agree,Not agree
2020/04/19,NY,108350,,,2802,-79,3787,,,225,-2,4/19/2020 16:22,Not agree,Not agree
2020/04/20,NY,110706,,,2356,,3940,,,153,,4/20/2020 16:22,Not agree,Not agree
2020/04/21,NY,112365,,,1659,0,4107,,,167,0,4/21/2020 16:22,Not agree,Not agree
2020/04/22,NY,114784,,,2419,0,4260,,,153,0,4/22/2020 16:22,Not agree,Not agree
2020/04/23,NY,117605,,,2821,0,4407,,,147,0,5/25/2020 15:38,Not agree,Not agree
2020/04/24,NY,121117,,,3512,0,4552,,,145,0,5/25/2020 15:38,Not agree,Not agree
2020/04/25,NY,127030,,,5913,0,4715,,,163,0,5/25/2020 15:38,Not agree,Not agree
2020/04/26,NY,129787,,,2757,0,4831,,,116,0,5/25/2020 15:38,Not agree,Not agree
2020/04/27,NY,131507,,,1720,0,4947,,,116,0,5/25/2020 15:38,Not agree,Not agree
2020/04/28,NY,132768,,,1261,0,5060,,,113,0,4/29/2020 18:12,Not agree,Not agree
2020/04/29,NY,134850,,,2082,0,5170,,,110,0,4/30/2020 16:07,Not agree,Not agree
2020/04/30,NY,136894,,,2044,0,5345,,,175,0,5/1/2020 21:00,Not agree,Not agree
2020/05/01,NY,138624,,,1730,0,5442,,,97,0,5/2/2020 15:47,Not agree,Not agree
2020/05/02,NY,140623,,,1999,0,5544,,,102,0,5/3/2020 15:36,Not agree,Not agree
2020/05/03,NY,142084,,,1461,0,5651,,,107,0,5/4/2020 22:49,Not agree,Not agree
2020/05/04,NY,143302,,,1218,0,5808,,,157,77,5/5/2020 17:25,Not agree,Not agree
2020/05/05,NY,144318,,,1016,0,5907,,,99,0,5/6/2020 16:23,Not agree,Not agree
2020/05/06,NY,145627,,,1309,0,6482,,,575,-77,5/7/2020 22:59,Not agree,Not agree
2020/05/07,NY,147253,,,1626,0,6580,,,98,0,5/8/2020 21:26,Not agree,Not agree
2020/05/08,NY,148624,,,1371,0,6657,,,77,0,5/9/2020 21:26,Not agree,Not agree
2020/05/09,NY,149833,,,1209,0,6766,,,109,0,5/10/2020 21:26,Not agree,Not agree
2020/05/10,NY,150978,,,1145,0,6867,,,101,0,5/11/2020 21:26,Not agree,Not agree
2020/05/11,NY,151698,,,720,0,6947,,,80,0,5/12/2020 17:26,Not agree,Not agree
2020/05/12,NY,152362,,,664,0,7045,,,98,0,5/13/2020 15:26,Not agree,Not agree
2020/05/13,NY,153411,,,1049,0,7132,,,87,0,5/14/2020 17:25,Not agree,Not agree
2020/05/14,NY,154506,,,1095,0,7211,,,79,0,5/15/2020 16:11,Not agree,Not agree
2020/05/15,NY,155456,,,950,0,7279,,,68,0,5/16/2020 15:46,Not agree,Not agree
2020/05/16,NY,156632,,,1176,0,7377,,,98,0,5/17/2020 15:27,Not agree,Not agree
2020/05/17,NY,157528,,,896,0,7448,,,71,0,5/18/2020 16:01,Not agree,Not agree
2020/05/18,NY,158141,,,613,0,7496,,,48,0,5/19/2020 15:45,Not agree,Not agree
2020/05/19,NY,159024,,,883,0,7550,,,54,0,5/20/2020 15:28,Not agree,Not agree
2020/05/20,NY,159820,,,796,0,7606,,,56,0,5/21/2020 15:41,Not agree,Not agree
2020/05/21,NY,160783,,,963,0,7660,,,54,0,5/22/2020 15:31,Not agree,Not agree
2020/05/22,NY,161670,,,887,0,7716,,,56,0,5/23/2020 17:58,Not agree,Not agree
2020/05/23,NY,162660,,,990,0,7762,,,46,0,5/24/2020 14:15,Not agree,Not agree
2020/05/24,NY,163392,,,732,0,7830,,,68,0,5/25/2020 14:12,Not agree,Not agree
2020/05/25,NY,164033,,,641,0,7879,,,49,0,5/26/2020 14:23,Not agree,Not agree
2020/05/26,NY,164535,,,502,0,7927,,,48,0,5/27/2020 15:37,Not agree,Not agree
2020/05/27,NY,164997,,,462,0,7977,,,50,0,5/28/2020 15:12,Not agree,Not agree
2020/05/28,NY,165682,,,685,0,8023,,,46,0,5/29/2020 14:19,Not agree,Not agree
2020/05/29,NY,166285,,,603,0,8058,,,35,0,5/30/2020 15:47,Not agree,Not agree
2020/05/30,NY,166909,,,624,0,8100,,,42,0,5/31/2020 14:43,Not agree,Not agree
2020/05/31,NY,167467,,,558,0,8130,,,30,0,6/1/2020 14:17,Not agree,Not agree
2020/06/01,NY,167947,,,480,0,8159,,,29,0,6/2/2020 14:16,Not agree,Not agree
2020/06/02,NY,168663,,,716,0,8198,,,39,0,6/3/2020 14:11,Not agree,Not agree
2020/06/03,NY,169213,,,550,0,8230,,,32,0,6/4/2020 15:03,Not agree,Not agree
2020/06/04,NY,169727,,,514,0,8259,,,29,0,6/5/2020 15:17,Not agree,Not agree
2020/06/05,NY,170268,,,541,0,8284,,,25,0,6/6/2020 14:31,Not agree,Not agree
2020/06/06,NY,170805,,,537,0,8308,,,24,0,6/7/2020 14:23,Not agree,Not agree
2020/06/07,NY,171128,,,323,0,8339,,,31,0,6/8/2020 14:55,Not agree,Not agree
2020/06/08,NY,171446,,,318,0,8362,,,23,0,6/9/2020 16:49,Not agree,Not agree
2020/06/09,NY,171789,,,343,0,8391,,,29,0,6/10/2020 20:56,Not agree,Not agree
2020/06/10,NY,172038,,,249,0,8416,,,25,0,6/11/2020 14:48,Not agree,Not agree
2020/06/11,NY,172375,,,337,0,8438,,,22,0,6/12/2020 14:17,Not agree,Not agree
2020/06/12,NY,172760,,,385,0,8468,,,30,0,6/13/2020 17:46,Not agree,Not agree
2020/06/13,NY,173137,,,377,0,8489,,,21,0,6/14/2020 14:19,Not agree,Not agree
2020/06/14,NY,173446,,,309,0,8502,,,13,0,6/15/2020 14:33,Not agree,Not agree
2020/06/15,NY,173685,,,239,0,8521,,,19,0,6/16/2020 14:10,Not agree,Not agree
2020/06/16,NY,173984,,,299,0,8538,,,17,0,6/17/2020 15:06,Not agree,Not agree
2020/06/17,NY,174201,,,217,0,8551,,,13,0,6/18/2020 17:16,Not agree,Not agree
2020/06/18,NY,174500,,,299,0,8568,,,17,0,6/19/2020 15:01,Not agree,Not agree
2020/06/19,NY,174886,,,386,0,8580,,,12,0,6/20/2020 14:15,Not agree,Not agree
2020/06/20,NY,175211,,,325,0,8595,,,15,0,6/21/2020 14:32,Not agree,Not agree
2020/06/21,NY,175490,,,279,0,8606,,,11,0,6/22/2020 15:24,Not agree,Not agree
2020/06/22,NY,175747,,,257,0,8613,,,7,0,6/23/2020 14:28,Not agree,Not agree
2020/06/23,NY,176029,,,282,0,8627,,,14,0,6/24/2020 15:03,Not agree,Not agree
2020/06/24,NY,176318,,,289,0,8636,,,9,0,6/25/2020 14:07,Not agree,Not agree
2020/06/25,NY,176716,,,398,0,8645,,,9,0,6/26/2020 19:18,Not agree,Not agree
2020/06/26,NY,177150,,,434,0,8654,,,9,0,6/27/2020 17:51,Not agree,Not agree
2020/06/27,NY,177489,,,339,0,8664,,,10,0,6/28/2020 14:59,Not agree,Not agree
2020/06/28,NY,177789,,,300,0,8667,,,3,0,6/29/2020 14:37,Not agree,Not agree
2020/06/29,NY,177991,,,202,0,8673,,,6,0,6/30/2020 15:27,Not agree,Not agree
2020/06/30,NY,178275,,,284,0,8680,,,7,0,7/1/2020 15:45,Not agree,Not agree
2020/07/01,NY,178604,,,329,0,8687,,,7,0,7/2/2020 15:10,Not agree,Not agree
2020/07/02,NY,179052,,,448,0,8691,,,4,0,7/3/2020 15:01,Not agree,Not agree
2020/07/03,NY,179510,,,458,0,8696,,,5,0,7/4/2020 15:30,Not agree,Not agree
2020/07/04,NY,179868,,,358,0,8701,,,5,0,7/5/2020 15:00,Not agree,Not agree
2020/07/05,NY,180162,,,294,0,8705,,,4,0,7/6/2020 15:16,Not agree,Not agree
2020/07/06,NY,180433,,,271,0,8710,,,5,0,7/7/2020 14:58,Not agree,Not agree
2020/07/07,NY,180749,,,316,0,8716,,,6,0,7/8/2020 14:12,Not agree,Not agree
2020/07/08,NY,181152,,,403,0,8721,,,5,0,7/9/2020 15:14,Not agree,Not agree
2020/07/09,NY,181461,,,309,0,8732,,,11,0,7/10/2020 15:35,Not agree,Not agree
2020/07/10,NY,181896,,,435,0,8737,,,5,0,7/11/2020 18:25,Not agree,Not agree
2020/07/11,NY,182319,,,423,0,8741,,,4,0,7/12/2020 15:13,Not agree,Not agree
2020/07/12,NY,182655,,,336,0,8746,,,5,0,7/13/2020 15:19,Not agree,Not agree
2020/07/13,NY,182962,,,307,0,8752,,,6,0,7/14/2020 15:13,Not agree,Not agree
2020/07/14,NY,183559,,,597,0,8756,,,4,0,7/15/2020 15:05,Not agree,Not agree
2020/07/15,NY,184024,,,465,0,8762,,,6,0,7/16/2020 14:22,Not agree,Not agree
2020/07/16,NY,184408,,,384,0,8762,,,0,0,7/17/2020 14:31,Not agree,Not agree
2020/07/17,NY,184817,,,409,0,8770,,,8,0,7/18/2020 16:14,Not agree,Not agree
2020/07/18,NY,185184,,,367,0,8779,,,9,0,7/19/2020 15:05,Not agree,Not agree
2020/07/19,NY,185388,,,204,0,8787,,,8,0,7/20/2020 14:35,Not agree,Not agree
2020/07/20,NY,185623,,,235,0,8792,,,5,0,7/21/2020 14:50,Not agree,Not agree
2020/07/21,NY,186087,,,464,0,8794,,,2,0,7/22/2020 14:51,Not agree,Not agree
2020/07/22,NY,186442,,,355,0,8800,,,6,0,7/23/2020 14:48,Not agree,Not agree
2020/07/23,NY,186865,,,423,0,8807,,,7,0,7/24/2020 14:18,Not agree,Not agree
2020/07/24,NY,187258,,,393,0,8813,,,6,0,7/25/2020 17:40,Not agree,Not agree
2020/07/25,NY,187668,,,410,0,8819,,,6,0,7/26/2020 15:17,Not agree,Not agree
2020/07/26,NY,187975,,,307,0,8820,,,1,0,7/27/2020 14:16,Not agree,Not agree
2020/07/27,NY,188293,,,318,0,8822,,,2,0,7/28/2020 14:21,Not agree,Not agree
2020/07/28,NY,188629,,,336,0,8826,,,4,0,7/29/2020 14:34,Not agree,Not agree
2020/07/29,NY,189042,,,413,0,8830,,,4,0,7/30/2020 14:42,Not agree,Not agree
2020/07/30,NY,189507,,,465,0,8837,,,7,0,7/31/2020 14:35,Not agree,Not agree
2020/07/31,NY,189866,,,359,0,8841,,,4,0,8/1/2020 14:38,Not agree,Not agree
2020/08/01,NY,190307,,,441,0,8854,,,13,0,8/2/2020 14:54,Not agree,Not agree
2020/08/02,NY,190575,,,268,0,8860,,,6,0,8/3/2020 14:31,Not agree,Not agree
2020/08/03,NY,190879,,,304,0,8863,,,3,0,8/4/2020 14:09,Not agree,Not agree
2020/08/04,NY,191309,,,430,0,8866,,,3,0,8/5/2020 14:13,Not agree,Not agree
2020/08/05,NY,191644,,,335,0,8868,,,2,0,8/6/2020 14:12,Not agree,Not agree
2020/08/06,NY,192014,,,370,0,8871,,,3,0,8/7/2020 23:57,Not agree,Not agree
2020/08/07,NY,192384,,,370,0,8874,,,3,0,8/8/2020 14:58,Not agree,Not agree
2020/08/08,NY,192761,,,377,0,8875,,,1,0,8/9/2020 14:03,Not agree,Not agree
2020/08/09,NY,193028,,,267,0,8879,,,4,0,8/10/2020 14:23,Not agree,Not agree
2020/08/10,NY,193267,,,239,0,8880,,,1,0,8/11/2020 14:16,Not agree,Not agree
2020/08/11,NY,193660,,,393,0,8885,,,5,0,8/12/2020 13:50,Not agree,Not agree
2020/08/12,NY,193974,,,314,0,8887,,,2,0,8/13/2020 14:12,Not agree,Not agree
2020/08/13,NY,194273,,,299,0,8894,,,7,0,8/14/2020 14:30,Not agree,Not agree
2020/08/14,NY,194633,,,360,0,8897,,,3,0,8/15/2020 14:02,Not agree,Not agree
2020/08/15,NY,194985,,,352,0,8898,,,1,0,8/16/2020 14:57,Not agree,Not agree
2020/08/16,NY,195285,,,300,0,8901,,,3,0,8/17/2020 14:26,Not agree,Not agree
2020/08/17,NY,195458,,,173,0,8906,,,5,0,8/18/2020 14:26,Not agree,Not agree
2020/08/18,NY,195829,,,371,0,8910,,,4,0,8/19/2020 14:23,Not agree,Not agree
2020/08/19,NY,196187,,,358,0,8914,,,4,0,8/20/2020 15:11,Not agree,Not agree
2020/08/20,NY,196515,,,328,0,8918,,,4,0,8/21/2020 14:27,Not agree,Not agree
2020/08/21,NY,196938,,,423,0,8921,,,3,0,8/22/2020 14:21,Not agree,Not agree
2020/08/22,NY,197324,,,386,0,8924,,,3,0,8/23/2020 14:15,Not agree,Not agree
2020/08/23,NY,197617,,,293,0,8930,,,6,0,8/24/2020 13:54,Not agree,Not agree
2020/08/24,NY,197811,,,194,0,8933,,,3,0,8/25/2020 14:02,Not agree,Not agree
2020/08/25,NY,198209,,,398,0,8935,,,2,0,8/26/2020 13:51,Not agree,Not agree
2020/08/26,NY,198515,,,306,0,8936,,,1,0,8/27/2020 13:42,Not agree,Not agree
2020/08/27,NY,198991,,,476,0,8939,,,3,0,8/28/2020 13:43,Not agree,Not agree
2020/08/28,NY,199357,,,366,0,8941,,,2,0,8/29/2020 13:42,Not agree,Not agree
2020/08/29,NY,199714,,,357,0,8945,,,4,0,8/30/2020 14:49,Not agree,Not agree
2020/08/30,NY,200131,,,417,0,8951,,,6,0,8/31/2020 14:05,Not agree,Not agree
2020/08/31,NY,200519,,,388,0,8952,,,1,0,9/1/2020 14:09,Not agree,Not agree
2020/09/01,NY,200968,,,449,0,8954,,,2,0,9/2/2020 13:49,Not agree,Not agree
2020/09/02,NY,201412,,,444,0,8957,,,3,0,9/3/2020 14:18,Not agree,Not agree
2020/09/03,NY,201997,,,585,0,8963,,,6,0,9/4/2020 13:36,Not agree,Not agree
2020/09/04,NY,202536,,,539,0,8963,,,0,0,9/5/2020 14:09,Not agree,Not agree
2020/09/05,NY,203058,,,522,0,8964,,,1,0,9/6/2020 14:09,Not agree,Not agree
2020/09/06,NY,203492,,,434,0,8970,,,6,0,9/7/2020 13:37,Not agree,Not agree
2020/09/07,NY,203809,,,317,0,8970,,,0,0,9/8/2020 14:47,Not agree,Not agree
2020/09/08,NY,204144,,,335,0,8974,,,4,0,9/9/2020 13:47,Not agree,Not agree
2020/09/09,NY,204507,,,363,0,8976,,,2,0,9/10/2020 14:02,Not agree,Not agree
2020/09/10,NY,204928,,,421,0,8983,,,7,0,9/11/2020 13:51,Not agree,Not agree
2020/09/11,NY,205539,,,611,0,8986,,,3,0,9/12/2020 14:12,Not agree,Not agree
2020/09/12,NY,206082,,,543,0,8988,,,2,0,9/13/2020 16:17,Not agree,Not agree
2020/09/13,NY,206563,,,481,0,8992,,,4,0,9/14/2020 14:01,Not agree,Not agree
2020/09/14,NY,206881,,,318,0,8995,,,3,0,9/15/2020 14:03,Not agree,Not agree
2020/09/15,NY,207341,,,460,0,9003,,,8,0,9/16/2020 13:53,Not agree,Not agree
2020/09/16,NY,207741,,,400,0,9006,,,3,0,9/17/2020 13:45,Not agree,Not agree
2020/09/17,NY,208304,,,563,0,9008,,,2,0,9/18/2020 13:48,Not agree,Not agree
2020/09/18,NY,208746,,,442,0,9013,,,5,0,9/19/2020 14:00,Not agree,Not agree
2020/09/19,NY,209240,,,494,0,9014,,,1,0,9/20/2020 13:53,Not agree,Not agree
2020/09/20,NY,209704,,,464,0,9015,,,1,0,9/21/2020 13:47,Not agree,Not agree
2020/09/21,NY,210017,,,313,0,9015,,,0,0,9/22/2020 13:51,Not agree,Not agree
2020/09/22,NY,210420,,,403,0,9016,,,1,0,9/23/2020 13:51,Not agree,Not agree
2020/09/23,NY,210805,,,385,0,9017,,,1,0,9/24/2020 13:54,Not agree,Not agree
2020/09/24,NY,211336,,,531,0,9017,,,0,0,9/25/2020 13:54,Not agree,Not agree
2020/09/25,NY,211873,,,537,0,9022,,,5,0,9/26/2020 13:46,Not agree,Not agree
2020/01/22,NC,0,,,0,,0,,,0,,3/26/2020 16:22,N/A,N/A
2020/01/23,NC,0,,,0,,0,,,0,,3/26/2020 16:22,N/A,N/A
2020/01/24,NC,0,,,0,,0,,,0,,3/26/2020 16:22,N/A,N/A
2020/01/25,NC,0,,,0,,0,,,0,,3/26/2020 16:22,N/A,N/A
2020/01/26,NC,0,,,0,,0,,,0,,3/26/2020 16:22,N/A,N/A
2020/01/27,NC,0,,,0,,0,,,0,,3/26/2020 16:22,N/A,N/A
2020/01/28,NC,0,,,0,,0,,,0,,3/26/2020 16:22,N/A,N/A
2020/01/29,NC,0,,,0,,0,,,0,,3/26/2020 16:22,N/A,N/A
2020/01/30,NC,0,,,0,,0,,,0,,3/26/2020 16:22,N/A,N/A
2020/01/31,NC,0,,,0,,0,,,0,,3/26/2020 16:22,N/A,N/A
2020/02/01,NC,0,,,0,,0,,,0,,3/26/2020 16:22,N/A,N/A
2020/02/02,NC,0,,,0,,0,,,0,,3/26/2020 16:22,N/A,N/A
2020/02/03,NC,0,,,0,,0,,,0,,3/26/2020 16:22,N/A,N/A
2020/02/04,NC,0,,,0,,0,,,0,,3/26/2020 16:22,N/A,N/A
2020/02/05,NC,0,,,0,,0,,,0,,3/26/2020 16:22,N/A,N/A
2020/02/06,NC,0,,,0,,0,,,0,,3/26/2020 16:22,N/A,N/A
2020/02/07,NC,0,,,0,,0,,,0,,3/26/2020 16:22,N/A,N/A
2020/02/08,NC,0,,,0,,0,,,0,,3/26/2020 16:22,N/A,N/A
2020/02/09,NC,0,,,0,,0,,,0,,3/26/2020 16:22,N/A,N/A
2020/02/10,NC,0,,,0,,0,,,0,,3/26/2020 16:22,N/A,N/A
2020/02/11,NC,0,,,0,,0,,,0,,3/26/2020 16:22,N/A,N/A
2020/02/12,NC,0,,,0,,0,,,0,,3/26/2020 16:22,N/A,N/A
2020/02/13,NC,0,,,0,,0,,,0,,3/26/2020 16:22,N/A,N/A
2020/02/14,NC,0,,,0,,0,,,0,,3/26/2020 16:22,N/A,N/A
2020/02/15,NC,0,,,0,,0,,,0,,3/26/2020 16:22,N/A,N/A
2020/02/16,NC,0,,,0,,0,,,0,,3/26/2020 16:22,N/A,N/A
2020/02/17,NC,0,,,0,,0,,,0,,3/26/2020 16:22,N/A,N/A
2020/02/18,NC,0,,,0,,0,,,0,,3/26/2020 16:22,N/A,N/A
2020/02/19,NC,0,,,0,,0,,,0,,3/26/2020 16:22,N/A,N/A
2020/02/20,NC,0,,,0,,0,,,0,,3/26/2020 16:22,N/A,N/A
2020/02/21,NC,0,,,0,,0,,,0,,3/26/2020 16:22,N/A,N/A
2020/02/22,NC,0,,,0,,0,,,0,,3/26/2020 16:22,N/A,N/A
2020/02/23,NC,0,,,0,,0,,,0,,3/26/2020 16:22,N/A,N/A
2020/02/24,NC,0,,,0,,0,,,0,,3/26/2020 16:22,N/A,N/A
2020/02/25,NC,0,,,0,,0,,,0,,3/26/2020 16:22,N/A,N/A
2020/02/26,NC,0,,,0,,0,,,0,,3/26/2020 16:22,N/A,N/A
2020/02/27,NC,0,,,0,,0,,,0,,3/26/2020 16:22,N/A,N/A
2020/02/28,NC,0,,,0,,0,,,0,,3/26/2020 16:22,N/A,N/A
2020/02/29,NC,0,,,0,,0,,,0,,3/26/2020 16:22,N/A,N/A
2020/03/01,NC,0,,,0,,0,,,0,,3/26/2020 16:22,N/A,N/A
2020/03/02,NC,0,,,0,,0,,,0,,3/26/2020 16:22,N/A,N/A
2020/03/03,NC,1,,,1,,0,,,0,,3/26/2020 16:22,N/A,N/A
2020/03/04,NC,1,,,0,,0,,,0,,3/26/2020 16:22,N/A,N/A
2020/03/05,NC,1,,,0,,0,,,0,,3/26/2020 16:22,N/A,N/A
2020/03/06,NC,2,,,1,,0,,,0,,3/26/2020 16:22,N/A,N/A
2020/03/07,NC,2,,,0,,0,,,0,,3/26/2020 16:22,N/A,N/A
2020/03/08,NC,2,,,0,,0,,,0,,3/26/2020 16:22,N/A,N/A
2020/03/09,NC,7,,,5,,0,,,0,,3/26/2020 16:22,N/A,N/A
2020/03/10,NC,7,,,0,,0,,,0,,3/26/2020 16:22,N/A,N/A
2020/03/11,NC,8,,,1,,0,,,0,,3/26/2020 16:22,N/A,N/A
2020/03/12,NC,15,,,7,,0,,,0,,3/26/2020 16:22,N/A,N/A
2020/03/13,NC,15,,,0,,0,,,0,,3/26/2020 16:22,N/A,N/A
2020/03/14,NC,17,,,2,,0,,,0,,3/26/2020 16:22,N/A,N/A
2020/03/15,NC,33,,,16,,0,,,0,,3/26/2020 16:22,N/A,N/A
2020/03/16,NC,40,,,7,,0,,,0,,3/26/2020 16:22,N/A,N/A
2020/03/17,NC,62,,,22,,0,,,0,,3/26/2020 16:22,N/A,N/A
2020/03/18,NC,97,,,35,,0,,,0,,3/26/2020 16:22,N/A,N/A
2020/03/19,NC,137,,,40,,0,,,0,,3/26/2020 16:22,N/A,N/A
2020/03/20,NC,164,,,27,,0,,,0,,3/26/2020 16:22,N/A,N/A
2020/03/21,NC,227,,,63,,0,,,0,,3/26/2020 16:22,N/A,N/A
2020/03/22,NC,255,,,28,,0,,,0,,3/26/2020 16:22,N/A,N/A
2020/03/23,NC,398,,,143,,0,,,0,,3/26/2020 16:22,N/A,N/A
2020/03/24,NC,504,,,106,,0,,,0,,3/26/2020 16:22,N/A,N/A
2020/03/25,NC,636,,,132,,1,,,1,,3/26/2020 16:22,N/A,N/A
2020/03/26,NC,764,,,128,,3,,,2,,3/26/2020 16:22,N/A,N/A
2020/03/27,NC,764,,,0,,3,,,0,,3/26/2020 16:22,N/A,N/A
2020/03/28,NC,935,,,171,,4,,,1,,3/28/2020 16:22,N/A,N/A
2020/03/29,NC,1307,,,372,,6,,,2,,3/28/2020 16:22,N/A,N/A
2020/03/30,NC,1498,,,191,,8,,,2,,3/29/2020 16:22,N/A,N/A
2020/03/31,NC,1584,,,86,,9,,,1,,3/30/2020 16:22,N/A,N/A
2020/04/01,NC,1857,,,273,,16,,,7,,3/31/2020 16:22,N/A,N/A
2020/04/02,NC,2093,,,236,,19,,,3,,4/1/2020 16:22,N/A,N/A
2020/04/03,NC,2093,,,0,,21,,,2,,4/3/2020 16:22,N/A,N/A
2020/04/04,NC,2402,,,309,,24,,,3,,4/3/2020 16:22,N/A,N/A
2020/04/05,NC,2870,,,468,,33,,,9,,4/4/2020 16:22,N/A,N/A
2020/04/06,NC,2870,,,0,,33,,,0,,4/5/2020 16:22,N/A,N/A
2020/04/07,NC,3221,,,351,,46,,,13,,4/7/2020 16:22,N/A,N/A
2020/04/08,NC,3651,,,430,,65,,,19,,4/7/2020 16:22,N/A,N/A
2020/04/09,NC,3651,,,0,,65,,,0,,4/8/2020 16:22,N/A,N/A
2020/04/10,NC,3908,,,257,,74,,,9,,4/9/2020 16:22,N/A,N/A
2020/04/11,NC,4312,,,404,,80,,,6,,4/10/2020 16:22,N/A,N/A
2020/04/12,NC,4520,,,208,,81,,,1,,4/11/2020 16:22,N/A,N/A
2020/04/13,NC,4816,,,296,,86,,,5,,4/12/2020 16:22,N/A,N/A
2020/04/14,NC,5024,,,208,,108,,,22,,4/13/2020 16:22,N/A,N/A
2020/04/15,NC,5123,,,99,,117,,,9,,4/15/2020 16:22,N/A,N/A
2020/04/16,NC,5465,,,342,,131,,,14,,4/16/2020 16:22,N/A,N/A
2020/04/17,NC,5859,,,394,,152,,,21,,4/17/2020 16:22,N/A,N/A
2020/04/18,NC,6140,,,281,,164,,,12,,4/18/2020 16:22,N/A,N/A
2020/04/19,NC,6493,,,353,0,172,,,8,0,4/19/2020 16:22,N/A,N/A
2020/04/20,NC,6764,,,271,0,179,,,7,0,4/20/2020 16:22,N/A,N/A
2020/04/21,NC,6951,,,187,0,213,,,34,0,4/21/2020 16:22,N/A,N/A
2020/04/22,NC,7220,,,269,0,242,,,29,0,4/22/2020 16:22,N/A,N/A
2020/04/23,NC,7608,,,388,0,253,,,11,0,5/25/2020 15:38,N/A,N/A
2020/04/24,NC,8052,,,444,0,269,,,16,0,5/25/2020 15:38,N/A,N/A
2020/04/25,NC,8623,,,571,0,289,,,20,0,5/25/2020 15:38,N/A,N/A
2020/04/26,NC,8830,,,207,0,299,,,10,0,5/25/2020 15:38,N/A,N/A
2020/04/27,NC,9142,,,312,0,306,,,7,0,5/25/2020 15:38,N/A,N/A
2020/04/28,NC,9568,,,426,0,342,,,36,0,4/29/2020 18:12,N/A,N/A
2020/04/29,NC,9948,,,380,0,354,,,12,0,4/30/2020 16:07,N/A,N/A
2020/04/30,NC,10509,,,561,0,378,,,24,0,5/1/2020 21:00,N/A,N/A
2020/05/01,NC,10923,,,414,0,399,,,21,0,5/2/2020 15:47,N/A,N/A
2020/05/02,NC,11509,,,586,0,420,,,21,0,5/3/2020 15:36,N/A,N/A
2020/05/03,NC,11664,,,155,0,422,,,2,0,5/4/2020 22:49,N/A,N/A
2020/05/04,NC,11848,,,184,0,430,,,8,0,5/5/2020 17:25,N/A,N/A
2020/05/05,NC,12256,,,408,0,452,,,22,0,5/6/2020 16:23,N/A,N/A
2020/05/06,NC,12758,,,502,0,477,,,25,0,5/7/2020 22:59,N/A,N/A
2020/05/07,NC,13397,,,639,0,507,,,30,0,5/8/2020 21:26,N/A,N/A
2020/05/08,NC,13868,,,471,0,527,,,20,0,5/9/2020 21:26,N/A,N/A
2020/05/09,NC,14360,,,492,0,544,,,17,0,5/10/2020 21:26,N/A,N/A
2020/05/10,NC,14764,,,404,0,547,,,3,0,5/11/2020 21:26,N/A,N/A
2020/05/11,NC,15045,,,281,0,550,,,3,0,5/12/2020 17:26,N/A,N/A
2020/05/12,NC,15346,,,301,0,577,,,27,0,5/13/2020 15:26,N/A,N/A
2020/05/13,NC,15816,,,470,0,597,,,20,0,5/14/2020 17:25,N/A,N/A
2020/05/14,NC,16507,,,691,0,615,,,18,0,5/15/2020 16:11,N/A,N/A
2020/05/15,NC,17129,,,622,0,641,,,26,0,5/16/2020 15:46,N/A,N/A
2020/05/16,NC,17982,,,853,0,652,,,11,0,5/17/2020 15:27,N/A,N/A
2020/05/17,NC,18512,,,530,0,659,,,7,0,5/18/2020 16:01,N/A,N/A
2020/05/18,NC,19023,,,511,0,661,,,2,0,5/19/2020 15:45,N/A,N/A
2020/05/19,NC,19700,,,677,0,691,,,30,0,5/20/2020 15:28,N/A,N/A
2020/05/20,NC,20122,,,422,0,702,,,11,0,5/21/2020 15:41,N/A,N/A
2020/05/21,NC,20860,,,738,0,716,,,14,0,5/22/2020 15:31,N/A,N/A
2020/05/22,NC,21618,,,758,0,728,,,12,0,5/23/2020 17:58,N/A,N/A
2020/05/23,NC,22725,,,1107,0,737,,,9,0,5/24/2020 14:15,N/A,N/A
2020/05/24,NC,23222,,,497,0,744,,,7,0,5/25/2020 14:12,N/A,N/A
2020/05/25,NC,23964,,,742,0,764,,,20,0,5/26/2020 14:23,N/A,N/A
2020/05/26,NC,24140,,,176,0,766,,,2,0,5/27/2020 15:37,N/A,N/A
2020/05/27,NC,24628,,,488,0,794,,,28,0,5/28/2020 15:12,N/A,N/A
2020/05/28,NC,25412,,,784,0,827,,,33,0,5/29/2020 14:19,N/A,N/A
2020/05/29,NC,26488,,,1076,0,859,,,32,0,5/30/2020 15:47,N/A,N/A
2020/05/30,NC,27673,,,1185,0,877,,,18,0,5/31/2020 14:43,N/A,N/A
2020/05/31,NC,28589,,,916,0,886,,,9,0,6/1/2020 14:17,N/A,N/A
2020/06/01,NC,29263,,,674,0,898,,,12,0,6/2/2020 14:16,N/A,N/A
2020/06/02,NC,29889,,,626,0,921,,,23,0,6/3/2020 14:11,N/A,N/A
2020/06/03,NC,30777,,,888,0,939,,,18,0,6/4/2020 15:03,N/A,N/A
2020/06/04,NC,31966,,,1189,0,960,,,21,0,6/5/2020 15:17,N/A,N/A
2020/06/05,NC,33255,,,1289,0,966,,,6,0,6/6/2020 14:31,N/A,N/A
2020/06/06,NC,34625,,,1370,0,992,,,26,0,6/7/2020 14:23,N/A,N/A
2020/06/07,NC,35555,,,930,9,996,,,4,0,6/8/2020 14:55,N/A,N/A
2020/06/08,NC,36484,,,929,-9,1006,,,10,0,6/9/2020 16:49,N/A,N/A
2020/06/09,NC,37160,,,676,0,1029,,,23,0,6/10/2020 20:56,N/A,N/A
2020/06/10,NC,38171,,,1011,0,1053,,,24,0,6/11/2020 14:48,N/A,N/A
2020/06/11,NC,39481,,,1310,0,1064,,,11,0,6/12/2020 14:17,N/A,N/A
2020/06/12,NC,41249,,,1768,0,1092,,,28,0,6/13/2020 17:46,N/A,N/A
2020/06/13,NC,42676,,,1427,0,1104,,,12,0,6/14/2020 14:19,N/A,N/A
2020/06/14,NC,44119,,,1443,0,1109,,,5,0,6/15/2020 14:33,N/A,N/A
2020/06/15,NC,45102,,,983,0,1118,,,9,0,6/16/2020 14:10,N/A,N/A
2020/06/16,NC,45853,,,751,0,1154,,,36,0,6/17/2020 15:06,N/A,N/A
2020/06/17,NC,46855,,,1002,0,1168,,,14,0,6/18/2020 17:16,N/A,N/A
2020/06/18,NC,48188,,,1333,0,1175,,,7,0,6/19/2020 15:01,N/A,N/A
2020/06/19,NC,49840,,,1652,0,1197,,,22,0,6/20/2020 14:15,N/A,N/A
2020/06/20,NC,51389,,,1549,0,1212,,,15,0,6/21/2020 14:32,N/A,N/A
2020/06/21,NC,52801,,,1412,0,1220,,,8,0,6/22/2020 15:24,N/A,N/A
2020/06/22,NC,53605,,,804,0,1223,,,3,0,6/23/2020 14:28,N/A,N/A
2020/06/23,NC,54453,,,848,0,1251,,,28,0,6/24/2020 15:03,N/A,N/A
2020/06/24,NC,56174,,,1721,0,1271,,,20,0,6/25/2020 14:07,N/A,N/A
2020/06/25,NC,57183,,,1009,0,1290,,,19,0,6/26/2020 19:18,N/A,N/A
2020/06/26,NC,58818,,,1635,0,1303,,,13,0,6/27/2020 17:51,N/A,N/A
2020/06/27,NC,60537,,,1719,0,1318,,,15,0,6/28/2020 14:59,N/A,N/A
2020/06/28,NC,62142,,,1605,0,1322,,,4,0,6/29/2020 14:37,N/A,N/A
2020/06/29,NC,63484,,,1342,0,1325,,,3,0,6/30/2020 15:27,N/A,N/A
2020/06/30,NC,64670,,,1186,0,1343,,,18,0,7/1/2020 15:45,N/A,N/A
2020/07/01,NC,66514,,,1844,0,1373,,,30,0,7/2/2020 15:10,N/A,N/A
2020/07/02,NC,64670,,,-1844,0,1343,,,-30,0,7/3/2020 15:01,N/A,N/A
2020/07/03,NC,70241,,,5571,0,1392,,,49,0,7/4/2020 15:30,N/A,N/A
2020/07/04,NC,70241,,,0,0,1392,,,0,0,7/5/2020 15:00,N/A,N/A
2020/07/05,NC,72983,,,2742,0,1396,,,4,0,7/6/2020 15:16,N/A,N/A
2020/07/06,NC,74529,,,1546,0,1398,,,2,0,7/7/2020 14:58,N/A,N/A
2020/07/07,NC,75875,,,1346,0,1420,,,22,0,7/8/2020 14:12,N/A,N/A
2020/07/08,NC,77310,,,1435,0,1441,,,21,0,7/9/2020 15:14,N/A,N/A
2020/07/09,NC,79349,,,2039,0,1461,,,20,0,7/10/2020 15:35,N/A,N/A
2020/07/10,NC,81331,,,1982,0,1479,,,18,0,7/11/2020 18:25,N/A,N/A
2020/07/11,NC,83793,,,2462,0,1499,,,20,0,7/12/2020 15:13,N/A,N/A
2020/07/12,NC,85701,,,1908,0,1503,,,4,0,7/13/2020 15:19,N/A,N/A
2020/07/13,NC,87528,,,1827,0,1510,,,7,0,7/14/2020 15:13,N/A,N/A
2020/07/14,NC,89484,,,1956,0,1552,,,42,0,7/15/2020 15:05,N/A,N/A
2020/07/15,NC,91266,,,1782,0,1568,,,16,0,7/16/2020 14:22,N/A,N/A
2020/07/16,NC,93426,,,2160,0,1588,,,20,0,7/17/2020 14:31,N/A,N/A
2020/07/17,NC,95477,,,2051,0,1606,,,18,0,7/18/2020 16:14,N/A,N/A
2020/07/18,NC,97958,,,2481,0,1629,,,23,0,7/19/2020 15:05,N/A,N/A
2020/07/19,NC,99778,,,1820,0,1634,,,5,0,7/20/2020 14:35,N/A,N/A
2020/07/20,NC,101046,,,1268,0,1642,,,8,0,7/21/2020 14:50,N/A,N/A
2020/07/21,NC,102861,,,1815,0,1668,,,26,0,7/22/2020 14:51,N/A,N/A
2020/07/22,NC,105001,,,2140,0,1698,,,30,0,7/23/2020 14:48,N/A,N/A
2020/07/23,NC,106893,,,1892,0,1726,,,28,0,7/24/2020 14:18,N/A,N/A
2020/07/24,NC,108995,,,2102,0,1746,,,20,0,7/25/2020 17:40,N/A,N/A
2020/07/25,NC,111092,,,2097,0,1778,,,32,0,7/26/2020 15:17,N/A,N/A
2020/07/26,NC,112713,,,1621,0,1785,,,7,0,7/27/2020 14:16,N/A,N/A
2020/07/27,NC,114338,,,1625,0,1790,,,5,0,7/28/2020 14:21,N/A,N/A
2020/07/28,NC,116087,,,1749,0,1820,,,30,0,7/29/2020 14:34,N/A,N/A
2020/07/29,NC,117850,,,1763,0,1865,,,45,0,7/30/2020 14:42,N/A,N/A
2020/07/30,NC,120194,,,2344,0,1903,,,38,0,7/31/2020 14:35,N/A,N/A
2020/07/31,NC,122148,,,1954,0,1924,,,21,0,8/1/2020 14:38,N/A,N/A
2020/08/01,NC,123878,,,1730,0,1964,,,40,0,8/2/2020 14:54,N/A,N/A
2020/08/02,NC,125219,,,1341,0,1969,,,5,0,8/3/2020 14:31,N/A,N/A
2020/08/03,NC,126532,,,1313,0,1982,,,13,0,8/4/2020 14:09,N/A,N/A
2020/08/04,NC,128161,,,1629,0,2010,,,28,0,8/5/2020 14:13,N/A,N/A
2020/08/05,NC,129288,,,1127,0,2050,,,40,0,8/6/2020 14:12,N/A,N/A
2020/08/06,NC,131267,,,1979,0,2092,,,42,0,8/7/2020 23:57,N/A,N/A
2020/08/07,NC,132812,,,1545,0,2134,,,42,0,8/8/2020 14:58,N/A,N/A
2020/08/08,NC,134766,,,1954,0,2160,,,26,0,8/9/2020 14:03,N/A,N/A
2020/08/09,NC,136218,,,1452,0,2168,,,8,0,8/10/2020 14:23,N/A,N/A
2020/08/10,NC,136844,,,626,0,2172,,,4,0,8/11/2020 14:16,N/A,N/A
2020/08/11,NC,137895,,,1051,0,2204,,,32,0,8/12/2020 13:50,N/A,N/A
2020/08/12,NC,139061,,,1166,0,2249,,,45,0,8/13/2020 14:12,N/A,N/A
2020/08/13,NC,140824,,,1763,0,2287,,,38,0,8/14/2020 14:30,N/A,N/A
2020/08/14,NC,142170,,,1346,0,2313,,,26,0,8/15/2020 14:02,N/A,N/A
2020/08/15,NC,143706,,,1536,0,2343,,,30,0,8/16/2020 14:57,N/A,N/A
2020/08/16,NC,144952,,,1246,0,2347,,,4,0,8/17/2020 14:26,N/A,N/A
2020/08/17,NC,145516,,,564,0,2348,,,1,0,8/18/2020 14:26,N/A,N/A
2020/08/18,NC,146779,,,1263,0,2396,,,48,0,8/19/2020 14:23,N/A,N/A
2020/08/19,NC,147932,,,1153,0,2431,,,35,0,8/20/2020 15:11,N/A,N/A
2020/08/20,NC,149904,,,1972,0,2465,,,34,0,8/21/2020 14:27,N/A,N/A
2020/08/21,NC,151912,,,2008,0,2494,,,29,0,8/22/2020 14:21,N/A,N/A
2020/08/22,NC,153641,,,1729,0,2521,,,27,0,8/23/2020 14:15,N/A,N/A
2020/08/23,NC,155113,,,1472,0,2531,,,10,0,8/24/2020 13:54,N/A,N/A
2020/08/24,NC,156396,,,1283,0,2535,,,4,0,8/25/2020 14:02,N/A,N/A
2020/08/25,NC,157741,,,1345,0,2570,,,35,0,8/26/2020 13:51,N/A,N/A
2020/08/26,NC,158985,,,1244,0,2606,,,36,0,8/27/2020 13:42,N/A,N/A
2020/08/27,NC,161076,,,2091,0,2630,,,24,0,8/28/2020 13:43,N/A,N/A
2020/08/28,NC,162491,,,1415,0,2652,,,22,0,8/29/2020 13:42,N/A,N/A
2020/08/29,NC,165076,,,2585,0,2683,,,31,0,8/30/2020 14:49,N/A,N/A
2020/08/30,NC,166127,,,1051,0,2692,,,9,0,8/31/2020 14:05,N/A,N/A
2020/08/31,NC,167313,,,1186,0,2702,,,10,0,9/1/2020 14:09,N/A,N/A
2020/09/01,NC,169424,,,2111,0,2741,,,39,0,9/2/2020 13:49,N/A,N/A
2020/09/02,NC,170553,,,1129,0,2779,,,38,0,9/3/2020 14:18,N/A,N/A
2020/09/03,NC,172209,,,1656,0,2803,,,24,0,9/4/2020 13:36,N/A,N/A
2020/09/04,NC,174254,,,2045,0,2839,,,36,0,9/5/2020 14:09,N/A,N/A
2020/09/05,NC,175815,,,1561,0,2889,,,50,0,9/6/2020 14:09,N/A,N/A
2020/09/06,NC,176901,,,1086,0,2890,,,1,0,9/7/2020 13:37,N/A,N/A
2020/09/07,NC,177919,,,1018,0,2897,,,7,0,9/8/2020 14:47,N/A,N/A
2020/09/08,NC,178635,,,716,0,2909,,,12,0,9/9/2020 13:47,N/A,N/A
2020/09/09,NC,179532,,,897,0,2958,,,49,0,9/10/2020 14:02,N/A,N/A
2020/09/10,NC,180754,,,1222,0,2990,,,32,0,9/11/2020 13:51,N/A,N/A
2020/09/11,NC,182286,,,1532,0,3023,,,33,0,9/12/2020 14:12,N/A,N/A
2020/09/12,NC,183740,,,1454,0,3047,,,24,0,9/13/2020 16:17,N/A,N/A
2020/09/13,NC,184936,,,1196,0,3052,,,5,0,9/14/2020 14:01,N/A,N/A
2020/09/14,NC,185781,,,845,0,3060,,,8,0,9/15/2020 14:03,N/A,N/A
2020/09/15,NC,186887,,,1106,0,3111,,,51,0,9/16/2020 13:53,N/A,N/A
2020/09/16,NC,188024,,,1137,0,3149,,,38,0,9/17/2020 13:45,N/A,N/A
2020/09/17,NC,189576,,,1552,0,3180,,,31,0,9/18/2020 13:48,N/A,N/A
2020/09/18,NC,191019,,,1443,0,3207,,,27,0,9/19/2020 14:00,N/A,N/A
2020/09/19,NC,192248,,,1229,0,3235,,,28,0,9/20/2020 13:53,N/A,N/A
2020/09/20,NC,193581,,,1333,0,3243,,,8,0,9/21/2020 13:47,N/A,N/A
2020/09/21,NC,194381,,,800,0,3247,,,4,0,9/22/2020 13:51,N/A,N/A
2020/09/22,NC,195549,,,1168,0,3286,,,39,0,9/23/2020 13:51,N/A,N/A
2020/09/23,NC,196501,,,952,0,3316,,,30,0,9/24/2020 13:54,N/A,N/A
2020/09/24,NC,198189,,,1688,0,3356,,,40,0,9/25/2020 13:54,N/A,N/A
2020/09/25,NC,204331,,,6142,4563,3409,,,53,25,9/26/2020 13:46,N/A,N/A
2020/01/22,ID,0,,,0,,0,,,0,,3/26/2020 16:22,Agree,Agree
2020/01/23,ID,0,,,0,,0,,,0,,3/26/2020 16:22,Agree,Agree
2020/01/24,ID,0,,,0,,0,,,0,,3/26/2020 16:22,Agree,Agree
2020/01/25,ID,0,,,0,,0,,,0,,3/26/2020 16:22,Agree,Agree
2020/01/26,ID,0,,,0,,0,,,0,,3/26/2020 16:22,Agree,Agree
2020/01/27,ID,0,,,0,,0,,,0,,3/26/2020 16:22,Agree,Agree
2020/01/28,ID,0,,,0,,0,,,0,,3/26/2020 16:22,Agree,Agree
2020/01/29,ID,0,,,0,,0,,,0,,3/26/2020 16:22,Agree,Agree
2020/01/30,ID,0,,,0,,0,,,0,,3/26/2020 16:22,Agree,Agree
2020/01/31,ID,0,,,0,,0,,,0,,3/26/2020 16:22,Agree,Agree
2020/02/01,ID,0,,,0,,0,,,0,,3/26/2020 16:22,Agree,Agree
2020/02/02,ID,0,,,0,,0,,,0,,3/26/2020 16:22,Agree,Agree
2020/02/03,ID,0,,,0,,0,,,0,,3/26/2020 16:22,Agree,Agree
2020/02/04,ID,0,,,0,,0,,,0,,3/26/2020 16:22,Agree,Agree
2020/02/05,ID,0,,,0,,0,,,0,,3/26/2020 16:22,Agree,Agree
2020/02/06,ID,0,,,0,,0,,,0,,3/26/2020 16:22,Agree,Agree
2020/02/07,ID,0,,,0,,0,,,0,,3/26/2020 16:22,Agree,Agree
2020/02/08,ID,0,,,0,,0,,,0,,3/26/2020 16:22,Agree,Agree
2020/02/09,ID,0,,,0,,0,,,0,,3/26/2020 16:22,Agree,Agree
2020/02/10,ID,0,,,0,,0,,,0,,3/26/2020 16:22,Agree,Agree
2020/02/11,ID,0,,,0,,0,,,0,,3/26/2020 16:22,Agree,Agree
2020/02/12,ID,0,,,0,,0,,,0,,3/26/2020 16:22,Agree,Agree
2020/02/13,ID,0,,,0,,0,,,0,,3/26/2020 16:22,Agree,Agree
2020/02/14,ID,0,,,0,,0,,,0,,3/26/2020 16:22,Agree,Agree
2020/02/15,ID,0,,,0,,0,,,0,,3/26/2020 16:22,Agree,Agree
2020/02/16,ID,0,,,0,,0,,,0,,3/26/2020 16:22,Agree,Agree
2020/02/17,ID,0,,,0,,0,,,0,,3/26/2020 16:22,Agree,Agree
2020/02/18,ID,0,,,0,,0,,,0,,3/26/2020 16:22,Agree,Agree
2020/02/19,ID,0,,,0,,0,,,0,,3/26/2020 16:22,Agree,Agree
2020/02/20,ID,0,,,0,,0,,,0,,3/26/2020 16:22,Agree,Agree
2020/02/21,ID,0,,,0,,0,,,0,,3/26/2020 16:22,Agree,Agree
2020/02/22,ID,0,,,0,,0,,,0,,3/26/2020 16:22,Agree,Agree
2020/02/23,ID,0,,,0,,0,,,0,,3/26/2020 16:22,Agree,Agree
2020/02/24,ID,0,,,0,,0,,,0,,3/26/2020 16:22,Agree,Agree
2020/02/25,ID,0,,,0,,0,,,0,,3/26/2020 16:22,Agree,Agree
2020/02/26,ID,0,,,0,,0,,,0,,3/26/2020 16:22,Agree,Agree
2020/02/27,ID,0,,,0,,0,,,0,,3/26/2020 16:22,Agree,Agree
2020/02/28,ID,0,,,0,,0,,,0,,3/26/2020 16:22,Agree,Agree
2020/02/29,ID,0,,,0,,0,,,0,,3/26/2020 16:22,Agree,Agree
2020/03/01,ID,0,,,0,,0,,,0,,3/26/2020 16:22,Agree,Agree
2020/03/02,ID,0,,,0,,0,,,0,,3/26/2020 16:22,Agree,Agree
2020/03/03,ID,0,,,0,,0,,,0,,3/26/2020 16:22,Agree,Agree
2020/03/04,ID,0,,,0,,0,,,0,,3/26/2020 16:22,Agree,Agree
2020/03/05,ID,0,,,0,,0,,,0,,3/26/2020 16:22,Agree,Agree
2020/03/06,ID,0,,,0,,0,,,0,,3/26/2020 16:22,Agree,Agree
2020/03/07,ID,0,,,0,,0,,,0,,3/26/2020 16:22,Agree,Agree
2020/03/08,ID,0,,,0,,0,,,0,,3/26/2020 16:22,Agree,Agree
2020/03/09,ID,0,,,0,,0,,,0,,3/26/2020 16:22,Agree,Agree
2020/03/10,ID,0,,,0,,0,,,0,,3/26/2020 16:22,Agree,Agree
2020/03/11,ID,0,,,0,,0,,,0,,3/26/2020 16:22,Agree,Agree
2020/03/12,ID,0,,,0,,0,,,0,,3/26/2020 16:22,Agree,Agree
2020/03/13,ID,0,,,0,,0,,,0,,3/26/2020 16:22,Agree,Agree
2020/03/14,ID,1,,,1,,0,,,0,,3/26/2020 16:22,Agree,Agree
2020/03/15,ID,5,,,4,,0,,,0,,3/26/2020 16:22,Agree,Agree
2020/03/16,ID,5,,,0,,0,,,0,,3/26/2020 16:22,Agree,Agree
2020/03/17,ID,5,,,0,,0,,,0,,3/26/2020 16:22,Agree,Agree
2020/03/18,ID,10,,,5,,0,,,0,,3/26/2020 16:22,Agree,Agree
2020/03/19,ID,23,,,13,,0,,,0,,3/26/2020 16:22,Agree,Agree
2020/03/20,ID,31,,,8,,0,,,0,,3/26/2020 16:22,Agree,Agree
2020/03/21,ID,42,,,11,,0,,,0,,3/26/2020 16:22,Agree,Agree
2020/03/22,ID,47,,,5,,0,,,0,,3/26/2020 16:22,Agree,Agree
2020/03/23,ID,51,,,4,,0,,,0,,3/26/2020 16:22,Agree,Agree
2020/03/24,ID,71,,,20,,0,,,0,,3/26/2020 16:22,Agree,Agree
2020/03/25,ID,123,,,52,,0,,,0,,3/26/2020 16:22,Agree,Agree
2020/03/26,ID,189,,,66,,3,,,3,,3/26/2020 16:22,Agree,Agree
2020/03/27,ID,230,,,41,,4,,,1,,3/26/2020 16:22,Agree,Agree
2020/03/28,ID,261,,,31,,5,,,1,,3/28/2020 16:22,Agree,Agree
2020/03/29,ID,310,,,49,,6,,,1,,3/28/2020 16:22,Agree,Agree
2020/03/30,ID,415,,,105,,7,,,1,,3/29/2020 16:22,Agree,Agree
2020/03/31,ID,525,,,110,,9,,,2,,3/30/2020 16:22,Agree,Agree
2020/04/01,ID,669,,,144,,9,,,0,,3/31/2020 16:22,Agree,Agree
2020/04/02,ID,891,,,222,,9,,,0,,4/1/2020 16:22,Agree,Agree
2020/04/03,ID,1013,,,122,,10,,,1,,4/3/2020 16:22,Agree,Agree
2020/04/04,ID,1077,,,64,,10,,,0,,4/3/2020 16:22,Agree,Agree
2020/04/05,ID,1101,,,24,,10,,,0,,4/4/2020 16:22,Agree,Agree
2020/04/06,ID,1170,,,69,,13,,,3,,4/5/2020 16:22,Agree,Agree
2020/04/07,ID,1210,,,40,,15,,,2,,4/7/2020 16:22,Agree,Agree
2020/04/08,ID,1232,,,22,,18,,,3,,4/7/2020 16:22,Agree,Agree
2020/04/09,ID,1353,,,121,,24,,,6,,4/8/2020 16:22,Agree,Agree
2020/04/10,ID,1396,,,43,,25,,,1,,4/9/2020 16:22,Agree,Agree
2020/04/11,ID,1407,,,11,,27,,,2,,4/10/2020 16:22,Agree,Agree
2020/04/12,ID,1458,,,51,,27,,,0,,4/11/2020 16:22,Agree,Agree
2020/04/13,ID,1486,,,28,,33,,,6,,4/12/2020 16:22,Agree,Agree
2020/04/14,ID,1486,,,0,,39,,,6,,4/13/2020 16:22,Agree,Agree
2020/04/15,ID,1587,1507,80,101,80,41,41,0,2,0,4/15/2020 16:22,Agree,Agree
2020/04/16,ID,1609,1528,81,22,1,41,27,14,0,14,4/16/2020 16:22,Agree,Agree
2020/04/17,ID,1655,1566,89,46,8,43,29,14,2,0,4/17/2020 16:22,Agree,Agree
2020/04/18,ID,1668,1577,91,13,2,44,44,0,1,-14,4/18/2020 16:22,Agree,Agree
2020/04/19,ID,1672,1581,91,4,0,45,29,16,1,16,4/19/2020 16:22,Agree,Agree
2020/04/20,ID,1736,1638,98,64,7,48,32,16,3,0,4/20/2020 16:22,Agree,Agree
2020/04/21,ID,1766,1659,107,30,9,51,34,17,3,1,4/21/2020 16:22,Agree,Agree
2020/04/22,ID,1802,1688,114,36,7,54,36,18,3,1,4/22/2020 16:22,Agree,Agree
2020/04/23,ID,1836,1721,115,34,1,54,36,18,0,0,5/25/2020 15:38,Agree,Agree
2020/04/24,ID,1870,1750,120,34,5,54,54,0,0,-18,5/25/2020 15:38,Agree,Agree
2020/04/25,ID,1887,1760,127,17,7,56,56,0,2,0,5/25/2020 15:38,Agree,Agree
2020/04/26,ID,1897,1768,129,10,2,56,39,17,0,17,5/25/2020 15:38,Agree,Agree
2020/04/27,ID,1917,1785,132,20,3,58,58,0,2,-17,5/25/2020 15:38,Agree,Agree
2020/04/28,ID,1952,1810,142,35,10,60,43,17,2,17,4/29/2020 18:12,Agree,Agree
2020/04/29,ID,1984,1831,153,32,11,60,43,17,0,0,4/30/2020 16:07,Agree,Agree
2020/04/30,ID,2015,1860,155,31,2,63,46,17,3,0,5/1/2020 21:00,Agree,Agree
2020/05/01,ID,2035,1880,155,20,0,63,63,0,0,-17,5/2/2020 15:47,Agree,Agree
2020/05/02,ID,2061,1905,156,26,1,64,64,0,1,0,5/3/2020 15:36,Agree,Agree
2020/05/03,ID,2061,1905,156,0,0,64,64,0,0,0,5/4/2020 22:49,Agree,Agree
2020/05/04,ID,2106,1947,159,45,3,64,47,17,0,17,5/5/2020 17:25,Agree,Agree
2020/05/05,ID,2127,1960,167,21,8,65,47,18,1,1,5/6/2020 16:23,Agree,Agree
2020/05/06,ID,2158,1986,172,31,5,66,66,0,1,-18,5/7/2020 22:59,Agree,Agree
2020/05/07,ID,2178,2007,171,20,-1,67,49,18,1,18,5/8/2020 21:26,Agree,Agree
2020/05/08,ID,2205,2027,178,27,7,67,67,0,0,-18,5/9/2020 21:26,Agree,Agree
2020/05/09,ID,2230,2049,181,25,3,67,49,18,0,18,5/10/2020 21:26,Agree,Agree
2020/05/10,ID,2230,2049,181,0,0,67,49,18,0,0,5/11/2020 21:26,Agree,Agree
2020/05/11,ID,2260,2073,187,30,6,70,52,18,3,0,5/12/2020 17:26,Agree,Agree
2020/05/12,ID,2293,2099,194,33,7,69,51,18,-1,0,5/13/2020 15:26,Agree,Agree
2020/05/13,ID,2324,2126,198,31,4,69,51,18,0,0,5/14/2020 17:25,Agree,Agree
2020/05/14,ID,2351,2152,199,27,1,72,53,19,3,1,5/15/2020 16:11,Agree,Agree
2020/05/15,ID,2389,2186,203,38,4,73,53,20,1,1,5/16/2020 15:46,Agree,Agree
2020/05/16,ID,2419,2203,216,30,13,73,53,20,0,0,5/17/2020 15:27,Agree,Agree
2020/05/17,ID,2419,2203,216,0,0,73,73,0,0,-20,5/18/2020 16:01,Agree,Agree
2020/05/18,ID,2455,2233,222,36,6,74,74,0,1,0,5/19/2020 15:45,Agree,Agree
2020/05/19,ID,2476,2253,223,21,1,77,77,0,3,0,5/20/2020 15:28,Agree,Agree
2020/05/20,ID,2506,2278,228,30,5,77,57,20,0,20,5/21/2020 15:41,Agree,Agree
2020/05/21,ID,2534,2301,233,28,5,77,57,20,0,0,5/22/2020 15:31,Agree,Agree
2020/05/22,ID,2595,2356,239,61,6,79,59,20,2,0,5/23/2020 17:58,Agree,Agree
2020/05/23,ID,2626,2387,239,31,0,79,59,20,0,0,5/24/2020 14:15,Agree,Agree
2020/05/24,ID,2626,2387,239,0,0,79,59,20,0,0,5/25/2020 14:12,Agree,Agree
2020/05/25,ID,2684,2445,239,58,0,79,59,20,0,0,5/26/2020 14:23,Agree,Agree
2020/05/26,ID,2699,2458,241,15,2,81,61,20,2,0,5/27/2020 15:37,Agree,Agree
2020/05/27,ID,2731,2485,246,32,5,82,62,20,1,0,5/28/2020 15:12,Agree,Agree
2020/05/28,ID,2769,2520,249,38,3,82,62,20,0,0,5/29/2020 14:19,Agree,Agree
2020/05/29,ID,2803,2551,252,34,3,82,62,20,0,0,5/30/2020 15:47,Agree,Agree
2020/05/30,ID,2839,2578,261,36,9,82,62,20,0,0,5/31/2020 14:43,Agree,Agree
2020/05/31,ID,2839,2578,261,0,0,82,62,20,0,0,6/1/2020 14:17,Agree,Agree
2020/06/01,ID,2906,2643,263,67,2,83,63,20,1,0,6/2/2020 14:16,Agree,Agree
2020/06/02,ID,2933,2660,273,27,10,83,63,20,0,0,6/3/2020 14:11,Agree,Agree
2020/06/03,ID,2990,2709,281,57,8,83,63,20,0,0,6/4/2020 15:03,Agree,Agree
2020/06/04,ID,3054,2763,291,64,10,83,63,20,0,0,6/5/2020 15:17,Agree,Agree
2020/06/05,ID,3111,2821,290,57,-1,83,63,20,0,0,6/6/2020 14:31,Agree,Agree
2020/06/06,ID,3139,2840,299,28,9,83,63,20,0,0,6/7/2020 14:23,Agree,Agree
2020/06/07,ID,3139,2840,299,0,0,83,63,20,0,0,6/8/2020 14:55,Agree,Agree
2020/06/08,ID,3189,2888,301,50,2,83,63,20,0,0,6/9/2020 16:49,Agree,Agree
2020/06/09,ID,3220,2914,306,31,5,85,65,20,2,0,6/10/2020 20:56,Agree,Agree
2020/06/10,ID,3260,2947,313,40,7,85,65,20,0,0,6/11/2020 14:48,Agree,Agree
2020/06/11,ID,3302,2984,318,42,5,86,66,20,1,0,6/12/2020 14:17,Agree,Agree
2020/06/12,ID,3353,3023,330,51,12,87,67,20,1,0,6/13/2020 17:46,Agree,Agree
2020/06/13,ID,3399,3061,338,46,8,87,67,20,0,0,6/14/2020 14:19,Agree,Agree
2020/06/14,ID,3399,3061,338,0,0,87,67,20,0,0,6/15/2020 14:33,Agree,Agree
2020/06/15,ID,3462,3121,341,63,3,88,68,20,1,0,6/16/2020 14:10,Agree,Agree
2020/06/16,ID,3540,3197,343,78,2,88,68,20,0,0,6/17/2020 15:06,Agree,Agree
2020/06/17,ID,3632,3258,374,92,31,88,68,20,0,0,6/18/2020 17:16,Agree,Agree
2020/06/18,ID,3743,3354,389,111,15,89,69,20,1,0,6/19/2020 15:01,Agree,Agree
2020/06/19,ID,3871,3466,405,128,16,89,69,20,0,0,6/20/2020 14:15,Agree,Agree
2020/06/20,ID,4006,3585,421,135,16,89,69,20,0,0,6/21/2020 14:32,Agree,Agree
2020/06/21,ID,4006,3585,421,0,0,89,69,20,0,0,6/22/2020 15:24,Agree,Agree
2020/06/22,ID,4254,3820,434,248,13,89,69,20,0,0,6/23/2020 14:28,Agree,Agree
2020/06/23,ID,4402,3943,459,148,25,89,69,20,0,0,6/24/2020 15:03,Agree,Agree
2020/06/24,ID,4645,4166,479,243,20,90,70,20,1,0,6/25/2020 14:07,Agree,Agree
2020/06/25,ID,4865,4366,499,220,20,90,70,20,0,0,6/26/2020 19:18,Agree,Agree
2020/06/26,ID,5148,4629,519,283,20,90,70,20,0,0,6/27/2020 17:51,Agree,Agree
2020/06/27,ID,5319,4790,529,171,10,91,71,20,1,0,6/28/2020 14:59,Agree,Agree
2020/06/28,ID,5319,4790,529,0,0,91,71,20,0,0,6/29/2020 14:37,Agree,Agree
2020/06/29,ID,5752,5212,540,433,11,91,71,20,0,0,6/30/2020 15:27,Agree,Agree
2020/06/30,ID,6117,5553,564,365,24,92,72,20,1,0,7/1/2020 15:45,Agree,Agree
2020/07/01,ID,6370,5786,584,253,20,92,72,20,0,0,7/2/2020 15:10,Agree,Agree
2020/07/02,ID,6593,6003,590,223,6,92,72,20,0,0,7/3/2020 15:01,Agree,Agree
2020/07/03,ID,6994,6401,593,401,3,113,93,20,21,0,7/4/2020 15:30,Agree,Agree
2020/07/04,ID,7370,6779,591,376,-2,93,73,20,-20,0,7/5/2020 15:00,Agree,Agree
2020/07/05,ID,7733,7144,589,363,-2,93,73,20,0,0,7/6/2020 15:16,Agree,Agree
2020/07/06,ID,8052,7436,616,319,27,94,74,20,1,0,7/7/2020 14:58,Agree,Agree
2020/07/07,ID,8539,7884,655,487,39,94,74,20,0,0,7/8/2020 14:12,Agree,Agree
2020/07/08,ID,8969,8307,662,430,7,98,78,20,4,0,7/9/2020 15:14,Agree,Agree
2020/07/09,ID,9428,8740,688,459,26,100,80,20,2,0,7/10/2020 15:35,Agree,Agree
2020/07/10,ID,9928,9219,709,500,21,101,81,20,1,0,7/11/2020 18:25,Agree,Agree
2020/07/11,ID,10505,9775,730,577,21,102,82,20,1,0,7/12/2020 15:13,Agree,Agree
2020/07/12,ID,10902,10163,739,397,9,102,82,20,0,0,7/13/2020 15:19,Agree,Agree
2020/07/13,ID,11402,10658,744,500,5,102,82,20,0,0,7/14/2020 15:13,Agree,Agree
2020/07/14,ID,11718,10946,772,316,28,103,83,20,1,0,7/15/2020 15:05,Agree,Agree
2020/07/15,ID,12445,11637,808,727,36,110,89,21,7,1,7/16/2020 14:22,Agree,Agree
2020/07/16,ID,13133,12295,838,688,30,114,93,21,4,0,7/17/2020 14:31,Agree,Agree
2020/07/17,ID,13752,12883,869,619,31,118,96,22,4,1,7/18/2020 16:14,Agree,Agree
2020/07/18,ID,14302,13419,883,550,14,119,97,22,1,0,7/19/2020 15:05,Agree,Agree
2020/07/19,ID,14873,13979,894,571,11,119,97,22,0,0,7/20/2020 14:35,Agree,Agree
2020/07/20,ID,15266,14337,929,393,35,122,100,22,3,0,7/21/2020 14:50,Agree,Agree
2020/07/21,ID,15822,14860,962,556,33,126,103,23,4,1,7/22/2020 14:51,Agree,Agree
2020/07/22,ID,16322,15321,1001,500,39,135,114,21,9,-2,7/23/2020 14:48,Agree,Agree
2020/07/23,ID,16736,15706,1030,414,29,138,117,21,3,0,7/24/2020 14:18,Agree,Agree
2020/07/24,ID,17264,16208,1056,528,26,144,123,21,6,0,7/25/2020 17:40,Agree,Agree
2020/07/25,ID,17827,16735,1092,563,36,146,125,21,2,0,7/26/2020 15:17,Agree,Agree
2020/07/26,ID,18177,17086,1091,350,-1,146,125,21,0,0,7/27/2020 14:16,Agree,Agree
2020/07/27,ID,18694,17565,1129,517,38,152,130,22,6,1,7/28/2020 14:21,Agree,Agree
2020/07/28,ID,19222,18072,1150,528,21,160,139,21,8,-1,7/29/2020 14:34,Agree,Agree
2020/07/29,ID,19679,18503,1176,457,26,173,152,21,13,0,7/30/2020 14:42,Agree,Agree
2020/07/30,ID,20246,19020,1226,567,50,177,155,22,4,1,7/31/2020 14:35,Agree,Agree
2020/07/31,ID,20721,19463,1258,475,32,189,166,23,12,1,8/1/2020 14:38,Agree,Agree
2020/08/01,ID,21114,19849,1265,393,7,197,174,23,8,0,8/2/2020 14:54,Agree,Agree
2020/08/02,ID,21344,20067,1277,230,12,197,174,23,0,0,8/3/2020 14:31,Agree,Agree
2020/08/03,ID,21675,20372,1303,331,26,200,177,23,3,0,8/4/2020 14:09,Agree,Agree
2020/08/04,ID,22234,20867,1367,559,64,210,187,23,10,0,8/5/2020 14:13,Agree,Agree
2020/08/05,ID,22707,21268,1439,473,72,217,194,23,7,0,8/6/2020 14:12,Agree,Agree
2020/08/06,ID,23399,21916,1483,692,44,223,199,24,6,1,8/7/2020 23:57,Agree,Agree
2020/08/07,ID,23922,22408,1514,523,31,229,205,24,6,0,8/8/2020 14:58,Agree,Agree
2020/08/08,ID,24495,22953,1542,573,28,235,211,24,6,0,8/9/2020 14:03,Agree,Agree
2020/08/09,ID,24671,23123,1548,176,6,237,212,25,2,1,8/10/2020 14:23,Agree,Agree
2020/08/10,ID,25100,23525,1575,429,27,239,214,25,2,0,8/11/2020 14:16,Agree,Agree
2020/08/11,ID,25595,23950,1645,495,70,246,221,25,7,0,8/12/2020 13:50,Agree,Agree
2020/08/12,ID,26133,24418,1715,538,70,246,221,25,0,0,8/13/2020 14:12,Agree,Agree
2020/08/13,ID,26631,24883,1748,498,33,251,225,26,5,1,8/14/2020 14:30,Agree,Agree
2020/08/14,ID,27173,25385,1788,542,40,265,239,26,14,0,8/15/2020 14:02,Agree,Agree
2020/08/15,ID,27477,25661,1816,304,28,269,241,28,4,2,8/16/2020 14:57,Agree,Agree
2020/08/16,ID,27660,25841,1819,183,3,269,241,28,0,0,8/17/2020 14:26,Agree,Agree
2020/08/17,ID,27942,26091,1851,282,32,273,245,28,4,0,8/18/2020 14:26,Agree,Agree
2020/08/18,ID,28326,26431,1895,384,44,282,255,27,9,-1,8/19/2020 14:23,Agree,Agree
2020/08/19,ID,28696,26754,1942,370,47,291,264,27,9,0,8/20/2020 15:11,Agree,Agree
2020/08/20,ID,29120,27139,1981,424,39,298,269,29,7,2,8/21/2020 14:27,Agree,Agree
2020/08/21,ID,29369,27371,1998,249,17,304,274,30,6,1,8/22/2020 14:21,Agree,Agree
2020/08/22,ID,29662,27637,2025,293,27,306,277,29,2,-1,8/23/2020 14:15,Agree,Agree
2020/08/23,ID,29853,27815,2038,191,13,307,278,29,1,0,8/24/2020 13:54,Agree,Agree
2020/08/24,ID,30070,27989,2081,217,43,314,285,29,7,0,8/25/2020 14:02,Agree,Agree
2020/08/25,ID,30465,28322,2143,395,62,326,293,33,12,4,8/26/2020 13:51,Agree,Agree
2020/08/26,ID,30780,28556,2224,315,81,337,304,33,11,0,8/27/2020 13:42,Agree,Agree
2020/08/27,ID,31122,28841,2281,342,57,343,309,34,6,1,8/28/2020 13:43,Agree,Agree
2020/08/28,ID,31384,29088,2296,262,15,353,319,34,10,0,8/29/2020 13:42,Agree,Agree
2020/08/29,ID,31677,29374,2303,293,7,358,324,34,5,0,8/30/2020 14:49,Agree,Agree
2020/08/30,ID,31867,29556,2311,190,8,359,325,34,1,0,8/31/2020 14:05,Agree,Agree
2020/08/31,ID,32088,29747,2341,221,30,361,327,34,2,0,9/1/2020 14:09,Agree,Agree
2020/09/01,ID,32368,29969,2399,280,58,368,333,35,7,1,9/2/2020 13:49,Agree,Agree
2020/09/02,ID,32664,30227,2437,296,38,372,336,36,4,1,9/3/2020 14:18,Agree,Agree
2020/09/03,ID,32927,30489,2438,263,1,372,336,36,0,0,9/4/2020 13:36,Agree,Agree
2020/09/04,ID,33196,30734,2462,269,24,382,346,36,10,0,9/5/2020 14:09,Agree,Agree
2020/09/05,ID,33477,30999,2478,281,16,384,348,36,2,0,9/6/2020 14:09,Agree,Agree
2020/09/06,ID,33667,31181,2486,190,8,385,349,36,1,0,9/7/2020 13:37,Agree,Agree
2020/09/07,ID,33741,31245,2496,74,10,385,349,36,0,0,9/8/2020 14:47,Agree,Agree
2020/09/08,ID,33981,31443,2538,240,42,389,353,36,4,0,9/9/2020 13:47,Agree,Agree
2020/09/09,ID,34310,31688,2622,329,84,406,369,37,17,1,9/10/2020 14:02,Agree,Agree
2020/09/10,ID,34617,31943,2674,307,52,407,370,37,1,0,9/11/2020 13:51,Agree,Agree
2020/09/11,ID,34950,32228,2722,333,48,412,375,37,5,0,9/12/2020 14:12,Agree,Agree
2020/09/12,ID,35167,32411,2756,217,34,415,378,37,3,0,9/13/2020 16:17,Agree,Agree
2020/09/13,ID,35279,32506,2773,112,17,415,378,37,0,0,9/14/2020 14:01,Agree,Agree
2020/09/14,ID,35532,32730,2802,253,29,419,382,37,4,0,9/15/2020 14:03,Agree,Agree
2020/09/15,ID,35810,32947,2863,278,61,423,385,38,4,1,9/16/2020 13:53,Agree,Agree
2020/09/16,ID,36093,33154,2939,283,76,429,391,38,6,0,9/17/2020 13:45,Agree,Agree
2020/09/17,ID,36489,33489,3000,396,61,434,396,38,5,0,9/18/2020 13:48,Agree,Agree
2020/09/18,ID,36959,33901,3058,470,58,450,412,38,16,0,9/19/2020 14:00,Agree,Agree
2020/09/19,ID,37247,34149,3098,288,40,441,403,38,-9,0,9/20/2020 13:53,Agree,Agree
2020/09/20,ID,37491,34368,3123,244,25,443,405,38,2,0,9/21/2020 13:47,Agree,Agree
2020/09/21,ID,37901,34741,3160,410,37,447,409,38,4,0,9/22/2020 13:51,Agree,Agree
2020/09/22,ID,38347,35105,3242,446,82,451,413,38,4,0,9/23/2020 13:51,Agree,Agree
2020/09/23,ID,38743,35363,3380,396,138,454,416,38,3,0,9/24/2020 13:54,Agree,Agree
2020/09/24,ID,39234,35764,3470,491,90,457,419,38,3,0,9/25/2020 13:54,Agree,Agree
2020/09/25,ID,39757,36232,3525,523,55,458,421,37,1,-1,9/26/2020 13:46,Agree,Agree
2020/01/22,UT,0,,,0,,0,,,0,,3/26/2020 16:22,Agree,Agree
2020/01/23,UT,0,,,0,,0,,,0,,3/26/2020 16:22,Agree,Agree
2020/01/24,UT,0,,,0,,0,,,0,,3/26/2020 16:22,Agree,Agree
2020/01/25,UT,0,,,0,,0,,,0,,3/26/2020 16:22,Agree,Agree
2020/01/26,UT,0,,,0,,0,,,0,,3/26/2020 16:22,Agree,Agree
2020/01/27,UT,0,,,0,,0,,,0,,3/26/2020 16:22,Agree,Agree
2020/01/28,UT,0,,,0,,0,,,0,,3/26/2020 16:22,Agree,Agree
2020/01/29,UT,0,,,0,,0,,,0,,3/26/2020 16:22,Agree,Agree
2020/01/30,UT,0,,,0,,0,,,0,,3/26/2020 16:22,Agree,Agree
2020/01/31,UT,0,,,0,,0,,,0,,3/26/2020 16:22,Agree,Agree
2020/02/01,UT,0,,,0,,0,,,0,,3/26/2020 16:22,Agree,Agree
2020/02/02,UT,0,,,0,,0,,,0,,3/26/2020 16:22,Agree,Agree
2020/02/03,UT,0,,,0,,0,,,0,,3/26/2020 16:22,Agree,Agree
2020/02/04,UT,0,,,0,,0,,,0,,3/26/2020 16:22,Agree,Agree
2020/02/05,UT,0,,,0,,0,,,0,,3/26/2020 16:22,Agree,Agree
2020/02/06,UT,0,,,0,,0,,,0,,3/26/2020 16:22,Agree,Agree
2020/02/07,UT,0,,,0,,0,,,0,,3/26/2020 16:22,Agree,Agree
2020/02/08,UT,0,,,0,,0,,,0,,3/26/2020 16:22,Agree,Agree
2020/02/09,UT,0,,,0,,0,,,0,,3/26/2020 16:22,Agree,Agree
2020/02/10,UT,0,,,0,,0,,,0,,3/26/2020 16:22,Agree,Agree
2020/02/11,UT,0,,,0,,0,,,0,,3/26/2020 16:22,Agree,Agree
2020/02/12,UT,0,,,0,,0,,,0,,3/26/2020 16:22,Agree,Agree
2020/02/13,UT,0,,,0,,0,,,0,,3/26/2020 16:22,Agree,Agree
2020/02/14,UT,0,,,0,,0,,,0,,3/26/2020 16:22,Agree,Agree
2020/02/15,UT,0,,,0,,0,,,0,,3/26/2020 16:22,Agree,Agree
2020/02/16,UT,0,,,0,,0,,,0,,3/26/2020 16:22,Agree,Agree
2020/02/17,UT,0,,,0,,0,,,0,,3/26/2020 16:22,Agree,Agree
2020/02/18,UT,0,,,0,,0,,,0,,3/26/2020 16:22,Agree,Agree
2020/02/19,UT,0,,,0,,0,,,0,,3/26/2020 16:22,Agree,Agree
2020/02/20,UT,0,,,0,,0,,,0,,3/26/2020 16:22,Agree,Agree
2020/02/21,UT,0,,,0,,0,,,0,,3/26/2020 16:22,Agree,Agree
2020/02/22,UT,0,,,0,,0,,,0,,3/26/2020 16:22,Agree,Agree
2020/02/23,UT,0,,,0,,0,,,0,,3/26/2020 16:22,Agree,Agree
2020/02/24,UT,0,,,0,,0,,,0,,3/26/2020 16:22,Agree,Agree
2020/02/25,UT,0,,,0,,0,,,0,,3/26/2020 16:22,Agree,Agree
2020/02/26,UT,0,,,0,,0,,,0,,3/26/2020 16:22,Agree,Agree
2020/02/27,UT,0,,,0,,0,,,0,,3/26/2020 16:22,Agree,Agree
2020/02/28,UT,0,,,0,,0,,,0,,3/26/2020 16:22,Agree,Agree
2020/02/29,UT,0,,,0,,0,,,0,,3/26/2020 16:22,Agree,Agree
2020/03/01,UT,0,,,0,,0,,,0,,3/26/2020 16:22,Agree,Agree
2020/03/02,UT,0,,,0,,0,,,0,,3/26/2020 16:22,Agree,Agree
2020/03/03,UT,0,,,0,,0,,,0,,3/26/2020 16:22,Agree,Agree
2020/03/04,UT,0,,,0,,0,,,0,,3/26/2020 16:22,Agree,Agree
2020/03/05,UT,0,,,0,,0,,,0,,3/26/2020 16:22,Agree,Agree
2020/03/06,UT,0,,,0,,0,,,0,,3/26/2020 16:22,Agree,Agree
2020/03/07,UT,0,,,0,,0,,,0,,3/26/2020 16:22,Agree,Agree
2020/03/08,UT,1,,,1,,0,,,0,,3/26/2020 16:22,Agree,Agree
2020/03/09,UT,1,,,0,,0,,,0,,3/26/2020 16:22,Agree,Agree
2020/03/10,UT,2,,,1,,0,,,0,,3/26/2020 16:22,Agree,Agree
2020/03/11,UT,3,,,1,,0,,,0,,3/26/2020 16:22,Agree,Agree
2020/03/12,UT,4,,,1,,0,,,0,,3/26/2020 16:22,Agree,Agree
2020/03/13,UT,6,,,2,,0,,,0,,3/26/2020 16:22,Agree,Agree
2020/03/14,UT,6,,,0,,0,,,0,,3/26/2020 16:22,Agree,Agree
2020/03/15,UT,21,,,15,,0,,,0,,3/26/2020 16:22,Agree,Agree
2020/03/16,UT,29,,,8,,0,,,0,,3/26/2020 16:22,Agree,Agree
2020/03/17,UT,29,,,0,,0,,,0,,3/26/2020 16:22,Agree,Agree
2020/03/18,UT,40,,,11,,0,,,0,,3/26/2020 16:22,Agree,Agree
2020/03/19,UT,68,,,28,,0,,,0,,3/26/2020 16:22,Agree,Agree
2020/03/20,UT,102,,,34,,0,,,0,,3/26/2020 16:22,Agree,Agree
2020/03/21,UT,125,,,23,,0,,,0,,3/26/2020 16:22,Agree,Agree
2020/03/22,UT,169,,,44,,1,,,1,,3/26/2020 16:22,Agree,Agree
2020/03/23,UT,280,,,111,,1,,,0,,3/26/2020 16:22,Agree,Agree
2020/03/24,UT,298,,,18,,1,,,0,,3/26/2020 16:22,Agree,Agree
2020/03/25,UT,346,,,48,,1,,,0,,3/26/2020 16:22,Agree,Agree
2020/03/26,UT,402,,,56,,2,,,1,,3/26/2020 16:22,Agree,Agree
2020/03/27,UT,466,,,64,,2,,,0,,3/26/2020 16:22,Agree,Agree
2020/03/28,UT,588,,,122,,2,,,0,,3/28/2020 16:22,Agree,Agree
2020/03/29,UT,789,,,201,,3,,,1,,3/28/2020 16:22,Agree,Agree
2020/03/30,UT,806,,,17,,5,,,2,,3/29/2020 16:22,Agree,Agree
2020/03/31,UT,934,,,128,,5,,,0,,3/30/2020 16:22,Agree,Agree
2020/04/01,UT,1012,,,78,,7,,,2,,3/31/2020 16:22,Agree,Agree
2020/04/02,UT,1165,,,153,,7,,,0,,4/1/2020 16:22,Agree,Agree
2020/04/03,UT,1246,,,81,,7,,,0,,4/3/2020 16:22,Agree,Agree
2020/04/04,UT,1428,,,182,,8,,,1,,4/3/2020 16:22,Agree,Agree
2020/04/05,UT,1605,,,177,,8,,,0,,4/4/2020 16:22,Agree,Agree
2020/04/06,UT,1716,,,111,,13,,,5,,4/5/2020 16:22,Agree,Agree
2020/04/07,UT,1804,,,88,,13,,,0,,4/7/2020 16:22,Agree,Agree
2020/04/08,UT,1916,,,112,,13,,,0,,4/7/2020 16:22,Agree,Agree
2020/04/09,UT,2061,,,145,,15,,,2,,4/8/2020 16:22,Agree,Agree
2020/04/10,UT,2102,,,41,,17,,,2,,4/9/2020 16:22,Agree,Agree
2020/04/11,UT,2206,,,104,,18,,,1,,4/10/2020 16:22,Agree,Agree
2020/04/12,UT,2338,,,132,,18,,,0,,4/11/2020 16:22,Agree,Agree
2020/04/13,UT,2392,,,54,,18,,,0,,4/12/2020 16:22,Agree,Agree
2020/04/14,UT,2453,,,61,,20,,,2,,4/13/2020 16:22,Agree,Agree
2020/04/15,UT,2637,,,184,,21,,,1,,4/15/2020 16:22,Agree,Agree
2020/04/16,UT,2760,,,123,,22,,,1,,4/16/2020 16:22,Agree,Agree
2020/04/17,UT,2805,,,45,,23,,,1,,4/17/2020 16:22,Agree,Agree
2020/04/18,UT,2946,,,141,,25,,,2,,4/18/2020 16:22,Agree,Agree
2020/04/19,UT,3151,3151,0,205,0,28,28,0,3,0,4/19/2020 16:22,Agree,Agree
2020/04/20,UT,3259,3259,0,108,0,32,,,4,,4/20/2020 16:22,Agree,Agree
2020/04/21,UT,3369,3369,0,110,0,34,34,0,2,0,4/21/2020 16:22,Agree,Agree
2020/04/22,UT,3540,3540,0,171,0,35,35,0,1,0,4/22/2020 16:22,Agree,Agree
2020/04/23,UT,3722,3722,0,182,0,38,38,0,3,0,5/25/2020 15:38,Agree,Agree
2020/04/24,UT,3782,3782,0,60,0,39,39,0,1,0,5/25/2020 15:38,Agree,Agree
2020/04/25,UT,3948,3948,0,166,0,41,41,0,2,0,5/25/2020 15:38,Agree,Agree
2020/04/26,UT,4214,4214,0,266,0,41,41,0,0,0,5/25/2020 15:38,Agree,Agree
2020/04/27,UT,4307,4307,0,93,0,44,44,0,3,0,5/25/2020 15:38,Agree,Agree
2020/04/28,UT,4423,4423,0,116,0,45,45,0,1,0,4/29/2020 18:12,Agree,Agree
2020/04/29,UT,4605,4605,0,182,0,46,46,0,1,0,4/30/2020 16:07,Agree,Agree
2020/04/30,UT,4753,4753,0,148,0,46,46,0,0,0,5/1/2020 21:00,Agree,Agree
2020/05/01,UT,4828,4828,0,75,0,46,46,0,0,0,5/2/2020 15:47,Agree,Agree
2020/05/02,UT,4981,4981,0,153,0,49,49,0,3,0,5/3/2020 15:36,Agree,Agree
2020/05/03,UT,5261,5261,0,280,0,50,50,0,1,0,5/4/2020 22:49,Agree,Agree
2020/05/04,UT,5406,5406,0,145,0,56,56,0,6,0,5/5/2020 17:25,Agree,Agree
2020/05/05,UT,5530,5530,0,124,0,58,58,0,2,0,5/6/2020 16:23,Agree,Agree
2020/05/06,UT,5595,5595,0,65,0,58,58,0,0,0,5/7/2020 22:59,Agree,Agree
2020/05/07,UT,5794,5794,0,199,0,61,61,0,3,0,5/8/2020 21:26,Agree,Agree
2020/05/08,UT,6041,6041,0,247,0,66,66,0,5,0,5/9/2020 21:26,Agree,Agree
2020/05/09,UT,6234,6234,0,193,0,67,67,0,1,0,5/10/2020 21:26,Agree,Agree
2020/05/10,UT,6317,6317,0,83,0,67,67,0,0,0,5/11/2020 21:26,Agree,Agree
2020/05/11,UT,6395,6395,0,78,0,72,72,0,5,0,5/12/2020 17:26,Agree,Agree
2020/05/12,UT,6548,6548,0,153,0,75,75,0,3,0,5/13/2020 15:26,Agree,Agree
2020/05/13,UT,6675,6675,0,127,0,75,75,0,0,0,5/14/2020 17:25,Agree,Agree
2020/05/14,UT,6837,6837,0,162,0,77,77,0,2,0,5/15/2020 16:11,Agree,Agree
2020/05/15,UT,7012,7012,0,175,0,78,78,0,1,0,5/16/2020 15:46,Agree,Agree
2020/05/16,UT,7166,7166,0,154,0,79,79,0,1,0,5/17/2020 15:27,Agree,Agree
2020/05/17,UT,7305,7305,0,139,0,80,80,0,1,0,5/18/2020 16:01,Agree,Agree
2020/05/18,UT,7459,7459,0,154,0,85,85,0,5,0,5/19/2020 15:45,Agree,Agree
2020/05/19,UT,7595,7595,0,136,0,91,91,0,6,0,5/20/2020 15:28,Agree,Agree
2020/05/20,UT,7808,7808,0,213,0,92,92,0,1,0,5/21/2020 15:41,Agree,Agree
2020/05/21,UT,7981,7981,0,173,0,94,94,0,2,0,5/22/2020 15:31,Agree,Agree
2020/05/22,UT,8179,8179,0,198,0,96,96,0,2,0,5/23/2020 17:58,Agree,Agree
2020/05/23,UT,8331,8331,0,152,0,97,97,0,1,0,5/24/2020 14:15,Agree,Agree
2020/05/24,UT,8500,8500,0,169,0,98,98,0,1,0,5/25/2020 14:12,Agree,Agree
2020/05/25,UT,8584,8584,0,84,0,101,101,0,3,0,5/26/2020 14:23,Agree,Agree
2020/05/26,UT,8658,8658,0,74,0,103,103,0,2,0,5/27/2020 15:37,Agree,Agree
2020/05/27,UT,8815,8815,0,157,0,106,106,0,3,0,5/28/2020 15:12,Agree,Agree
2020/05/28,UT,9137,9137,0,322,0,107,107,0,1,0,5/29/2020 14:19,Agree,Agree
2020/05/29,UT,9429,9429,0,292,0,110,110,0,3,0,5/30/2020 15:47,Agree,Agree
2020/05/30,UT,9688,9688,0,259,0,112,112,0,2,0,5/31/2020 14:43,Agree,Agree
2020/05/31,UT,9944,9944,0,256,0,113,113,0,1,0,6/1/2020 14:17,Agree,Agree
2020/06/01,UT,10101,10101,0,157,0,114,114,0,1,0,6/2/2020 14:16,Agree,Agree
2020/06/02,UT,10353,10353,0,252,0,113,113,0,-1,0,6/3/2020 14:11,Agree,Agree
2020/06/03,UT,10737,10737,0,384,0,117,117,0,4,0,6/4/2020 15:03,Agree,Agree
2020/06/04,UT,11015,11015,0,278,0,119,119,0,2,0,6/5/2020 15:17,Agree,Agree
2020/06/05,UT,11252,11252,0,237,0,120,120,0,1,0,6/6/2020 14:31,Agree,Agree
2020/06/06,UT,11939,11939,0,687,0,121,121,0,1,0,6/7/2020 14:23,Agree,Agree
2020/06/07,UT,12117,12117,0,178,0,121,121,0,0,0,6/8/2020 14:55,Agree,Agree
2020/06/08,UT,12429,12429,0,312,0,126,126,0,5,0,6/9/2020 16:49,Agree,Agree
2020/06/09,UT,12704,12704,0,275,0,128,128,0,2,0,6/10/2020 20:56,Agree,Agree
2020/06/10,UT,13048,13048,0,344,0,131,131,0,3,0,6/11/2020 14:48,Agree,Agree
2020/06/11,UT,13429,13429,0,381,0,134,134,0,3,0,6/12/2020 14:17,Agree,Agree
2020/06/12,UT,13789,13789,0,360,0,139,139,0,5,0,6/13/2020 17:46,Agree,Agree
2020/06/13,UT,14184,14184,0,395,0,139,139,0,0,0,6/14/2020 14:19,Agree,Agree
2020/06/14,UT,14469,14469,0,285,0,139,139,0,0,0,6/15/2020 14:33,Agree,Agree
2020/06/15,UT,14826,14826,0,357,0,144,144,0,5,0,6/16/2020 14:10,Agree,Agree
2020/06/16,UT,15141,15141,0,315,0,146,146,0,2,0,6/17/2020 15:06,Agree,Agree
2020/06/17,UT,15539,15539,0,398,0,149,149,0,3,0,6/18/2020 17:16,Agree,Agree
2020/06/18,UT,16199,16199,0,660,0,155,155,0,6,0,6/19/2020 15:01,Agree,Agree
2020/06/19,UT,16826,16826,0,627,0,156,156,0,1,0,6/20/2020 14:15,Agree,Agree
2020/06/20,UT,17400,17400,0,574,0,155,155,0,-1,0,6/21/2020 14:32,Agree,Agree
2020/06/21,UT,17825,17825,0,425,0,158,158,0,3,0,6/22/2020 15:24,Agree,Agree
2020/06/22,UT,18135,18135,0,310,0,160,160,0,2,0,6/23/2020 14:28,Agree,Agree
2020/06/23,UT,18660,18660,0,525,0,163,163,0,3,0,6/24/2020 15:03,Agree,Agree
2020/06/24,UT,19185,19185,0,525,0,165,165,0,2,0,6/25/2020 14:07,Agree,Agree
2020/06/25,UT,19816,19816,0,631,0,168,168,0,3,0,6/26/2020 19:18,Agree,Agree
2020/06/26,UT,20481,20481,0,665,0,168,168,0,0,0,6/27/2020 17:51,Agree,Agree
2020/06/27,UT,20986,20986,0,505,0,170,170,0,2,0,6/28/2020 14:59,Agree,Agree
2020/06/28,UT,21450,21450,0,464,0,168,168,0,-2,0,6/29/2020 14:37,Agree,Agree
2020/06/29,UT,22263,22060,203,813,203,171,171,0,3,0,6/30/2020 15:27,Agree,Agree
2020/06/30,UT,22746,22534,212,483,9,173,173,0,2,0,7/1/2020 15:45,Agree,Agree
2020/07/01,UT,23386,23175,211,640,-1,175,175,0,2,0,7/2/2020 15:10,Agree,Agree
2020/07/02,UT,23921,23705,216,535,5,183,183,0,8,0,7/3/2020 15:01,Agree,Agree
2020/07/03,UT,24571,24347,224,650,8,182,182,0,-1,0,7/4/2020 15:30,Agree,Agree
2020/07/04,UT,25002,24779,223,431,-1,181,181,0,-1,0,7/5/2020 15:00,Agree,Agree
2020/07/05,UT,25500,25276,224,498,1,185,185,0,4,0,7/6/2020 15:16,Agree,Agree
2020/07/06,UT,26004,25776,228,504,4,190,190,0,5,0,7/7/2020 14:58,Agree,Agree
2020/07/07,UT,26706,26470,236,702,8,199,199,0,9,0,7/8/2020 14:12,Agree,Agree
2020/07/08,UT,27480,27248,232,774,-4,201,201,0,2,0,7/9/2020 15:14,Agree,Agree
2020/07/09,UT,28054,27818,236,574,4,209,209,0,8,0,7/10/2020 15:35,Agree,Agree
2020/07/10,UT,28963,28723,240,909,4,213,213,0,4,0,7/11/2020 18:25,Agree,Agree
2020/07/11,UT,29605,29363,242,642,2,215,215,0,2,0,7/12/2020 15:13,Agree,Agree
2020/07/12,UT,30177,29933,244,572,2,216,216,0,1,0,7/13/2020 15:19,Agree,Agree
2020/07/13,UT,30722,30475,247,545,3,220,220,0,4,0,7/14/2020 15:13,Agree,Agree
2020/07/14,UT,31196,30930,266,474,19,226,226,0,6,0,7/15/2020 15:05,Agree,Agree
2020/07/15,UT,31664,31395,269,468,3,234,234,0,8,0,7/16/2020 14:22,Agree,Agree
2020/07/16,UT,32587,32312,275,923,6,235,235,0,1,0,7/17/2020 14:31,Agree,Agree
2020/07/17,UT,33392,33113,279,805,4,243,243,0,8,0,7/18/2020 16:14,Agree,Agree
2020/07/18,UT,34045,33764,281,653,2,243,243,0,0,0,7/19/2020 15:05,Agree,Agree
2020/07/19,UT,34682,34403,279,637,-2,243,243,0,0,0,7/20/2020 14:35,Agree,Agree
2020/07/20,UT,35084,34797,287,402,8,249,249,0,6,0,7/21/2020 14:50,Agree,Agree
2020/07/21,UT,35648,35358,290,564,3,258,258,0,9,0,7/22/2020 14:51,Agree,Agree
2020/07/22,UT,36254,35967,287,606,-3,263,263,0,5,0,7/23/2020 14:48,Agree,Agree
2020/07/23,UT,36889,36598,291,635,4,267,267,0,4,0,7/24/2020 14:18,Agree,Agree
2020/07/24,UT,37681,37388,293,792,2,274,274,0,7,0,7/25/2020 17:40,Agree,Agree
2020/07/25,UT,38064,37770,294,383,1,273,273,0,-1,0,7/26/2020 15:17,Agree,Agree
2020/07/26,UT,38502,38201,301,438,7,275,275,0,2,0,7/27/2020 14:16,Agree,Agree
2020/07/27,UT,38915,38606,309,413,8,283,283,0,8,0,7/28/2020 14:21,Agree,Agree
2020/07/28,UT,39337,39015,322,422,13,292,292,0,9,0,7/29/2020 14:34,Agree,Agree
2020/07/29,UT,39942,39609,333,605,11,293,293,0,1,0,7/30/2020 14:42,Agree,Agree
2020/07/30,UT,40258,39921,337,316,4,303,303,0,10,0,7/31/2020 14:35,Agree,Agree
2020/07/31,UT,40797,40458,339,539,2,307,307,0,4,0,8/1/2020 14:38,Agree,Agree
2020/08/01,UT,41380,41037,343,583,4,311,311,0,4,0,8/2/2020 14:54,Agree,Agree
2020/08/02,UT,41759,41418,341,379,-2,311,311,0,0,0,8/3/2020 14:31,Agree,Agree
2020/08/03,UT,42153,41802,351,394,10,319,319,0,8,0,8/4/2020 14:09,Agree,Agree
2020/08/04,UT,42544,42190,354,391,3,324,324,0,5,0,8/5/2020 14:13,Agree,Agree
2020/08/05,UT,43096,42740,356,552,2,328,328,0,4,0,8/6/2020 14:12,Agree,Agree
2020/08/06,UT,43606,43245,361,510,5,331,331,0,3,0,8/7/2020 23:57,Agree,Agree
2020/08/07,UT,44067,43701,366,461,5,336,336,0,5,0,8/8/2020 14:58,Agree,Agree
2020/08/08,UT,44090,43723,367,23,1,336,336,0,0,0,8/9/2020 14:03,Agree,Agree
2020/08/09,UT,44714,44348,366,624,-1,337,337,0,1,0,8/10/2020 14:23,Agree,Agree
2020/08/10,UT,45006,44642,364,292,-2,347,347,0,10,0,8/11/2020 14:16,Agree,Agree
2020/08/11,UT,45399,45029,370,393,6,350,350,0,3,0,8/12/2020 13:50,Agree,Agree
2020/08/12,UT,45722,45352,370,323,0,353,353,0,3,0,8/13/2020 14:12,Agree,Agree
2020/08/13,UT,46155,45787,368,433,-2,357,357,0,4,0,8/14/2020 14:30,Agree,Agree
2020/08/14,UT,46628,46253,375,473,7,361,361,0,4,0,8/15/2020 14:02,Agree,Agree
2020/08/15,UT,46942,46560,382,314,7,362,362,0,1,0,8/16/2020 14:57,Agree,Agree
2020/08/16,UT,47248,46862,386,306,4,363,363,0,1,0,8/17/2020 14:26,Agree,Agree
2020/08/17,UT,47487,47091,396,239,10,365,365,0,2,0,8/18/2020 14:26,Agree,Agree
2020/08/18,UT,47785,47384,401,298,5,371,371,0,6,0,8/19/2020 14:23,Agree,Agree
2020/08/19,UT,48260,47853,407,475,6,377,377,0,6,0,8/20/2020 15:11,Agree,Agree
2020/08/20,UT,48761,48350,411,501,4,382,382,0,5,0,8/21/2020 14:27,Agree,Agree
2020/08/21,UT,49088,48677,411,327,0,383,383,0,1,0,8/22/2020 14:21,Agree,Agree
2020/08/22,UT,49416,49002,414,328,3,385,385,0,2,0,8/23/2020 14:15,Agree,Agree
2020/08/23,UT,49728,49315,413,312,-1,385,385,0,0,0,8/24/2020 13:54,Agree,Agree
2020/08/24,UT,50053,49636,417,325,4,393,393,0,8,0,8/25/2020 14:02,Agree,Agree
2020/08/25,UT,50513,50090,423,460,6,400,400,0,7,0,8/26/2020 13:51,Agree,Agree
2020/08/26,UT,50870,50434,436,357,13,402,402,0,2,0,8/27/2020 13:42,Agree,Agree
2020/08/27,UT,51167,50729,438,297,2,403,403,0,1,0,8/28/2020 13:43,Agree,Agree
2020/08/28,UT,51704,51258,446,537,8,406,406,0,3,0,8/29/2020 13:42,Agree,Agree
2020/08/29,UT,52145,51699,446,441,0,406,406,0,0,0,8/30/2020 14:49,Agree,Agree
2020/08/30,UT,52508,52063,445,363,-1,406,406,0,0,0,8/31/2020 14:05,Agree,Agree
2020/08/31,UT,52792,52344,448,284,3,408,408,0,2,0,9/1/2020 14:09,Agree,Agree
2020/09/01,UT,53150,52697,453,358,5,408,408,0,0,0,9/2/2020 13:49,Agree,Agree
2020/09/02,UT,53603,53143,460,453,7,415,415,0,7,0,9/3/2020 14:18,Agree,Agree
2020/09/03,UT,54061,53597,464,458,4,416,416,0,1,0,9/4/2020 13:36,Agree,Agree
2020/09/04,UT,54646,54180,466,585,2,420,420,0,4,0,9/5/2020 14:09,Agree,Agree
2020/09/05,UT,55006,54540,466,360,0,420,420,0,0,0,9/6/2020 14:09,Agree,Agree
2020/09/06,UT,55347,54878,469,341,3,421,421,0,1,0,9/7/2020 13:37,Agree,Agree
2020/09/07,UT,55743,55273,470,396,1,423,423,0,2,0,9/8/2020 14:47,Agree,Agree
2020/09/08,UT,56018,55536,482,275,12,427,427,0,4,0,9/9/2020 13:47,Agree,Agree
2020/09/09,UT,56401,55924,477,383,-5,426,426,0,-1,0,9/10/2020 14:02,Agree,Agree
2020/09/10,UT,56902,56424,478,501,1,431,431,0,5,0,9/11/2020 13:51,Agree,Agree
2020/09/11,UT,57511,57034,477,609,-1,433,433,0,2,0,9/12/2020 14:12,Agree,Agree
2020/09/12,UT,58203,57719,484,692,7,432,432,0,-1,0,9/13/2020 16:17,Agree,Agree
2020/09/13,UT,58745,58257,488,542,4,434,433,1,2,1,9/14/2020 14:01,Agree,Agree
2020/09/14,UT,59283,58796,487,538,-1,436,435,1,2,0,9/15/2020 14:03,Agree,Agree
2020/09/15,UT,60005,59511,494,722,7,438,437,1,2,0,9/16/2020 13:53,Agree,Agree
2020/09/16,UT,60769,60272,497,764,3,437,436,1,-1,0,9/17/2020 13:45,Agree,Agree
2020/09/17,UT,61631,61134,497,862,0,437,436,1,0,0,9/18/2020 13:48,Agree,Agree
2020/09/18,UT,62467,62467,497,836,0,437,437,0,0,-1,9/19/2020 14:00,Agree,Agree
2020/09/19,UT,63538,63538,497,1071,0,439,439,0,2,0,9/20/2020 13:53,Agree,Agree
2020/09/20,UT,64355,64355,0,817,-497,440,439,1,1,1,9/21/2020 13:47,Agree,Agree
2020/09/21,UT,64394,64394,0,39,0,440,439,1,0,0,9/22/2020 13:51,Agree,Agree
2020/09/22,UT,65044,65044,0,650,0,443,443,0,3,-1,9/23/2020 13:51,Agree,Agree
2020/09/23,UT,66497,66497,0,1453,0,442,441,1,-1,1,9/24/2020 13:54,Agree,Agree
2020/09/24,UT,67119,67119,0,622,0,444,444,0,2,-1,9/25/2020 13:54,Agree,Agree
2020/09/25,UT,68530,68530,0,1411,0,448,447,1,4,1,9/26/2020 13:46,Agree,Agree
2020/01/22,AR,0,,,0,,0,,,0,,3/26/2020 16:22,Not agree,Not agree
2020/01/23,AR,0,,,0,,0,,,0,,3/26/2020 16:22,Not agree,Not agree
2020/01/24,AR,0,,,0,,0,,,0,,3/26/2020 16:22,Not agree,Not agree
2020/01/25,AR,0,,,0,,0,,,0,,3/26/2020 16:22,Not agree,Not agree
2020/01/26,AR,0,,,0,,0,,,0,,3/26/2020 16:22,Not agree,Not agree
2020/01/27,AR,0,,,0,,0,,,0,,3/26/2020 16:22,Not agree,Not agree
2020/01/28,AR,0,,,0,,0,,,0,,3/26/2020 16:22,Not agree,Not agree
2020/01/29,AR,0,,,0,,0,,,0,,3/26/2020 16:22,Not agree,Not agree
2020/01/30,AR,0,,,0,,0,,,0,,3/26/2020 16:22,Not agree,Not agree
2020/01/31,AR,0,,,0,,0,,,0,,3/26/2020 16:22,Not agree,Not agree
2020/02/01,AR,0,,,0,,0,,,0,,3/26/2020 16:22,Not agree,Not agree
2020/02/02,AR,0,,,0,,0,,,0,,3/26/2020 16:22,Not agree,Not agree
2020/02/03,AR,0,,,0,,0,,,0,,3/26/2020 16:22,Not agree,Not agree
2020/02/04,AR,0,,,0,,0,,,0,,3/26/2020 16:22,Not agree,Not agree
2020/02/05,AR,0,,,0,,0,,,0,,3/26/2020 16:22,Not agree,Not agree
2020/02/06,AR,0,,,0,,0,,,0,,3/26/2020 16:22,Not agree,Not agree
2020/02/07,AR,0,,,0,,0,,,0,,3/26/2020 16:22,Not agree,Not agree
2020/02/08,AR,0,,,0,,0,,,0,,3/26/2020 16:22,Not agree,Not agree
2020/02/09,AR,0,,,0,,0,,,0,,3/26/2020 16:22,Not agree,Not agree
2020/02/10,AR,0,,,0,,0,,,0,,3/26/2020 16:22,Not agree,Not agree
2020/02/11,AR,0,,,0,,0,,,0,,3/26/2020 16:22,Not agree,Not agree
2020/02/12,AR,0,,,0,,0,,,0,,3/26/2020 16:22,Not agree,Not agree
2020/02/13,AR,0,,,0,,0,,,0,,3/26/2020 16:22,Not agree,Not agree
2020/02/14,AR,0,,,0,,0,,,0,,3/26/2020 16:22,Not agree,Not agree
2020/02/15,AR,0,,,0,,0,,,0,,3/26/2020 16:22,Not agree,Not agree
2020/02/16,AR,0,,,0,,0,,,0,,3/26/2020 16:22,Not agree,Not agree
2020/02/17,AR,0,,,0,,0,,,0,,3/26/2020 16:22,Not agree,Not agree
2020/02/18,AR,0,,,0,,0,,,0,,3/26/2020 16:22,Not agree,Not agree
2020/02/19,AR,0,,,0,,0,,,0,,3/26/2020 16:22,Not agree,Not agree
2020/02/20,AR,0,,,0,,0,,,0,,3/26/2020 16:22,Not agree,Not agree
2020/02/21,AR,0,,,0,,0,,,0,,3/26/2020 16:22,Not agree,Not agree
2020/02/22,AR,0,,,0,,0,,,0,,3/26/2020 16:22,Not agree,Not agree
2020/02/23,AR,0,,,0,,0,,,0,,3/26/2020 16:22,Not agree,Not agree
2020/02/24,AR,0,,,0,,0,,,0,,3/26/2020 16:22,Not agree,Not agree
2020/02/25,AR,0,,,0,,0,,,0,,3/26/2020 16:22,Not agree,Not agree
2020/02/26,AR,0,,,0,,0,,,0,,3/26/2020 16:22,Not agree,Not agree
2020/02/27,AR,0,,,0,,0,,,0,,3/26/2020 16:22,Not agree,Not agree
2020/02/28,AR,0,,,0,,0,,,0,,3/26/2020 16:22,Not agree,Not agree
2020/02/29,AR,0,,,0,,0,,,0,,3/26/2020 16:22,Not agree,Not agree
2020/03/01,AR,0,,,0,,0,,,0,,3/26/2020 16:22,Not agree,Not agree
2020/03/02,AR,0,,,0,,0,,,0,,3/26/2020 16:22,Not agree,Not agree
2020/03/03,AR,0,,,0,,0,,,0,,3/26/2020 16:22,Not agree,Not agree
2020/03/04,AR,0,,,0,,0,,,0,,3/26/2020 16:22,Not agree,Not agree
2020/03/05,AR,0,,,0,,0,,,0,,3/26/2020 16:22,Not agree,Not agree
2020/03/06,AR,0,,,0,,0,,,0,,3/26/2020 16:22,Not agree,Not agree
2020/03/07,AR,0,,,0,,0,,,0,,3/26/2020 16:22,Not agree,Not agree
2020/03/08,AR,0,,,0,,0,,,0,,3/26/2020 16:22,Not agree,Not agree
2020/03/09,AR,0,,,0,,0,,,0,,3/26/2020 16:22,Not agree,Not agree
2020/03/10,AR,0,,,0,,0,,,0,,3/26/2020 16:22,Not agree,Not agree
2020/03/11,AR,1,,,1,,0,,,0,,3/26/2020 16:22,Not agree,Not agree
2020/03/12,AR,6,,,5,,0,,,0,,3/26/2020 16:22,Not agree,Not agree
2020/03/13,AR,9,,,3,,0,,,0,,3/26/2020 16:22,Not agree,Not agree
2020/03/14,AR,12,,,3,,0,,,0,,3/26/2020 16:22,Not agree,Not agree
2020/03/15,AR,16,,,4,,0,,,0,,3/26/2020 16:22,Not agree,Not agree
2020/03/16,AR,17,,,1,,0,,,0,,3/26/2020 16:22,Not agree,Not agree
2020/03/17,AR,24,,,7,,0,,,0,,3/26/2020 16:22,Not agree,Not agree
2020/03/18,AR,37,,,13,,0,,,0,,3/26/2020 16:22,Not agree,Not agree
2020/03/19,AR,64,,,27,,0,,,0,,3/26/2020 16:22,Not agree,Not agree
2020/03/20,AR,100,,,36,,0,,,0,,3/26/2020 16:22,Not agree,Not agree
2020/03/21,AR,118,,,18,,0,,,0,,3/26/2020 16:22,Not agree,Not agree
2020/03/22,AR,164,,,46,,0,,,0,,3/26/2020 16:22,Not agree,Not agree
2020/03/23,AR,197,,,33,,0,,,0,,3/26/2020 16:22,Not agree,Not agree
2020/03/24,AR,230,,,33,,2,,,2,,3/26/2020 16:22,Not agree,Not agree
2020/03/25,AR,306,,,76,,2,,,0,,3/26/2020 16:22,Not agree,Not agree
2020/03/26,AR,349,,,43,,3,,,1,,3/26/2020 16:22,Not agree,Not agree
2020/03/27,AR,386,,,37,,3,,,0,,3/26/2020 16:22,Not agree,Not agree
2020/03/28,AR,409,,,23,,5,,,2,,3/28/2020 16:22,Not agree,Not agree
2020/03/29,AR,443,,,34,,6,,,1,,3/28/2020 16:22,Not agree,Not agree
2020/03/30,AR,504,,,61,,7,,,1,,3/29/2020 16:22,Not agree,Not agree
2020/03/31,AR,560,,,56,,8,,,1,,3/30/2020 16:22,Not agree,Not agree
2020/04/01,AR,614,,,54,,10,,,2,,3/31/2020 16:22,Not agree,Not agree
2020/04/02,AR,679,,,65,,12,,,2,,4/1/2020 16:22,Not agree,Not agree
2020/04/03,AR,738,,,59,,12,,,0,,4/3/2020 16:22,Not agree,Not agree
2020/04/04,AR,743,,,5,,14,,,2,,4/3/2020 16:22,Not agree,Not agree
2020/04/05,AR,853,,,110,,16,,,2,,4/4/2020 16:22,Not agree,Not agree
2020/04/06,AR,915,,,62,,16,,,0,,4/5/2020 16:22,Not agree,Not agree
2020/04/07,AR,993,,,78,,18,,,2,,4/7/2020 16:22,Not agree,Not agree
2020/04/08,AR,1071,,,78,,18,,,0,,4/7/2020 16:22,Not agree,Not agree
2020/04/09,AR,1127,,,56,,21,,,3,,4/8/2020 16:22,Not agree,Not agree
2020/04/10,AR,1202,,,75,,24,,,3,,4/9/2020 16:22,Not agree,Not agree
2020/04/11,AR,1234,,,32,,27,,,3,,4/10/2020 16:22,Not agree,Not agree
2020/04/12,AR,1307,,,73,,29,,,2,,4/11/2020 16:22,Not agree,Not agree
2020/04/13,AR,1410,,,103,,30,,,1,,4/12/2020 16:22,Not agree,Not agree
2020/04/14,AR,1498,,,88,,32,,,2,,4/13/2020 16:22,Not agree,Not agree
2020/04/15,AR,1583,,,85,,33,,,1,,4/15/2020 16:22,Not agree,Not agree
2020/04/16,AR,1635,,,52,,37,,,4,,4/16/2020 16:22,Not agree,Not agree
2020/04/17,AR,1702,,,67,,40,,,3,,4/17/2020 16:22,Not agree,Not agree
2020/04/18,AR,1777,,,75,,41,,,1,,4/18/2020 16:22,Not agree,Not agree
2020/04/19,AR,1781,,,4,0,40,,,-1,0,4/19/2020 16:22,Not agree,Not agree
2020/04/20,AR,1964,,,183,0,42,,,2,0,4/20/2020 16:22,Not agree,Not agree
2020/04/21,AR,2262,,,298,0,43,,,1,0,4/21/2020 16:22,Not agree,Not agree
2020/04/22,AR,2281,,,19,0,42,,,-1,0,4/22/2020 16:22,Not agree,Not agree
2020/04/23,AR,2465,,,184,0,45,,,3,0,5/25/2020 15:38,Not agree,Not agree
2020/04/24,AR,2810,,,345,0,47,,,2,0,5/25/2020 15:38,Not agree,Not agree
2020/04/25,AR,2909,,,99,0,48,,,1,0,5/25/2020 15:38,Not agree,Not agree
2020/04/26,AR,2941,,,32,0,49,,,1,0,5/25/2020 15:38,Not agree,Not agree
2020/04/27,AR,3055,,,114,0,50,,,1,0,5/25/2020 15:38,Not agree,Not agree
2020/04/28,AR,3121,,,66,0,52,,,2,0,4/29/2020 18:12,Not agree,Not agree
2020/04/29,AR,3192,,,71,0,59,,,7,0,4/30/2020 16:07,Not agree,Not agree
2020/04/30,AR,3255,,,63,0,61,,,2,0,5/1/2020 21:00,Not agree,Not agree
2020/05/01,AR,3310,,,55,0,64,,,3,0,5/2/2020 15:47,Not agree,Not agree
2020/05/02,AR,3372,,,62,0,72,,,8,0,5/3/2020 15:36,Not agree,Not agree
2020/05/03,AR,3431,,,59,0,76,,,4,0,5/4/2020 22:49,Not agree,Not agree
2020/05/04,AR,3469,,,38,0,80,,,4,0,5/5/2020 17:25,Not agree,Not agree
2020/05/05,AR,3496,,,27,0,83,,,3,0,5/6/2020 16:23,Not agree,Not agree
2020/05/06,AR,3611,,,115,0,87,,,4,0,5/7/2020 22:59,Not agree,Not agree
2020/05/07,AR,3665,,,54,0,88,,,1,0,5/8/2020 21:26,Not agree,Not agree
2020/05/08,AR,3747,,,82,0,88,,,0,0,5/9/2020 21:26,Not agree,Not agree
2020/05/09,AR,3984,,,237,0,90,,,2,0,5/10/2020 21:26,Not agree,Not agree
2020/05/10,AR,3984,,,0,0,91,,,1,0,5/11/2020 21:26,Not agree,Not agree
2020/05/11,AR,4043,,,59,0,94,,,3,0,5/12/2020 17:26,Not agree,Not agree
2020/05/12,AR,4164,,,121,0,95,,,1,0,5/13/2020 15:26,Not agree,Not agree
2020/05/13,AR,4236,,,72,0,97,,,2,0,5/14/2020 17:25,Not agree,Not agree
2020/05/14,AR,4348,,,112,0,98,,,1,0,5/15/2020 16:11,Not agree,Not agree
2020/05/15,AR,4463,,,115,0,98,,,0,0,5/16/2020 15:46,Not agree,Not agree
2020/05/16,AR,4578,,,115,0,98,,,0,0,5/17/2020 15:27,Not agree,Not agree
2020/05/17,AR,4759,,,181,0,98,,,0,0,5/18/2020 16:01,Not agree,Not agree
2020/05/18,AR,4813,,,54,0,100,,,2,0,5/19/2020 15:45,Not agree,Not agree
2020/05/19,AR,4923,,,110,0,102,,,2,0,5/20/2020 15:28,Not agree,Not agree
2020/05/20,AR,5003,,,80,0,107,,,5,0,5/21/2020 15:41,Not agree,Not agree
2020/05/21,AR,5458,,,455,0,110,,,3,0,5/22/2020 15:31,Not agree,Not agree
2020/05/22,AR,5612,,,154,0,113,,,3,0,5/23/2020 17:58,Not agree,Not agree
2020/05/23,AR,5775,,,163,0,115,,,2,0,5/24/2020 14:15,Not agree,Not agree
2020/05/24,AR,5922,,,147,0,116,,,1,0,5/25/2020 14:12,Not agree,Not agree
2020/05/25,AR,6029,,,107,0,117,,,1,0,5/26/2020 14:23,Not agree,Not agree
2020/05/26,AR,6180,,,151,0,119,,,2,0,5/27/2020 15:37,Not agree,Not agree
2020/05/27,AR,6277,,,97,0,120,,,1,0,5/28/2020 15:12,Not agree,Not agree
2020/05/28,AR,6538,,,261,0,125,,,5,0,5/29/2020 14:19,Not agree,Not agree
2020/05/29,AR,6777,,,239,0,132,,,7,0,5/30/2020 15:47,Not agree,Not agree
2020/05/30,AR,7013,,,236,0,133,,,1,0,5/31/2020 14:43,Not agree,Not agree
2020/05/31,AR,7253,,,240,0,133,,,0,0,6/1/2020 14:17,Not agree,Not agree
2020/06/01,AR,7443,,,190,0,133,,,0,0,6/2/2020 14:16,Not agree,Not agree
2020/06/02,AR,7818,,,375,0,136,,,3,0,6/3/2020 14:11,Not agree,Not agree
2020/06/03,AR,8067,,,249,0,142,,,6,0,6/4/2020 15:03,Not agree,Not agree
2020/06/04,AR,8425,,,358,0,151,,,9,0,6/5/2020 15:17,Not agree,Not agree
2020/06/05,AR,8651,,,226,0,152,,,1,0,6/6/2020 14:31,Not agree,Not agree
2020/06/06,AR,9101,,,450,0,154,,,2,0,6/7/2020 14:23,Not agree,Not agree
2020/06/07,AR,9426,,,325,0,154,,,0,0,6/8/2020 14:55,Not agree,Not agree
2020/06/08,AR,9740,,,314,0,155,,,1,0,6/9/2020 16:49,Not agree,Not agree
2020/06/09,AR,10080,,,340,0,161,,,6,0,6/10/2020 20:56,Not agree,Not agree
2020/06/10,AR,10368,,,288,0,165,,,4,0,6/11/2020 14:48,Not agree,Not agree
2020/06/11,AR,10816,,,448,0,171,,,6,0,6/12/2020 14:17,Not agree,Not agree
2020/06/12,AR,11547,,,731,0,176,,,5,0,6/13/2020 17:46,Not agree,Not agree
2020/06/13,AR,12095,,,548,0,177,,,1,0,6/14/2020 14:19,Not agree,Not agree
2020/06/14,AR,12501,,,406,0,179,,,2,0,6/15/2020 14:33,Not agree,Not agree
2020/06/15,AR,12917,,,416,0,182,,,3,0,6/16/2020 14:10,Not agree,Not agree
2020/06/16,AR,13191,,,274,0,188,,,6,0,6/17/2020 15:06,Not agree,Not agree
2020/06/17,AR,13606,,,415,0,197,,,9,0,6/18/2020 17:16,Not agree,Not agree
2020/06/18,AR,13928,,,322,0,208,,,11,0,6/19/2020 15:01,Not agree,Not agree
2020/06/19,AR,14631,,,703,0,214,,,6,0,6/20/2020 14:15,Not agree,Not agree
2020/06/20,AR,15142,,,511,0,224,,,10,0,6/21/2020 14:32,Not agree,Not agree
2020/06/21,AR,15561,,,419,0,225,,,1,0,6/22/2020 15:24,Not agree,Not agree
2020/06/22,AR,16083,,,522,0,227,,,2,0,6/23/2020 14:28,Not agree,Not agree
2020/06/23,AR,16678,,,595,0,237,,,10,0,6/24/2020 15:03,Not agree,Not agree
2020/06/24,AR,17375,,,697,0,240,,,3,0,6/25/2020 14:07,Not agree,Not agree
2020/06/25,AR,18062,,,687,0,242,,,2,0,6/26/2020 19:18,Not agree,Not agree
2020/06/26,AR,18740,,,678,0,249,,,7,0,6/27/2020 17:51,Not agree,Not agree
2020/06/27,AR,19310,,,570,0,259,,,10,0,6/28/2020 14:59,Not agree,Not agree
2020/06/28,AR,19818,,,508,0,264,,,5,0,6/29/2020 14:37,Not agree,Not agree
2020/06/29,AR,20257,,,439,0,265,,,1,0,6/30/2020 15:27,Not agree,Not agree
2020/06/30,AR,20777,,,520,0,270,,,5,0,7/1/2020 15:45,Not agree,Not agree
2020/07/01,AR,21197,,,420,0,277,,,7,0,7/2/2020 15:10,Not agree,Not agree
2020/07/02,AR,22075,,,878,0,279,,,2,0,7/3/2020 15:01,Not agree,Not agree
2020/07/03,AR,22622,,,547,0,281,,,2,0,7/4/2020 15:30,Not agree,Not agree
2020/07/04,AR,23209,,,587,0,286,,,5,0,7/5/2020 15:00,Not agree,Not agree
2020/07/05,AR,23814,,,605,0,287,,,1,0,7/6/2020 15:16,Not agree,Not agree
2020/07/06,AR,24253,,,439,0,292,,,5,0,7/7/2020 14:58,Not agree,Not agree
2020/07/07,AR,24512,,,259,0,301,,,9,0,7/8/2020 14:12,Not agree,Not agree
2020/07/08,AR,25246,,,734,0,305,,,4,0,7/9/2020 15:14,Not agree,Not agree
2020/07/09,AR,26052,,,806,0,309,,,4,0,7/10/2020 15:35,Not agree,Not agree
2020/07/10,AR,26803,,,751,0,313,,,4,0,7/11/2020 18:25,Not agree,Not agree
2020/07/11,AR,27864,,,1061,0,319,,,6,0,7/12/2020 15:13,Not agree,Not agree
2020/07/12,AR,28367,,,503,0,321,,,2,0,7/13/2020 15:19,Not agree,Not agree
2020/07/13,AR,28939,,,572,0,323,,,2,0,7/14/2020 15:13,Not agree,Not agree
2020/07/14,AR,29733,,,794,0,331,,,8,0,7/15/2020 15:05,Not agree,Not agree
2020/07/15,AR,30297,,,564,0,335,,,4,0,7/16/2020 14:22,Not agree,Not agree
2020/07/16,AR,31114,,,817,0,341,,,6,0,7/17/2020 14:31,Not agree,Not agree
2020/07/17,AR,31762,,,648,0,353,,,12,0,7/18/2020 16:14,Not agree,Not agree
2020/07/18,AR,32533,,,771,0,357,,,4,0,7/19/2020 15:05,Not agree,Not agree
2020/07/19,AR,33228,,,695,0,357,,,0,0,7/20/2020 14:35,Not agree,Not agree
2020/07/20,AR,33927,,,699,0,363,,,6,0,7/21/2020 14:50,Not agree,Not agree
2020/07/21,AR,34665,,,738,0,374,,,11,0,7/22/2020 14:51,Not agree,Not agree
2020/07/22,AR,35246,,,581,0,380,,,6,0,7/23/2020 14:48,Not agree,Not agree
2020/07/23,AR,36259,,,1013,0,386,,,6,0,7/24/2020 14:18,Not agree,Not agree
2020/07/24,AR,37249,,,990,0,394,,,8,0,7/25/2020 17:40,Not agree,Not agree
2020/07/25,AR,37981,,,732,0,399,,,5,0,7/26/2020 15:17,Not agree,Not agree
2020/07/26,AR,38623,,,642,0,401,,,2,0,7/27/2020 14:16,Not agree,Not agree
2020/07/27,AR,39447,,,824,0,408,,,7,0,7/28/2020 14:21,Not agree,Not agree
2020/07/28,AR,40181,,,734,0,428,,,20,0,7/29/2020 14:34,Not agree,Not agree
2020/07/29,AR,40968,,,787,0,434,,,6,0,7/30/2020 14:42,Not agree,Not agree
2020/07/30,AR,41759,,,791,0,442,,,8,0,7/31/2020 14:35,Not agree,Not agree
2020/07/31,AR,42511,,,752,0,453,,,11,0,8/1/2020 14:38,Not agree,Not agree
2020/08/01,AR,43173,,,662,0,458,,,5,0,8/2/2020 14:54,Not agree,Not agree
2020/08/02,AR,43810,,,637,0,464,,,6,0,8/3/2020 14:31,Not agree,Not agree
2020/08/03,AR,44597,,,787,0,475,,,11,0,8/4/2020 14:09,Not agree,Not agree
2020/08/04,AR,45381,,,784,0,490,,,15,0,8/5/2020 14:13,Not agree,Not agree
2020/08/05,AR,46293,,,912,0,508,,,18,0,8/6/2020 14:12,Not agree,Not agree
2020/08/06,AR,47028,,,735,0,515,,,7,0,8/7/2020 23:57,Not agree,Not agree
2020/08/07,AR,48039,,,1011,0,521,,,6,0,8/8/2020 14:58,Not agree,Not agree
2020/08/08,AR,48811,,,772,0,535,,,14,0,8/9/2020 14:03,Not agree,Not agree
2020/08/09,AR,49383,,,572,0,544,,,9,0,8/10/2020 14:23,Not agree,Not agree
2020/08/10,AR,50028,,,645,0,555,,,11,0,8/11/2020 14:16,Not agree,Not agree
2020/08/11,AR,50411,,,383,0,566,,,11,0,8/12/2020 13:50,Not agree,Not agree
2020/08/12,AR,51114,,,703,0,573,,,7,0,8/13/2020 14:12,Not agree,Not agree
2020/08/13,AR,51766,,,652,0,582,,,9,0,8/14/2020 14:30,Not agree,Not agree
2020/08/14,AR,52392,,,626,0,587,,,5,0,8/15/2020 14:02,Not agree,Not agree
2020/08/15,AR,51992,,,-400,0,600,,,13,0,8/16/2020 14:57,Not agree,Not agree
2020/08/16,AR,52665,,,673,0,599,,,-1,0,8/17/2020 14:26,Not agree,Not agree
2020/08/17,AR,53077,,,412,0,603,,,4,0,8/18/2020 14:26,Not agree,Not agree
2020/08/18,AR,53487,,,410,0,619,,,16,0,8/19/2020 14:23,Not agree,Not agree
2020/08/19,AR,54216,,,729,0,631,,,12,0,8/20/2020 15:11,Not agree,Not agree
2020/08/20,AR,54765,,,549,0,641,,,10,0,8/21/2020 14:27,Not agree,Not agree
2020/08/21,AR,55652,,,887,0,663,,,22,0,8/22/2020 14:21,Not agree,Not agree
2020/08/22,AR,56199,,,547,0,674,,,11,0,8/23/2020 14:15,Not agree,Not agree
2020/08/23,AR,56574,,,375,0,687,,,13,0,8/24/2020 13:54,Not agree,Not agree
2020/08/24,AR,56894,,,320,0,696,,,9,0,8/25/2020 14:02,Not agree,Not agree
2020/08/25,AR,57374,,,480,0,711,,,15,0,8/26/2020 13:51,Not agree,Not agree
2020/08/26,AR,58023,,,649,0,732,,,21,0,8/27/2020 13:42,Not agree,Not agree
2020/08/27,AR,58745,,,722,0,739,,,7,0,8/28/2020 13:43,Not agree,Not agree
2020/08/28,AR,59583,,,838,0,756,,,17,0,8/29/2020 13:42,Not agree,Not agree
2020/08/29,AR,60378,,,795,0,772,,,16,0,8/30/2020 14:49,Not agree,Not agree
2020/08/30,AR,60856,,,478,0,784,,,12,0,8/31/2020 14:05,Not agree,Not agree
2020/08/31,AR,61224,,,368,0,797,,,13,0,9/1/2020 14:09,Not agree,Not agree
2020/09/01,AR,61497,,,273,0,814,,,17,0,9/2/2020 13:49,Not agree,Not agree
2020/09/02,AR,62112,,,615,0,841,,,27,0,9/3/2020 14:18,Not agree,Not agree
2020/09/03,AR,63504,,,1392,423,861,,,20,0,9/4/2020 13:36,Not agree,Not agree
2020/09/04,AR,64678,,,1174,80,873,,,12,0,9/5/2020 14:09,Not agree,Not agree
2020/09/05,AR,65226,,,548,33,882,,,9,0,9/6/2020 14:09,Not agree,Not agree
2020/09/06,AR,65932,,,706,19,894,,,12,0,9/7/2020 13:37,Not agree,Not agree
2020/09/07,AR,66280,,,348,-2,908,,,14,0,9/8/2020 14:47,Not agree,Not agree
2020/09/08,AR,66757,,,477,183,917,,,9,0,9/9/2020 13:47,Not agree,Not agree
2020/09/09,AR,67255,,,498,113,928,,,11,0,9/10/2020 14:02,Not agree,Not agree
2020/09/10,AR,67803,,,548,150,940,,,12,0,9/11/2020 13:51,Not agree,Not agree
2020/09/11,AR,68983,,,1180,73,953,,,13,0,9/12/2020 14:12,Not agree,Not agree
2020/09/12,AR,69710,,,727,96,964,,,11,0,9/13/2020 16:17,Not agree,Not agree
2020/09/13,AR,70219,,,509,1,976,,,12,0,9/14/2020 14:01,Not agree,Not agree
2020/09/14,AR,70627,,,408,9,986,,,10,0,9/15/2020 14:03,Not agree,Not agree
2020/09/15,AR,71357,,,730,54,1003,,,17,0,9/16/2020 13:53,Not agree,Not agree
2020/09/16,AR,72219,,,862,256,1157,,,154,147,9/17/2020 13:45,Not agree,Not agree
2020/09/17,AR,73211,,,992,109,1166,,,9,1,9/18/2020 13:48,Not agree,Not agree
2020/09/18,AR,74082,,,871,147,1173,,,7,0,9/19/2020 14:00,Not agree,Not agree
2020/09/19,AR,75160,,,1078,275,1181,,,8,0,9/20/2020 13:53,Not agree,Not agree
2020/09/20,AR,75723,,,563,14,1181,,,0,0,9/21/2020 13:47,Not agree,Not agree
2020/09/21,AR,76364,,,641,45,1196,,,15,0,9/22/2020 13:51,Not agree,Not agree
2020/09/22,AR,76981,,,617,131,1209,,,13,1,9/23/2020 13:51,Not agree,Not agree
2020/09/23,AR,77963,,,982,108,1229,,,20,0,9/24/2020 13:54,Not agree,Not agree
2020/09/24,AR,79049,,,1086,56,1246,,,17,0,9/25/2020 13:54,Not agree,Not agree
2020/09/25,AR,79946,,,897,101,1265,,,19,0,9/26/2020 13:46,Not agree,Not agree
2020/01/22,MO,0,,,0,,0,,,0,,3/26/2020 16:22,Not agree,Not agree
2020/01/23,MO,0,,,0,,0,,,0,,3/26/2020 16:22,Not agree,Not agree
2020/01/24,MO,0,,,0,,0,,,0,,3/26/2020 16:22,Not agree,Not agree
2020/01/25,MO,0,,,0,,0,,,0,,3/26/2020 16:22,Not agree,Not agree
2020/01/26,MO,0,,,0,,0,,,0,,3/26/2020 16:22,Not agree,Not agree
2020/01/27,MO,0,,,0,,0,,,0,,3/26/2020 16:22,Not agree,Not agree
2020/01/28,MO,0,,,0,,0,,,0,,3/26/2020 16:22,Not agree,Not agree
2020/01/29,MO,0,,,0,,0,,,0,,3/26/2020 16:22,Not agree,Not agree
2020/01/30,MO,0,,,0,,0,,,0,,3/26/2020 16:22,Not agree,Not agree
2020/01/31,MO,0,,,0,,0,,,0,,3/26/2020 16:22,Not agree,Not agree
2020/02/01,MO,0,,,0,,0,,,0,,3/26/2020 16:22,Not agree,Not agree
2020/02/02,MO,0,,,0,,0,,,0,,3/26/2020 16:22,Not agree,Not agree
2020/02/03,MO,0,,,0,,0,,,0,,3/26/2020 16:22,Not agree,Not agree
2020/02/04,MO,0,,,0,,0,,,0,,3/26/2020 16:22,Not agree,Not agree
2020/02/05,MO,0,,,0,,0,,,0,,3/26/2020 16:22,Not agree,Not agree
2020/02/06,MO,0,,,0,,0,,,0,,3/26/2020 16:22,Not agree,Not agree
2020/02/07,MO,0,,,0,,0,,,0,,3/26/2020 16:22,Not agree,Not agree
2020/02/08,MO,0,,,0,,0,,,0,,3/26/2020 16:22,Not agree,Not agree
2020/02/09,MO,0,,,0,,0,,,0,,3/26/2020 16:22,Not agree,Not agree
2020/02/10,MO,0,,,0,,0,,,0,,3/26/2020 16:22,Not agree,Not agree
2020/02/11,MO,0,,,0,,0,,,0,,3/26/2020 16:22,Not agree,Not agree
2020/02/12,MO,0,,,0,,0,,,0,,3/26/2020 16:22,Not agree,Not agree
2020/02/13,MO,0,,,0,,0,,,0,,3/26/2020 16:22,Not agree,Not agree
2020/02/14,MO,0,,,0,,0,,,0,,3/26/2020 16:22,Not agree,Not agree
2020/02/15,MO,0,,,0,,0,,,0,,3/26/2020 16:22,Not agree,Not agree
2020/02/16,MO,0,,,0,,0,,,0,,3/26/2020 16:22,Not agree,Not agree
2020/02/17,MO,0,,,0,,0,,,0,,3/26/2020 16:22,Not agree,Not agree
2020/02/18,MO,0,,,0,,0,,,0,,3/26/2020 16:22,Not agree,Not agree
2020/02/19,MO,0,,,0,,0,,,0,,3/26/2020 16:22,Not agree,Not agree
2020/02/20,MO,0,,,0,,0,,,0,,3/26/2020 16:22,Not agree,Not agree
2020/02/21,MO,0,,,0,,0,,,0,,3/26/2020 16:22,Not agree,Not agree
2020/02/22,MO,0,,,0,,0,,,0,,3/26/2020 16:22,Not agree,Not agree
2020/02/23,MO,0,,,0,,0,,,0,,3/26/2020 16:22,Not agree,Not agree
2020/02/24,MO,0,,,0,,0,,,0,,3/26/2020 16:22,Not agree,Not agree
2020/02/25,MO,0,,,0,,0,,,0,,3/26/2020 16:22,Not agree,Not agree
2020/02/26,MO,0,,,0,,0,,,0,,3/26/2020 16:22,Not agree,Not agree
2020/02/27,MO,0,,,0,,0,,,0,,3/26/2020 16:22,Not agree,Not agree
2020/02/28,MO,0,,,0,,0,,,0,,3/26/2020 16:22,Not agree,Not agree
2020/02/29,MO,0,,,0,,0,,,0,,3/26/2020 16:22,Not agree,Not agree
2020/03/01,MO,0,,,0,,0,,,0,,3/26/2020 16:22,Not agree,Not agree
2020/03/02,MO,0,,,0,,0,,,0,,3/26/2020 16:22,Not agree,Not agree
2020/03/03,MO,0,,,0,,0,,,0,,3/26/2020 16:22,Not agree,Not agree
2020/03/04,MO,0,,,0,,0,,,0,,3/26/2020 16:22,Not agree,Not agree
2020/03/05,MO,0,,,0,,0,,,0,,3/26/2020 16:22,Not agree,Not agree
2020/03/06,MO,0,,,0,,0,,,0,,3/26/2020 16:22,Not agree,Not agree
2020/03/07,MO,1,,,1,,0,,,0,,3/26/2020 16:22,Not agree,Not agree
2020/03/08,MO,1,,,0,,0,,,0,,3/26/2020 16:22,Not agree,Not agree
2020/03/09,MO,1,,,0,,0,,,0,,3/26/2020 16:22,Not agree,Not agree
2020/03/10,MO,1,,,0,,0,,,0,,3/26/2020 16:22,Not agree,Not agree
2020/03/11,MO,1,,,0,,0,,,0,,3/26/2020 16:22,Not agree,Not agree
2020/03/12,MO,1,,,0,,0,,,0,,3/26/2020 16:22,Not agree,Not agree
2020/03/13,MO,2,,,1,,0,,,0,,3/26/2020 16:22,Not agree,Not agree
2020/03/14,MO,2,,,0,,0,,,0,,3/26/2020 16:22,Not agree,Not agree
2020/03/15,MO,5,,,3,,0,,,0,,3/26/2020 16:22,Not agree,Not agree
2020/03/16,MO,8,,,3,,0,,,0,,3/26/2020 16:22,Not agree,Not agree
2020/03/17,MO,13,,,5,,0,,,0,,3/26/2020 16:22,Not agree,Not agree
2020/03/18,MO,24,,,11,,1,,,1,,3/26/2020 16:22,Not agree,Not agree
2020/03/19,MO,28,,,4,,1,,,0,,3/26/2020 16:22,Not agree,Not agree
2020/03/20,MO,73,,,45,,3,,,2,,3/26/2020 16:22,Not agree,Not agree
2020/03/21,MO,90,,,17,,3,,,0,,3/26/2020 16:22,Not agree,Not agree
2020/03/22,MO,106,,,16,,3,,,0,,3/26/2020 16:22,Not agree,Not agree
2020/03/23,MO,183,,,77,,3,,,0,,3/26/2020 16:22,Not agree,Not agree
2020/03/24,MO,255,,,72,,5,,,2,,3/26/2020 16:22,Not agree,Not agree
2020/03/25,MO,356,,,101,,8,,,3,,3/26/2020 16:22,Not agree,Not agree
2020/03/26,MO,502,,,146,,8,,,0,,3/26/2020 16:22,Not agree,Not agree
2020/03/27,MO,670,,,168,,9,,,1,,3/26/2020 16:22,Not agree,Not agree
2020/03/28,MO,838,,,168,,10,,,1,,3/28/2020 16:22,Not agree,Not agree
2020/03/29,MO,903,,,65,,12,,,2,,3/28/2020 16:22,Not agree,Not agree
2020/03/30,MO,1031,,,128,,13,,,1,,3/29/2020 16:22,Not agree,Not agree
2020/03/31,MO,1327,,,296,,14,,,1,,3/30/2020 16:22,Not agree,Not agree
2020/04/01,MO,1581,,,254,,18,,,4,,3/31/2020 16:22,Not agree,Not agree
2020/04/02,MO,1834,,,253,,19,,,1,,4/1/2020 16:22,Not agree,Not agree
2020/04/03,MO,2113,,,279,,19,,,0,,4/3/2020 16:22,Not agree,Not agree
2020/04/04,MO,2291,,,178,,24,,,5,,4/3/2020 16:22,Not agree,Not agree
2020/04/05,MO,2367,,,76,,34,,,10,,4/4/2020 16:22,Not agree,Not agree
2020/04/06,MO,2722,,,355,,39,,,5,,4/5/2020 16:22,Not agree,Not agree
2020/04/07,MO,3037,,,315,,53,,,14,,4/7/2020 16:22,Not agree,Not agree
2020/04/08,MO,3327,,,290,,58,,,5,,4/7/2020 16:22,Not agree,Not agree
2020/04/09,MO,3539,,,212,,77,,,19,,4/8/2020 16:22,Not agree,Not agree
2020/04/10,MO,3799,,,260,,96,,,19,,4/9/2020 16:22,Not agree,Not agree
2020/04/11,MO,4024,,,225,,109,,,13,,4/10/2020 16:22,Not agree,Not agree
2020/04/12,MO,4160,,,136,,110,,,1,,4/11/2020 16:22,Not agree,Not agree
2020/04/13,MO,4388,,,228,,114,,,4,,4/12/2020 16:22,Not agree,Not agree
2020/04/14,MO,4686,,,298,,133,,,19,,4/13/2020 16:22,Not agree,Not agree
2020/04/15,MO,4895,,,209,,147,,,14,,4/15/2020 16:22,Not agree,Not agree
2020/04/16,MO,5111,,,216,,152,,,5,,4/16/2020 16:22,Not agree,Not agree
2020/04/17,MO,5283,,,172,,165,,,13,,4/17/2020 16:22,Not agree,Not agree
2020/04/18,MO,5517,,,234,,175,,,10,,4/18/2020 16:22,Not agree,Not agree
2020/04/19,MO,5667,,,150,0,176,,,1,0,4/19/2020 16:22,Not agree,Not agree
2020/04/20,MO,5807,,,140,0,177,,,1,0,4/20/2020 16:22,Not agree,Not agree
2020/04/21,MO,5941,,,134,0,189,,,12,0,4/21/2020 16:22,Not agree,Not agree
2020/04/22,MO,6137,,,196,0,208,,,19,0,4/22/2020 16:22,Not agree,Not agree
2020/04/23,MO,6321,,,184,0,218,,,10,0,5/25/2020 15:38,Not agree,Not agree
2020/04/24,MO,6625,,,304,0,262,,,44,0,5/25/2020 15:38,Not agree,Not agree
2020/04/25,MO,6826,,,201,0,273,,,11,0,5/25/2020 15:38,Not agree,Not agree
2020/04/26,MO,6997,,,171,0,274,,,1,0,5/25/2020 15:38,Not agree,Not agree
2020/04/27,MO,7171,,,174,0,288,,,14,0,5/25/2020 15:38,Not agree,Not agree
2020/04/28,MO,7303,,,132,0,314,,,26,0,4/29/2020 18:12,Not agree,Not agree
2020/04/29,MO,7425,,,122,0,318,,,4,0,4/30/2020 16:07,Not agree,Not agree
2020/04/30,MO,7562,,,137,0,329,,,11,0,5/1/2020 21:00,Not agree,Not agree
2020/05/01,MO,7835,,,273,0,337,,,8,0,5/2/2020 15:47,Not agree,Not agree
2020/05/02,MO,8154,,,319,0,351,,,14,0,5/3/2020 15:36,Not agree,Not agree
2020/05/03,MO,8386,,,232,0,352,,,1,0,5/4/2020 22:49,Not agree,Not agree
2020/05/04,MO,8754,,,368,0,358,,,6,0,5/5/2020 17:25,Not agree,Not agree
2020/05/05,MO,8916,,,162,0,377,,,19,0,5/6/2020 16:23,Not agree,Not agree
2020/05/06,MO,9102,,,186,0,396,,,19,0,5/7/2020 22:59,Not agree,Not agree
2020/05/07,MO,9341,,,239,0,418,,,22,0,5/8/2020 21:26,Not agree,Not agree
2020/05/08,MO,9489,,,148,0,449,,,31,0,5/9/2020 21:26,Not agree,Not agree
2020/05/09,MO,9666,,,177,0,472,,,23,0,5/10/2020 21:26,Not agree,Not agree
2020/05/10,MO,9844,,,178,0,482,,,10,0,5/11/2020 21:26,Not agree,Not agree
2020/05/11,MO,9918,,,74,0,488,,,6,0,5/12/2020 17:26,Not agree,Not agree
2020/05/12,MO,10006,,,88,0,524,,,36,0,5/13/2020 15:26,Not agree,Not agree
2020/05/13,MO,10142,,,136,0,542,,,18,0,5/14/2020 17:25,Not agree,Not agree
2020/05/14,MO,10316,,,174,0,562,,,20,0,5/15/2020 16:11,Not agree,Not agree
2020/05/15,MO,10456,,,140,0,576,,,14,0,5/16/2020 15:46,Not agree,Not agree
2020/05/16,MO,10675,,,219,0,589,,,13,0,5/17/2020 15:27,Not agree,Not agree
2020/05/17,MO,10789,,,114,0,594,,,5,0,5/18/2020 16:01,Not agree,Not agree
2020/05/18,MO,10945,,,156,0,605,,,11,0,5/19/2020 15:45,Not agree,Not agree
2020/05/19,MO,11080,,,135,0,616,,,11,0,5/20/2020 15:28,Not agree,Not agree
2020/05/20,MO,11232,,,152,0,631,,,15,0,5/21/2020 15:41,Not agree,Not agree
2020/05/21,MO,11340,,,108,0,661,,,30,0,5/22/2020 15:31,Not agree,Not agree
2020/05/22,MO,11558,,,218,0,671,,,10,0,5/23/2020 17:58,Not agree,Not agree
2020/05/23,MO,11752,,,194,0,676,,,5,0,5/24/2020 14:15,Not agree,Not agree
2020/05/24,MO,11988,,,236,0,681,,,5,0,5/25/2020 14:12,Not agree,Not agree
2020/05/25,MO,12167,,,179,0,685,,,4,0,5/26/2020 14:23,Not agree,Not agree
2020/05/26,MO,12291,,,124,0,686,,,1,0,5/27/2020 15:37,Not agree,Not agree
2020/05/27,MO,12492,,,201,0,696,,,10,0,5/28/2020 15:12,Not agree,Not agree
2020/05/28,MO,12673,,,181,0,707,,,11,0,5/29/2020 14:19,Not agree,Not agree
2020/05/29,MO,12795,,,122,0,738,,,31,0,5/30/2020 15:47,Not agree,Not agree
2020/05/30,MO,12962,,,167,0,771,,,33,0,5/31/2020 14:43,Not agree,Not agree
2020/05/31,MO,13147,,,185,0,772,,,1,0,6/1/2020 14:17,Not agree,Not agree
2020/06/01,MO,13327,,,180,0,773,,,1,0,6/2/2020 14:16,Not agree,Not agree
2020/06/02,MO,13575,,,248,0,783,,,10,0,6/3/2020 14:11,Not agree,Not agree
2020/06/03,MO,13767,,,192,0,786,,,3,0,6/4/2020 15:03,Not agree,Not agree
2020/06/04,MO,14057,,,290,0,789,,,3,0,6/5/2020 15:17,Not agree,Not agree
2020/06/05,MO,14253,,,196,0,799,,,10,0,6/6/2020 14:31,Not agree,Not agree
2020/06/06,MO,14442,,,189,0,809,,,10,0,6/7/2020 14:23,Not agree,Not agree
2020/06/07,MO,14553,,,111,0,809,,,0,0,6/8/2020 14:55,Not agree,Not agree
2020/06/08,MO,14734,,,181,0,819,,,10,0,6/9/2020 16:49,Not agree,Not agree
2020/06/09,MO,14913,,,179,0,840,,,21,0,6/10/2020 20:56,Not agree,Not agree
2020/06/10,MO,15187,,,274,0,848,,,8,0,6/11/2020 14:48,Not agree,Not agree
2020/06/11,MO,15390,,,203,0,860,,,12,0,6/12/2020 14:17,Not agree,Not agree
2020/06/12,MO,15585,,,195,0,872,,,12,0,6/13/2020 17:46,Not agree,Not agree
2020/06/13,MO,15810,,,225,0,879,,,7,0,6/14/2020 14:19,Not agree,Not agree
2020/06/14,MO,15810,,,0,0,879,,,0,0,6/15/2020 14:33,Not agree,Not agree
2020/06/15,MO,16189,,,379,0,880,,,1,0,6/16/2020 14:10,Not agree,Not agree
2020/06/16,MO,16414,,,225,0,882,,,2,0,6/17/2020 15:06,Not agree,Not agree
2020/06/17,MO,16625,,,211,0,909,,,27,0,6/18/2020 17:16,Not agree,Not agree
2020/06/18,MO,16908,,,283,0,946,,,37,0,6/19/2020 15:01,Not agree,Not agree
2020/06/19,MO,17201,,,293,0,948,,,2,0,6/20/2020 14:15,Not agree,Not agree
2020/06/20,MO,17590,,,389,0,955,,,7,0,6/21/2020 14:32,Not agree,Not agree
2020/06/21,MO,18005,,,415,0,956,,,1,0,6/22/2020 15:24,Not agree,Not agree
2020/06/22,MO,18143,,,138,0,961,,,5,0,6/23/2020 14:28,Not agree,Not agree
2020/06/23,MO,18577,,,434,0,966,,,5,0,6/24/2020 15:03,Not agree,Not agree
2020/06/24,MO,18868,,,291,0,975,,,9,0,6/25/2020 14:07,Not agree,Not agree
2020/06/25,MO,19421,,,553,0,982,,,7,0,6/26/2020 19:18,Not agree,Not agree
2020/06/26,MO,19914,,,493,0,990,,,8,0,6/27/2020 17:51,Not agree,Not agree
2020/06/27,MO,20261,,,347,0,996,,,6,0,6/28/2020 14:59,Not agree,Not agree
2020/06/28,MO,20575,,,314,0,997,,,1,0,6/29/2020 14:37,Not agree,Not agree
2020/06/29,MO,21043,,,468,0,998,,,1,0,6/30/2020 15:27,Not agree,Not agree
2020/06/30,MO,21551,,,508,0,1015,,,17,0,7/1/2020 15:45,Not agree,Not agree
2020/07/01,MO,21927,,,376,0,1017,,,2,0,7/2/2020 15:10,Not agree,Not agree
2020/07/02,MO,22283,,,356,0,1022,,,5,0,7/3/2020 15:01,Not agree,Not agree
2020/07/03,MO,22830,,,547,0,1026,,,4,0,7/4/2020 15:30,Not agree,Not agree
2020/07/04,MO,23215,,,385,0,1027,,,1,0,7/5/2020 15:00,Not agree,Not agree
2020/07/05,MO,23436,,,221,0,1028,,,1,0,7/6/2020 15:16,Not agree,Not agree
2020/07/06,MO,23856,,,420,0,1028,,,0,0,7/7/2020 14:58,Not agree,Not agree
2020/07/07,MO,24629,,,773,0,1042,,,14,0,7/8/2020 14:12,Not agree,Not agree
2020/07/08,MO,25204,,,575,0,1046,,,4,0,7/9/2020 15:14,Not agree,Not agree
2020/07/09,MO,25999,,,795,0,1051,,,5,0,7/10/2020 15:35,Not agree,Not agree
2020/07/10,MO,26661,,,662,0,1064,,,13,0,7/11/2020 18:25,Not agree,Not agree
2020/07/11,MO,27133,,,472,0,1069,,,5,0,7/12/2020 15:13,Not agree,Not agree
2020/07/12,MO,27443,,,310,0,1069,,,0,0,7/13/2020 15:19,Not agree,Not agree
2020/07/13,MO,27890,,,447,0,1083,,,14,0,7/14/2020 15:13,Not agree,Not agree
2020/07/14,MO,28826,,,936,0,1093,,,10,0,7/15/2020 15:05,Not agree,Not agree
2020/07/15,MO,29714,,,888,0,1103,,,10,0,7/16/2020 14:22,Not agree,Not agree
2020/07/16,MO,30422,,,708,0,1113,,,10,0,7/17/2020 14:31,Not agree,Not agree
2020/07/17,MO,31290,,,868,0,1121,,,8,0,7/18/2020 16:14,Not agree,Not agree
2020/07/18,MO,32248,,,958,0,1130,,,9,0,7/19/2020 15:05,Not agree,Not agree
2020/07/19,MO,33094,,,846,0,1129,,,-1,0,7/20/2020 14:35,Not agree,Not agree
2020/07/20,MO,33624,,,530,0,1132,,,3,0,7/21/2020 14:50,Not agree,Not agree
2020/07/21,MO,34762,,,1138,0,1143,,,11,0,7/22/2020 14:51,Not agree,Not agree
2020/07/22,MO,36063,,,1301,0,1159,,,16,0,7/23/2020 14:48,Not agree,Not agree
2020/07/23,MO,37700,,,1637,0,1179,,,20,0,7/24/2020 14:18,Not agree,Not agree
2020/07/24,MO,39352,,,1652,0,1178,,,-1,0,7/25/2020 17:40,Not agree,Not agree
2020/07/25,MO,40709,,,1357,0,1182,,,4,0,7/26/2020 15:17,Not agree,Not agree
2020/07/26,MO,41927,,,1218,0,1197,,,15,0,7/27/2020 14:16,Not agree,Not agree
2020/07/27,MO,43050,,,1123,0,1201,,,4,0,7/28/2020 14:21,Not agree,Not agree
2020/07/28,MO,44823,,,1773,0,1213,,,12,0,7/29/2020 14:34,Not agree,Not agree
2020/07/29,MO,46750,,,1927,0,1220,,,7,0,7/30/2020 14:42,Not agree,Not agree
2020/07/30,MO,48834,,,2084,0,1233,,,13,0,7/31/2020 14:35,Not agree,Not agree
2020/07/31,MO,50323,,,1489,0,1243,,,10,0,8/1/2020 14:38,Not agree,Not agree
2020/08/01,MO,51258,,,935,0,1253,,,10,0,8/2/2020 14:54,Not agree,Not agree
2020/08/02,MO,51840,,,582,0,1253,,,0,0,8/3/2020 14:31,Not agree,Not agree
2020/08/03,MO,52887,,,1047,0,1255,,,2,0,8/4/2020 14:09,Not agree,Not agree
2020/08/04,MO,54080,,,1193,0,1266,,,11,0,8/5/2020 14:13,Not agree,Not agree
2020/08/05,MO,55321,,,1241,0,1273,,,7,0,8/6/2020 14:12,Not agree,Not agree
2020/08/06,MO,56383,,,1062,0,1280,,,7,0,8/7/2020 23:57,Not agree,Not agree
2020/08/07,MO,57379,,,996,0,1301,,,21,0,8/8/2020 14:58,Not agree,Not agree
2020/08/08,MO,57379,,,0,0,1301,,,0,0,8/9/2020 14:03,Not agree,Not agree
2020/08/09,MO,58927,,,1548,0,1307,,,6,0,8/10/2020 14:23,Not agree,Not agree
2020/08/10,MO,59954,,,1027,0,1307,,,0,0,8/11/2020 14:16,Not agree,Not agree
2020/08/11,MO,60935,,,981,0,1312,,,5,0,8/12/2020 13:50,Not agree,Not agree
2020/08/12,MO,62530,,,1595,0,1323,,,11,0,8/13/2020 14:12,Not agree,Not agree
2020/08/13,MO,63797,,,1267,0,1325,,,2,0,8/14/2020 14:30,Not agree,Not agree
2020/08/14,MO,65270,,,1473,0,1335,,,10,0,8/15/2020 14:02,Not agree,Not agree
2020/08/15,MO,66397,,,1127,0,1346,,,11,0,8/16/2020 14:57,Not agree,Not agree
2020/08/16,MO,67475,,,1078,0,1367,,,21,0,8/17/2020 14:26,Not agree,Not agree
2020/08/17,MO,68623,,,1148,0,1396,,,29,0,8/18/2020 14:26,Not agree,Not agree
2020/08/18,MO,69417,,,794,0,1402,,,6,0,8/19/2020 14:23,Not agree,Not agree
2020/08/19,MO,70675,,,1258,0,1414,,,12,0,8/20/2020 15:11,Not agree,Not agree
2020/08/20,MO,71733,,,1058,0,1417,,,3,0,8/21/2020 14:27,Not agree,Not agree
2020/08/21,MO,72964,,,1231,0,1419,,,2,0,8/22/2020 14:21,Not agree,Not agree
2020/08/22,MO,74257,,,1293,0,1425,,,6,0,8/23/2020 14:15,Not agree,Not agree
2020/08/23,MO,75075,,,818,0,1426,,,1,0,8/24/2020 13:54,Not agree,Not agree
2020/08/24,MO,75944,,,869,0,1426,,,0,0,8/25/2020 14:02,Not agree,Not agree
2020/08/25,MO,76636,,,692,0,1440,,,14,0,8/26/2020 13:51,Not agree,Not agree
2020/08/26,MO,78062,,,1426,0,1449,,,9,0,8/27/2020 13:42,Not agree,Not agree
2020/08/27,MO,79574,,,1512,0,1450,,,1,0,8/28/2020 13:43,Not agree,Not agree
2020/08/28,MO,80992,,,1418,0,1464,,,14,0,8/29/2020 13:42,Not agree,Not agree
2020/08/29,MO,82190,,,1198,0,1496,,,32,0,8/30/2020 14:49,Not agree,Not agree
2020/08/30,MO,83655,,,1465,0,1508,,,12,0,8/31/2020 14:05,Not agree,Not agree
2020/08/31,MO,84697,,,1042,0,1530,,,22,0,9/1/2020 14:09,Not agree,Not agree
2020/09/01,MO,85755,,,1058,0,1538,,,8,0,9/2/2020 13:49,Not agree,Not agree
2020/09/02,MO,87213,,,1458,0,1542,,,4,0,9/3/2020 14:18,Not agree,Not agree
2020/09/03,MO,88610,,,1397,0,1545,,,3,0,9/4/2020 13:36,Not agree,Not agree
2020/09/04,MO,90215,,,1605,0,1562,,,17,0,9/5/2020 14:09,Not agree,Not agree
2020/09/05,MO,92202,,,1987,0,1639,,,77,0,9/6/2020 14:09,Not agree,Not agree
2020/09/06,MO,93434,,,1232,0,1658,,,19,0,9/7/2020 13:37,Not agree,Not agree
2020/09/07,MO,94340,,,906,0,1659,,,1,0,9/8/2020 14:47,Not agree,Not agree
2020/09/08,MO,95113,,,773,0,1661,,,2,0,9/9/2020 13:47,Not agree,Not agree
2020/09/09,MO,96475,,,1362,0,1673,,,12,0,9/10/2020 14:02,Not agree,Not agree
2020/09/10,MO,97591,,,1116,0,1691,,,18,0,9/11/2020 13:51,Not agree,Not agree
2020/09/11,MO,99160,,,1569,0,1701,,,10,0,9/12/2020 14:12,Not agree,Not agree
2020/09/12,MO,101134,,,1974,0,1704,,,3,0,9/13/2020 16:17,Not agree,Not agree
2020/09/13,MO,102747,,,1613,0,1705,,,1,0,9/14/2020 14:01,Not agree,Not agree
2020/09/14,MO,104079,,,1332,0,1714,,,9,0,9/15/2020 14:03,Not agree,Not agree
2020/09/15,MO,105396,,,1317,0,1732,,,18,0,9/16/2020 13:53,Not agree,Not agree
2020/09/16,MO,106587,,,1191,0,1739,,,7,0,9/17/2020 13:45,Not agree,Not agree
2020/09/17,MO,108334,,,1747,0,1757,,,18,0,9/18/2020 13:48,Not agree,Not agree
2020/09/18,MO,110129,,,1795,0,1780,,,23,0,9/19/2020 14:00,Not agree,Not agree
2020/09/19,MO,111516,,,1387,0,1793,,,13,0,9/20/2020 13:53,Not agree,Not agree
2020/09/20,MO,112844,,,1328,0,1795,,,2,0,9/21/2020 13:47,Not agree,Not agree
2020/09/21,MO,114307,,,1463,0,1807,,,12,0,9/22/2020 13:51,Not agree,Not agree
2020/09/22,MO,115366,,,1059,0,1864,,,57,0,9/23/2020 13:51,Not agree,Not agree
2020/09/23,MO,116946,,,1580,0,1947,,,83,0,9/24/2020 13:54,Not agree,Not agree
2020/09/24,MO,118311,,,1365,0,1952,,,5,0,9/25/2020 13:54,Not agree,Not agree
2020/09/25,MO,120289,,,1978,0,1994,,,42,0,9/26/2020 13:46,Not agree,Not agree
2020/01/22,DE,0,,,0,,0,,,0,,3/26/2020 16:22,Agree,Agree
2020/01/23,DE,0,,,0,,0,,,0,,3/26/2020 16:22,Agree,Agree
2020/01/24,DE,0,,,0,,0,,,0,,3/26/2020 16:22,Agree,Agree
2020/01/25,DE,0,,,0,,0,,,0,,3/26/2020 16:22,Agree,Agree
2020/01/26,DE,0,,,0,,0,,,0,,3/26/2020 16:22,Agree,Agree
2020/01/27,DE,0,,,0,,0,,,0,,3/26/2020 16:22,Agree,Agree
2020/01/28,DE,0,,,0,,0,,,0,,3/26/2020 16:22,Agree,Agree
2020/01/29,DE,0,,,0,,0,,,0,,3/26/2020 16:22,Agree,Agree
2020/01/30,DE,0,,,0,,0,,,0,,3/26/2020 16:22,Agree,Agree
2020/01/31,DE,0,,,0,,0,,,0,,3/26/2020 16:22,Agree,Agree
2020/02/01,DE,0,,,0,,0,,,0,,3/26/2020 16:22,Agree,Agree
2020/02/02,DE,0,,,0,,0,,,0,,3/26/2020 16:22,Agree,Agree
2020/02/03,DE,0,,,0,,0,,,0,,3/26/2020 16:22,Agree,Agree
2020/02/04,DE,0,,,0,,0,,,0,,3/26/2020 16:22,Agree,Agree
2020/02/05,DE,0,,,0,,0,,,0,,3/26/2020 16:22,Agree,Agree
2020/02/06,DE,0,,,0,,0,,,0,,3/26/2020 16:22,Agree,Agree
2020/02/07,DE,0,,,0,,0,,,0,,3/26/2020 16:22,Agree,Agree
2020/02/08,DE,0,,,0,,0,,,0,,3/26/2020 16:22,Agree,Agree
2020/02/09,DE,0,,,0,,0,,,0,,3/26/2020 16:22,Agree,Agree
2020/02/10,DE,0,,,0,,0,,,0,,3/26/2020 16:22,Agree,Agree
2020/02/11,DE,0,,,0,,0,,,0,,3/26/2020 16:22,Agree,Agree
2020/02/12,DE,0,,,0,,0,,,0,,3/26/2020 16:22,Agree,Agree
2020/02/13,DE,0,,,0,,0,,,0,,3/26/2020 16:22,Agree,Agree
2020/02/14,DE,0,,,0,,0,,,0,,3/26/2020 16:22,Agree,Agree
2020/02/15,DE,0,,,0,,0,,,0,,3/26/2020 16:22,Agree,Agree
2020/02/16,DE,0,,,0,,0,,,0,,3/26/2020 16:22,Agree,Agree
2020/02/17,DE,0,,,0,,0,,,0,,3/26/2020 16:22,Agree,Agree
2020/02/18,DE,0,,,0,,0,,,0,,3/26/2020 16:22,Agree,Agree
2020/02/19,DE,0,,,0,,0,,,0,,3/26/2020 16:22,Agree,Agree
2020/02/20,DE,0,,,0,,0,,,0,,3/26/2020 16:22,Agree,Agree
2020/02/21,DE,0,,,0,,0,,,0,,3/26/2020 16:22,Agree,Agree
2020/02/22,DE,0,,,0,,0,,,0,,3/26/2020 16:22,Agree,Agree
2020/02/23,DE,0,,,0,,0,,,0,,3/26/2020 16:22,Agree,Agree
2020/02/24,DE,0,,,0,,0,,,0,,3/26/2020 16:22,Agree,Agree
2020/02/25,DE,0,,,0,,0,,,0,,3/26/2020 16:22,Agree,Agree
2020/02/26,DE,0,,,0,,0,,,0,,3/26/2020 16:22,Agree,Agree
2020/02/27,DE,0,,,0,,0,,,0,,3/26/2020 16:22,Agree,Agree
2020/02/28,DE,0,,,0,,0,,,0,,3/26/2020 16:22,Agree,Agree
2020/02/29,DE,0,,,0,,0,,,0,,3/26/2020 16:22,Agree,Agree
2020/03/01,DE,0,,,0,,0,,,0,,3/26/2020 16:22,Agree,Agree
2020/03/02,DE,0,,,0,,0,,,0,,3/26/2020 16:22,Agree,Agree
2020/03/03,DE,0,,,0,,0,,,0,,3/26/2020 16:22,Agree,Agree
2020/03/04,DE,0,,,0,,0,,,0,,3/26/2020 16:22,Agree,Agree
2020/03/05,DE,0,,,0,,0,,,0,,3/26/2020 16:22,Agree,Agree
2020/03/06,DE,0,,,0,,0,,,0,,3/26/2020 16:22,Agree,Agree
2020/03/07,DE,0,,,0,,0,,,0,,3/26/2020 16:22,Agree,Agree
2020/03/08,DE,0,,,0,,0,,,0,,3/26/2020 16:22,Agree,Agree
2020/03/09,DE,0,,,0,,0,,,0,,3/26/2020 16:22,Agree,Agree
2020/03/10,DE,0,,,0,,0,,,0,,3/26/2020 16:22,Agree,Agree
2020/03/11,DE,1,,,1,,0,,,0,,3/26/2020 16:22,Agree,Agree
2020/03/12,DE,4,,,3,,0,,,0,,3/26/2020 16:22,Agree,Agree
2020/03/13,DE,5,,,1,,0,,,0,,3/26/2020 16:22,Agree,Agree
2020/03/14,DE,8,,,3,,0,,,0,,3/26/2020 16:22,Agree,Agree
2020/03/15,DE,8,,,0,,0,,,0,,3/26/2020 16:22,Agree,Agree
2020/03/16,DE,8,,,0,,0,,,0,,3/26/2020 16:22,Agree,Agree
2020/03/17,DE,16,,,8,,0,,,0,,3/26/2020 16:22,Agree,Agree
2020/03/18,DE,26,,,10,,0,,,0,,3/26/2020 16:22,Agree,Agree
2020/03/19,DE,30,,,4,,0,,,0,,3/26/2020 16:22,Agree,Agree
2020/03/20,DE,39,,,9,,0,,,0,,3/26/2020 16:22,Agree,Agree
2020/03/21,DE,45,,,6,,0,,,0,,3/26/2020 16:22,Agree,Agree
2020/03/22,DE,56,,,11,,0,,,0,,3/26/2020 16:22,Agree,Agree
2020/03/23,DE,87,,,31,,0,,,0,,3/26/2020 16:22,Agree,Agree
2020/03/24,DE,104,,,17,,0,,,0,,3/26/2020 16:22,Agree,Agree
2020/03/25,DE,119,,,15,,0,,,0,,3/26/2020 16:22,Agree,Agree
2020/03/26,DE,143,,,24,,2,,,2,,3/26/2020 16:22,Agree,Agree
2020/03/27,DE,165,,,22,,2,,,0,,3/26/2020 16:22,Agree,Agree
2020/03/28,DE,214,,,49,,5,,,3,,3/28/2020 16:22,Agree,Agree
2020/03/29,DE,232,,,18,,6,,,1,,3/28/2020 16:22,Agree,Agree
2020/03/30,DE,264,,,32,,7,,,1,,3/29/2020 16:22,Agree,Agree
2020/03/31,DE,319,,,55,,10,,,3,,3/30/2020 16:22,Agree,Agree
2020/04/01,DE,368,,,49,,11,,,1,,3/31/2020 16:22,Agree,Agree
2020/04/02,DE,393,,,25,,12,,,1,,4/1/2020 16:22,Agree,Agree
2020/04/03,DE,450,,,57,,14,,,2,,4/3/2020 16:22,Agree,Agree
2020/04/04,DE,593,,,143,,14,,,0,,4/3/2020 16:22,Agree,Agree
2020/04/05,DE,673,,,80,,14,,,0,,4/4/2020 16:22,Agree,Agree
2020/04/06,DE,783,,,110,,15,,,1,,4/5/2020 16:22,Agree,Agree
2020/04/07,DE,928,,,145,,16,,,1,,4/7/2020 16:22,Agree,Agree
2020/04/08,DE,1116,,,188,,19,,,3,,4/7/2020 16:22,Agree,Agree
2020/04/09,DE,1209,,,93,,23,,,4,,4/8/2020 16:22,Agree,Agree
2020/04/10,DE,1326,,,117,,32,,,9,,4/9/2020 16:22,Agree,Agree
2020/04/11,DE,1479,,,153,,33,,,1,,4/10/2020 16:22,Agree,Agree
2020/04/12,DE,1625,,,146,,35,,,2,,4/11/2020 16:22,Agree,Agree
2020/04/13,DE,1761,,,136,,41,,,6,,4/12/2020 16:22,Agree,Agree
2020/04/14,DE,1926,,,165,,43,,,2,,4/13/2020 16:22,Agree,Agree
2020/04/15,DE,2014,,,88,,46,,,3,,4/15/2020 16:22,Agree,Agree
2020/04/16,DE,2075,,,61,,52,,,6,,4/16/2020 16:22,Agree,Agree
2020/04/17,DE,2323,,,248,,61,,,9,,4/17/2020 16:22,Agree,Agree
2020/04/18,DE,2538,,,215,,67,,,6,,4/18/2020 16:22,Agree,Agree
2020/04/19,DE,2745,2708,37,207,37,72,63,9,5,9,4/19/2020 16:22,Agree,Agree
2020/04/20,DE,2745,,,0,,72,,,0,,4/20/2020 16:22,Agree,Agree
2020/04/21,DE,3200,3159,41,455,41,89,79,10,17,10,4/21/2020 16:22,Agree,Agree
2020/04/22,DE,3308,3267,41,108,0,92,82,10,3,0,4/22/2020 16:22,Agree,Agree
2020/04/23,DE,3442,3401,41,134,0,100,90,10,8,0,5/25/2020 15:38,Agree,Agree
2020/04/24,DE,3442,3442,0,0,-41,100,100,0,0,-10,5/25/2020 15:38,Agree,Agree
2020/04/25,DE,3576,3576,0,134,0,112,112,0,12,0,5/25/2020 15:38,Agree,Agree
2020/04/26,DE,4162,4118,44,586,44,125,114,11,13,11,5/25/2020 15:38,Agree,Agree
2020/04/27,DE,4575,4446,129,413,85,137,126,11,12,0,5/25/2020 15:38,Agree,Agree
2020/04/28,DE,4655,4526,129,80,0,144,133,11,7,0,4/29/2020 18:12,Agree,Agree
2020/04/29,DE,4734,4605,129,79,0,152,141,11,8,0,4/30/2020 16:07,Agree,Agree
2020/04/30,DE,4734,4734,0,0,-129,152,152,0,0,-11,5/1/2020 21:00,Agree,Agree
2020/05/01,DE,4918,4918,0,184,0,159,159,0,7,0,5/2/2020 15:47,Agree,Agree
2020/05/02,DE,5038,5038,0,120,0,168,168,0,9,0,5/3/2020 15:36,Agree,Agree
2020/05/03,DE,5208,5208,0,170,0,177,177,0,9,0,5/4/2020 22:49,Agree,Agree
2020/05/04,DE,5288,5288,0,80,0,182,182,0,5,0,5/5/2020 17:25,Agree,Agree
2020/05/05,DE,5371,5371,0,83,0,187,187,0,5,0,5/6/2020 16:23,Agree,Agree
2020/05/06,DE,5778,5778,0,407,0,193,193,0,6,0,5/7/2020 22:59,Agree,Agree
2020/05/07,DE,6111,5927,184,333,184,213,202,11,20,11,5/8/2020 21:26,Agree,Agree
2020/05/08,DE,6111,6111,0,0,-184,213,213,0,0,-11,5/9/2020 21:26,Agree,Agree
2020/05/09,DE,6447,6263,184,336,184,224,213,11,11,11,5/10/2020 21:26,Agree,Agree
2020/05/10,DE,6565,6381,184,118,0,225,214,11,1,0,5/11/2020 21:26,Agree,Agree
2020/05/11,DE,6741,6489,252,176,68,237,226,11,12,0,5/12/2020 17:26,Agree,Agree
2020/05/12,DE,6952,6597,355,211,103,247,236,11,10,0,5/13/2020 15:26,Agree,Agree
2020/05/13,DE,7223,6738,485,271,130,260,248,12,13,1,5/14/2020 17:25,Agree,Agree
2020/05/14,DE,7373,6881,492,150,7,271,257,14,11,2,5/15/2020 16:11,Agree,Agree
2020/05/15,DE,7373,7373,0,0,-492,271,271,0,0,-14,5/16/2020 15:46,Agree,Agree
2020/05/16,DE,7547,7547,0,174,0,286,286,0,15,0,5/17/2020 15:27,Agree,Agree
2020/05/17,DE,7869,7063,806,322,806,297,277,20,11,20,5/18/2020 16:01,Agree,Agree
2020/05/18,DE,8037,7207,830,168,24,304,284,20,7,0,5/19/2020 15:45,Agree,Agree
2020/05/19,DE,8194,7349,845,157,15,310,288,22,6,2,5/20/2020 15:28,Agree,Agree
2020/05/20,DE,8386,7526,860,192,15,317,294,23,7,1,5/21/2020 15:41,Agree,Agree
2020/05/21,DE,8529,7663,866,143,6,322,299,23,5,0,5/22/2020 15:31,Agree,Agree
2020/05/22,DE,8690,7809,881,161,15,324,301,23,2,0,5/23/2020 17:58,Agree,Agree
2020/05/23,DE,8690,8690,0,0,-881,324,324,0,0,-23,5/24/2020 14:15,Agree,Agree
2020/05/24,DE,8809,8809,0,119,0,326,326,0,2,0,5/25/2020 14:12,Agree,Agree
2020/05/25,DE,9067,8133,934,258,934,337,314,23,11,23,5/26/2020 14:23,Agree,Agree
2020/05/26,DE,9096,8162,934,29,0,344,321,23,7,0,5/27/2020 15:37,Agree,Agree
2020/05/27,DE,9171,8239,932,75,-2,345,322,23,1,0,5/28/2020 15:12,Agree,Agree
2020/05/28,DE,9236,8304,932,65,0,356,333,23,11,0,5/29/2020 14:19,Agree,Agree
2020/05/29,DE,9422,8488,934,186,2,361,337,24,5,1,5/30/2020 15:47,Agree,Agree
2020/05/30,DE,9498,8563,935,76,1,366,342,24,5,0,5/31/2020 14:43,Agree,Agree
2020/05/31,DE,9606,8669,937,108,2,369,345,24,3,0,6/1/2020 14:17,Agree,Agree
2020/06/01,DE,9685,8747,938,79,1,373,349,24,4,0,6/2/2020 14:16,Agree,Agree
2020/06/02,DE,9712,8774,938,27,0,375,351,24,2,0,6/3/2020 14:11,Agree,Agree
2020/06/03,DE,9746,8804,942,34,4,386,362,24,11,0,6/4/2020 15:03,Agree,Agree
2020/06/04,DE,9773,8832,941,27,-1,388,364,24,2,0,6/5/2020 15:17,Agree,Agree
2020/06/05,DE,9845,8904,941,72,0,390,366,24,2,0,6/6/2020 14:31,Agree,Agree
2020/06/06,DE,9942,8999,943,97,2,398,374,24,8,0,6/7/2020 14:23,Agree,Agree
2020/06/07,DE,9972,9027,945,30,2,398,374,24,0,0,6/8/2020 14:55,Agree,Agree
2020/06/08,DE,10020,9074,946,48,1,410,386,24,12,0,6/9/2020 16:49,Agree,Agree
2020/06/09,DE,10056,9111,945,36,-1,413,389,24,3,0,6/10/2020 20:56,Agree,Agree
2020/06/10,DE,10107,9159,948,51,3,414,390,24,1,0,6/11/2020 14:48,Agree,Agree
2020/06/11,DE,10173,9222,951,66,3,414,390,24,0,0,6/12/2020 14:17,Agree,Agree
2020/06/12,DE,10229,9278,951,56,0,418,394,24,4,0,6/13/2020 17:46,Agree,Agree
2020/06/13,DE,10264,9313,951,35,0,422,397,25,4,1,6/14/2020 14:19,Agree,Agree
2020/06/14,DE,10340,9378,962,76,11,423,398,25,1,0,6/15/2020 14:33,Agree,Agree
2020/06/15,DE,10403,9429,974,63,12,424,399,25,1,0,6/16/2020 14:10,Agree,Agree
2020/06/16,DE,10444,9470,974,41,0,426,401,25,2,0,6/17/2020 15:06,Agree,Agree
2020/06/17,DE,10500,9525,975,56,1,431,406,25,5,0,6/18/2020 17:16,Agree,Agree
2020/06/18,DE,10611,9580,1031,111,56,433,408,25,2,0,6/19/2020 15:01,Agree,Agree
2020/06/19,DE,10611,9580,1031,0,0,433,408,25,0,0,6/20/2020 14:15,Agree,Agree
2020/06/20,DE,10775,9724,1051,164,20,435,410,25,2,0,6/21/2020 14:32,Agree,Agree
2020/06/21,DE,10822,9766,1056,47,5,435,410,25,0,0,6/22/2020 15:24,Agree,Agree
2020/06/22,DE,10847,9792,1055,25,-1,504,446,58,69,33,6/23/2020 14:28,Agree,Agree
2020/06/23,DE,10889,9834,1055,42,0,505,447,58,1,0,6/24/2020 15:03,Agree,Agree
2020/06/24,DE,10980,9925,1055,91,0,507,449,58,2,0,6/25/2020 14:07,Agree,Agree
2020/06/25,DE,11017,9972,1045,37,-10,507,449,58,0,0,6/26/2020 19:18,Agree,Agree
2020/06/26,DE,11107,10062,1045,90,0,507,449,58,0,0,6/27/2020 17:51,Agree,Agree
2020/06/27,DE,11253,10189,1064,146,19,507,449,58,0,0,6/28/2020 14:59,Agree,Agree
2020/06/28,DE,11416,10344,1072,163,8,507,449,58,0,0,6/29/2020 14:37,Agree,Agree
2020/06/29,DE,11376,10306,1070,-40,-2,507,449,58,0,0,6/30/2020 15:27,Agree,Agree
2020/06/30,DE,11510,10466,1044,134,-26,509,451,58,2,0,7/1/2020 15:45,Agree,Agree
2020/07/01,DE,11739,10695,1044,229,0,510,453,57,1,-1,7/2/2020 15:10,Agree,Agree
2020/07/02,DE,11731,10687,1044,-8,0,510,453,57,0,0,7/3/2020 15:01,Agree,Agree
2020/07/03,DE,11923,10879,1044,192,0,512,455,57,2,0,7/4/2020 15:30,Agree,Agree
2020/07/04,DE,12128,11084,1044,205,0,512,455,57,0,0,7/5/2020 15:00,Agree,Agree
2020/07/05,DE,12348,11304,1044,220,0,512,455,57,0,0,7/6/2020 15:16,Agree,Agree
2020/07/06,DE,12469,11425,1044,121,0,514,457,57,2,0,7/7/2020 14:58,Agree,Agree
2020/07/07,DE,12525,11481,1044,56,0,515,458,57,1,0,7/8/2020 14:12,Agree,Agree
2020/07/08,DE,12610,11566,1044,85,0,517,460,57,2,0,7/9/2020 15:14,Agree,Agree
2020/07/09,DE,12751,11707,1044,141,0,518,461,57,1,0,7/10/2020 15:35,Agree,Agree
2020/07/10,DE,12857,11813,1044,106,0,518,461,57,0,0,7/11/2020 18:25,Agree,Agree
2020/07/11,DE,12978,11934,1044,121,0,518,461,57,0,0,7/12/2020 15:13,Agree,Agree
2020/07/12,DE,12879,11898,981,-99,-63,517,459,58,-1,1,7/13/2020 15:19,Agree,Agree
2020/07/13,DE,12969,11989,980,90,-1,518,460,58,1,0,7/14/2020 15:13,Agree,Agree
2020/07/14,DE,13050,12069,981,81,1,521,463,58,3,0,7/15/2020 15:05,Agree,Agree
2020/07/15,DE,13114,12131,983,64,2,521,463,58,0,0,7/16/2020 14:22,Agree,Agree
2020/07/16,DE,13337,12355,982,223,-1,521,463,58,0,0,7/17/2020 14:31,Agree,Agree
2020/07/17,DE,13429,12447,982,92,0,523,465,58,2,0,7/18/2020 16:14,Agree,Agree
2020/07/18,DE,13429,12447,982,0,0,523,465,58,0,0,7/19/2020 15:05,Agree,Agree
2020/07/19,DE,13519,12537,982,90,0,523,465,58,0,0,7/20/2020 14:35,Agree,Agree
2020/07/20,DE,13746,12763,983,227,1,525,467,58,2,0,7/21/2020 14:50,Agree,Agree
2020/07/21,DE,13792,12804,988,46,5,527,469,58,2,0,7/22/2020 14:51,Agree,Agree
2020/07/22,DE,13924,12933,991,132,3,529,471,58,2,0,7/23/2020 14:48,Agree,Agree
2020/07/23,DE,13924,12933,991,0,0,529,471,58,0,0,7/24/2020 14:18,Agree,Agree
2020/07/24,DE,14202,13205,997,278,6,578,508,70,49,12,7/25/2020 17:40,Agree,Agree
2020/07/25,DE,14175,13179,996,-27,-1,579,509,70,1,0,7/26/2020 15:17,Agree,Agree
2020/07/26,DE,14406,13410,996,231,0,579,509,70,0,0,7/27/2020 14:16,Agree,Agree
2020/07/27,DE,14476,13480,996,70,0,580,510,70,1,0,7/28/2020 14:21,Agree,Agree
2020/07/28,DE,14602,13606,996,126,0,581,511,70,1,0,7/29/2020 14:34,Agree,Agree
2020/07/29,DE,14689,13692,997,87,1,581,511,70,0,0,7/30/2020 14:42,Agree,Agree
2020/07/30,DE,14689,13692,997,0,0,581,511,70,0,0,7/31/2020 14:35,Agree,Agree
2020/07/31,DE,14877,13880,997,188,0,585,515,70,4,0,8/1/2020 14:38,Agree,Agree
2020/08/01,DE,14877,13880,997,0,0,585,515,70,0,0,8/2/2020 14:54,Agree,Agree
2020/08/02,DE,14949,13952,997,72,0,585,515,70,0,0,8/3/2020 14:31,Agree,Agree
2020/08/03,DE,15055,14058,997,106,0,585,515,70,0,0,8/4/2020 14:09,Agree,Agree
2020/08/04,DE,15296,14299,997,241,0,587,517,70,2,0,8/5/2020 14:13,Agree,Agree
2020/08/05,DE,15365,14368,997,69,0,587,517,70,0,0,8/6/2020 14:12,Agree,Agree
2020/08/06,DE,15365,14368,997,0,0,587,517,70,0,0,8/7/2020 23:57,Agree,Agree
2020/08/07,DE,15502,14502,1000,137,3,590,520,70,3,0,8/8/2020 14:58,Agree,Agree
2020/08/08,DE,15575,14576,999,73,-1,591,521,70,1,0,8/9/2020 14:03,Agree,Agree
2020/08/09,DE,15634,14636,998,59,-1,591,521,70,0,0,8/10/2020 14:23,Agree,Agree
2020/08/10,DE,15634,14636,998,0,0,591,521,70,0,0,8/11/2020 14:16,Agree,Agree
2020/08/11,DE,15699,14700,999,65,1,591,521,70,0,0,8/12/2020 13:50,Agree,Agree
2020/08/12,DE,15967,14968,999,268,0,593,524,69,2,-1,8/13/2020 14:12,Agree,Agree
2020/08/13,DE,15967,14968,999,0,0,593,524,69,0,0,8/14/2020 14:30,Agree,Agree
2020/08/14,DE,16396,15392,1004,429,5,593,524,69,0,0,8/15/2020 14:02,Agree,Agree
2020/08/15,DE,16451,15448,1003,55,-1,593,524,69,0,0,8/16/2020 14:57,Agree,Agree
2020/08/16,DE,16536,15532,1004,85,1,593,524,69,0,0,8/17/2020 14:26,Agree,Agree
2020/08/17,DE,16536,15532,1004,0,0,593,524,69,0,0,8/18/2020 14:26,Agree,Agree
2020/08/18,DE,16643,15639,1004,107,0,595,526,69,2,0,8/19/2020 14:23,Agree,Agree
2020/08/19,DE,16718,15714,1004,75,0,595,526,69,0,0,8/20/2020 15:11,Agree,Agree
2020/08/20,DE,16770,15766,1004,52,0,600,531,69,5,0,8/21/2020 14:27,Agree,Agree
2020/08/21,DE,16831,15824,1007,61,3,600,531,69,0,0,8/22/2020 14:21,Agree,Agree
2020/08/22,DE,16895,15881,1014,64,7,600,531,69,0,0,8/23/2020 14:15,Agree,Agree
2020/08/23,DE,16942,15930,1012,47,-2,604,532,72,4,3,8/24/2020 13:54,Agree,Agree
2020/08/24,DE,16962,15960,1002,20,-10,604,532,72,0,0,8/25/2020 14:02,Agree,Agree
2020/08/25,DE,16986,15991,995,24,-7,604,533,71,0,-1,8/26/2020 13:51,Agree,Agree
2020/08/26,DE,16976,15987,989,-10,-6,604,533,71,0,0,8/27/2020 13:42,Agree,Agree
2020/08/27,DE,16976,15987,989,0,0,604,533,71,0,0,8/28/2020 13:43,Agree,Agree
2020/08/28,DE,17349,16336,1013,373,24,604,533,71,0,0,8/29/2020 13:42,Agree,Agree
2020/08/29,DE,17456,16441,1015,107,2,604,533,71,0,0,8/30/2020 14:49,Agree,Agree
2020/08/30,DE,17343,16346,997,-113,-18,604,533,71,0,0,8/31/2020 14:05,Agree,Agree
2020/08/31,DE,17535,16537,998,192,1,605,533,72,1,1,9/1/2020 14:09,Agree,Agree
2020/09/01,DE,17535,16537,998,0,0,605,533,72,0,0,9/2/2020 13:49,Agree,Agree
2020/09/02,DE,17653,16663,990,118,-8,606,534,72,1,0,9/3/2020 14:18,Agree,Agree
2020/09/03,DE,17752,16762,990,99,0,606,534,72,0,0,9/4/2020 13:36,Agree,Agree
2020/09/04,DE,17892,16902,990,140,0,608,536,72,2,0,9/5/2020 14:09,Agree,Agree
2020/09/05,DE,18043,17053,990,151,0,609,537,72,1,0,9/6/2020 14:09,Agree,Agree
2020/09/06,DE,18249,17259,990,206,0,609,537,72,0,0,9/7/2020 13:37,Agree,Agree
2020/09/07,DE,18308,17317,991,59,1,609,537,72,0,0,9/8/2020 14:47,Agree,Agree
2020/09/08,DE,18308,17317,991,0,0,609,537,72,0,0,9/9/2020 13:47,Agree,Agree
2020/09/09,DE,18308,17317,991,0,0,609,537,72,0,0,9/10/2020 14:02,Agree,Agree
2020/09/10,DE,18466,17475,991,158,0,613,541,72,4,0,9/11/2020 13:51,Agree,Agree
2020/09/11,DE,18559,17568,991,93,0,613,541,72,0,0,9/12/2020 14:12,Agree,Agree
2020/09/12,DE,18849,17857,992,290,1,615,543,72,2,0,9/13/2020 16:17,Agree,Agree
2020/09/13,DE,18937,17945,992,88,0,617,545,72,2,0,9/14/2020 14:01,Agree,Agree
2020/09/14,DE,19121,18122,999,184,7,618,545,73,1,1,9/15/2020 14:03,Agree,Agree
2020/09/15,DE,19137,18138,999,16,0,618,546,72,0,-1,9/16/2020 13:53,Agree,Agree
2020/09/16,DE,19234,18235,999,97,0,619,547,72,1,0,9/17/2020 13:45,Agree,Agree
2020/09/17,DE,19378,18363,1015,144,16,619,547,72,0,0,9/18/2020 13:48,Agree,Agree
2020/09/18,DE,19449,18429,1020,71,5,621,548,73,2,1,9/19/2020 14:00,Agree,Agree
2020/09/19,DE,19449,18429,1020,0,0,621,548,73,0,0,9/20/2020 13:53,Agree,Agree
2020/09/20,DE,19667,18648,1019,218,-1,627,550,77,6,4,9/21/2020 13:47,Agree,Agree
2020/09/21,DE,19667,18648,1019,0,0,627,550,77,0,0,9/22/2020 13:51,Agree,Agree
2020/09/22,DE,19761,18733,1028,94,9,628,551,77,1,0,9/23/2020 13:51,Agree,Agree
2020/09/23,DE,19947,18916,1031,186,3,630,553,77,2,0,9/24/2020 13:54,Agree,Agree
2020/09/24,DE,19947,18916,1031,0,0,630,553,77,0,0,9/25/2020 13:54,Agree,Agree
2020/09/25,DE,20085,19044,1041,138,10,631,554,77,1,0,9/26/2020 13:46,Agree,Agree
2020/01/22,MN,0,,,0,,0,,,0,,3/26/2020 16:22,N/A,Agree
2020/01/23,MN,0,,,0,,0,,,0,,3/26/2020 16:22,N/A,Agree
2020/01/24,MN,0,,,0,,0,,,0,,3/26/2020 16:22,N/A,Agree
2020/01/25,MN,0,,,0,,0,,,0,,3/26/2020 16:22,N/A,Agree
2020/01/26,MN,0,,,0,,0,,,0,,3/26/2020 16:22,N/A,Agree
2020/01/27,MN,0,,,0,,0,,,0,,3/26/2020 16:22,N/A,Agree
2020/01/28,MN,0,,,0,,0,,,0,,3/26/2020 16:22,N/A,Agree
2020/01/29,MN,0,,,0,,0,,,0,,3/26/2020 16:22,N/A,Agree
2020/01/30,MN,0,,,0,,0,,,0,,3/26/2020 16:22,N/A,Agree
2020/01/31,MN,0,,,0,,0,,,0,,3/26/2020 16:22,N/A,Agree
2020/02/01,MN,0,,,0,,0,,,0,,3/26/2020 16:22,N/A,Agree
2020/02/02,MN,0,,,0,,0,,,0,,3/26/2020 16:22,N/A,Agree
2020/02/03,MN,0,,,0,,0,,,0,,3/26/2020 16:22,N/A,Agree
2020/02/04,MN,0,,,0,,0,,,0,,3/26/2020 16:22,N/A,Agree
2020/02/05,MN,0,,,0,,0,,,0,,3/26/2020 16:22,N/A,Agree
2020/02/06,MN,0,,,0,,0,,,0,,3/26/2020 16:22,N/A,Agree
2020/02/07,MN,0,,,0,,0,,,0,,3/26/2020 16:22,N/A,Agree
2020/02/08,MN,0,,,0,,0,,,0,,3/26/2020 16:22,N/A,Agree
2020/02/09,MN,0,,,0,,0,,,0,,3/26/2020 16:22,N/A,Agree
2020/02/10,MN,0,,,0,,0,,,0,,3/26/2020 16:22,N/A,Agree
2020/02/11,MN,0,,,0,,0,,,0,,3/26/2020 16:22,N/A,Agree
2020/02/12,MN,0,,,0,,0,,,0,,3/26/2020 16:22,N/A,Agree
2020/02/13,MN,0,,,0,,0,,,0,,3/26/2020 16:22,N/A,Agree
2020/02/14,MN,0,,,0,,0,,,0,,3/26/2020 16:22,N/A,Agree
2020/02/15,MN,0,,,0,,0,,,0,,3/26/2020 16:22,N/A,Agree
2020/02/16,MN,0,,,0,,0,,,0,,3/26/2020 16:22,N/A,Agree
2020/02/17,MN,0,,,0,,0,,,0,,3/26/2020 16:22,N/A,Agree
2020/02/18,MN,0,,,0,,0,,,0,,3/26/2020 16:22,N/A,Agree
2020/02/19,MN,0,,,0,,0,,,0,,3/26/2020 16:22,N/A,Agree
2020/02/20,MN,0,,,0,,0,,,0,,3/26/2020 16:22,N/A,Agree
2020/02/21,MN,0,,,0,,0,,,0,,3/26/2020 16:22,N/A,Agree
2020/02/22,MN,0,,,0,,0,,,0,,3/26/2020 16:22,N/A,Agree
2020/02/23,MN,0,,,0,,0,,,0,,3/26/2020 16:22,N/A,Agree
2020/02/24,MN,0,,,0,,0,,,0,,3/26/2020 16:22,N/A,Agree
2020/02/25,MN,0,,,0,,0,,,0,,3/26/2020 16:22,N/A,Agree
2020/02/26,MN,0,,,0,,0,,,0,,3/26/2020 16:22,N/A,Agree
2020/02/27,MN,0,,,0,,0,,,0,,3/26/2020 16:22,N/A,Agree
2020/02/28,MN,0,,,0,,0,,,0,,3/26/2020 16:22,N/A,Agree
2020/02/29,MN,0,,,0,,0,,,0,,3/26/2020 16:22,N/A,Agree
2020/03/01,MN,0,,,0,,0,,,0,,3/26/2020 16:22,N/A,Agree
2020/03/02,MN,0,,,0,,0,,,0,,3/26/2020 16:22,N/A,Agree
2020/03/03,MN,0,,,0,,0,,,0,,3/26/2020 16:22,N/A,Agree
2020/03/04,MN,0,,,0,,0,,,0,,3/26/2020 16:22,N/A,Agree
2020/03/05,MN,0,,,0,,0,,,0,,3/26/2020 16:22,N/A,Agree
2020/03/06,MN,1,,,1,,0,,,0,,3/26/2020 16:22,N/A,Agree
2020/03/07,MN,1,,,0,,0,,,0,,3/26/2020 16:22,N/A,Agree
2020/03/08,MN,2,,,1,,0,,,0,,3/26/2020 16:22,N/A,Agree
2020/03/09,MN,2,,,0,,0,,,0,,3/26/2020 16:22,N/A,Agree
2020/03/10,MN,4,,,2,,0,,,0,,3/26/2020 16:22,N/A,Agree
2020/03/11,MN,5,,,1,,0,,,0,,3/26/2020 16:22,N/A,Agree
2020/03/12,MN,10,,,5,,0,,,0,,3/26/2020 16:22,N/A,Agree
2020/03/13,MN,14,,,4,,0,,,0,,3/26/2020 16:22,N/A,Agree
2020/03/14,MN,14,,,0,,0,,,0,,3/26/2020 16:22,N/A,Agree
2020/03/15,MN,54,,,40,,0,,,0,,3/26/2020 16:22,N/A,Agree
2020/03/16,MN,60,,,6,,0,,,0,,3/26/2020 16:22,N/A,Agree
2020/03/17,MN,77,,,17,,0,,,0,,3/26/2020 16:22,N/A,Agree
2020/03/18,MN,89,,,12,,0,,,0,,3/26/2020 16:22,N/A,Agree
2020/03/19,MN,115,,,26,,0,,,0,,3/26/2020 16:22,N/A,Agree
2020/03/20,MN,115,,,0,,0,,,0,,3/26/2020 16:22,N/A,Agree
2020/03/21,MN,137,,,22,,1,,,1,,3/26/2020 16:22,N/A,Agree
2020/03/22,MN,236,,,99,,1,,,0,,3/26/2020 16:22,N/A,Agree
2020/03/23,MN,262,,,26,,1,,,0,,3/26/2020 16:22,N/A,Agree
2020/03/24,MN,287,,,25,,1,,,0,,3/26/2020 16:22,N/A,Agree
2020/03/25,MN,346,,,59,,2,,,1,,3/26/2020 16:22,N/A,Agree
2020/03/26,MN,399,,,53,,4,,,2,,3/26/2020 16:22,N/A,Agree
2020/03/27,MN,399,,,0,,4,,,0,,3/26/2020 16:22,N/A,Agree
2020/03/28,MN,441,,,42,,5,,,1,,3/28/2020 16:22,N/A,Agree
2020/03/29,MN,576,,,135,,10,,,5,,3/28/2020 16:22,N/A,Agree
2020/03/30,MN,576,,,0,,10,,,0,,3/29/2020 16:22,N/A,Agree
2020/03/31,MN,689,,,113,,17,,,7,,3/30/2020 16:22,N/A,Agree
2020/04/01,MN,742,,,53,,18,,,1,,3/31/2020 16:22,N/A,Agree
2020/04/02,MN,789,,,47,,22,,,4,,4/1/2020 16:22,N/A,Agree
2020/04/03,MN,789,,,0,,22,,,0,,4/3/2020 16:22,N/A,Agree
2020/04/04,MN,865,,,76,,24,,,2,,4/3/2020 16:22,N/A,Agree
2020/04/05,MN,986,,,121,,29,,,5,,4/4/2020 16:22,N/A,Agree
2020/04/06,MN,1069,,,83,,34,,,5,,4/5/2020 16:22,N/A,Agree
2020/04/07,MN,1154,,,85,,39,,,5,,4/7/2020 16:22,N/A,Agree
2020/04/08,MN,1242,,,88,,50,,,11,,4/7/2020 16:22,N/A,Agree
2020/04/09,MN,1336,,,94,,57,,,7,,4/8/2020 16:22,N/A,Agree
2020/04/10,MN,1336,,,0,,57,,,0,,4/9/2020 16:22,N/A,Agree
2020/04/11,MN,1514,,,178,,67,,,10,,4/10/2020 16:22,N/A,Agree
2020/04/12,MN,1621,,,107,,70,,,3,,4/11/2020 16:22,N/A,Agree
2020/04/13,MN,1695,,,74,,79,,,9,,4/12/2020 16:22,N/A,Agree
2020/04/14,MN,1809,,,114,,87,,,8,,4/13/2020 16:22,N/A,Agree
2020/04/15,MN,1862,,,53,,90,,,3,,4/15/2020 16:22,N/A,Agree
2020/04/16,MN,2013,,,151,,101,,,11,,4/16/2020 16:22,N/A,Agree
2020/04/17,MN,2174,,,161,,115,,,14,,4/17/2020 16:22,N/A,Agree
2020/04/18,MN,2213,,,39,,121,,,6,,4/18/2020 16:22,N/A,Agree
2020/04/19,MN,2470,,,257,0,143,143,0,22,0,4/19/2020 16:22,N/A,Agree
2020/04/20,MN,2567,,,97,0,160,160,0,17,0,4/20/2020 16:22,N/A,Agree
2020/04/21,MN,2721,,,154,0,179,179,0,19,0,4/21/2020 16:22,N/A,Agree
2020/04/22,MN,2721,,,0,0,179,179,0,0,0,4/22/2020 16:22,N/A,Agree
2020/04/23,MN,3185,,,464,0,221,221,0,42,0,5/25/2020 15:38,N/A,Agree
2020/04/24,MN,3185,,,0,0,221,221,0,0,0,5/25/2020 15:38,N/A,Agree
2020/04/25,MN,3446,,,261,0,244,244,0,23,0,5/25/2020 15:38,N/A,Agree
2020/04/26,MN,3602,,,156,0,272,272,0,28,0,5/25/2020 15:38,N/A,Agree
2020/04/27,MN,4181,,,579,0,301,301,0,29,0,5/25/2020 15:38,N/A,Agree
2020/04/28,MN,4645,,,464,0,319,319,0,18,0,4/29/2020 18:12,N/A,Agree
2020/04/29,MN,5136,,,491,0,343,343,0,24,0,4/30/2020 16:07,N/A,Agree
2020/04/30,MN,5136,,,0,0,343,343,0,0,0,5/1/2020 21:00,N/A,Agree
2020/05/01,MN,5730,,,594,0,371,371,0,28,0,5/2/2020 15:47,N/A,Agree
2020/05/02,MN,6228,,,498,0,395,395,0,24,0,5/3/2020 15:36,N/A,Agree
2020/05/03,MN,7238,,,1010,0,428,428,0,33,0,5/4/2020 22:49,N/A,Agree
2020/05/04,MN,7234,,,-4,0,428,428,0,0,0,5/5/2020 17:25,N/A,Agree
2020/05/05,MN,7851,,,617,0,455,455,0,27,0,5/6/2020 16:23,N/A,Agree
2020/05/06,MN,8579,,,728,0,485,485,0,30,0,5/7/2020 22:59,N/A,Agree
2020/05/07,MN,10088,,,1509,0,534,534,0,49,0,5/8/2020 21:26,N/A,Agree
2020/05/08,MN,10088,,,0,0,534,534,0,0,0,5/9/2020 21:26,N/A,Agree
2020/05/09,MN,11271,,,1183,0,578,578,0,44,0,5/10/2020 21:26,N/A,Agree
2020/05/10,MN,11271,,,0,0,578,578,0,0,0,5/11/2020 21:26,N/A,Agree
2020/05/11,MN,11799,,,528,0,591,591,0,13,0,5/12/2020 17:26,N/A,Agree
2020/05/12,MN,12917,,,1118,0,646,638,8,55,8,5/13/2020 15:26,N/A,Agree
2020/05/13,MN,12917,,,0,0,638,638,0,-8,-8,5/14/2020 17:25,N/A,Agree
2020/05/14,MN,14240,,,1323,0,691,683,8,53,8,5/15/2020 16:11,N/A,Agree
2020/05/15,MN,14240,,,0,0,692,683,9,1,1,5/16/2020 15:46,N/A,Agree
2020/05/16,MN,15668,,,1428,0,730,722,8,38,-1,5/17/2020 15:27,N/A,Agree
2020/05/17,MN,16372,,,704,0,739,731,8,9,0,5/18/2020 16:01,N/A,Agree
2020/05/18,MN,17029,,,657,0,757,748,9,18,1,5/19/2020 15:45,N/A,Agree
2020/05/19,MN,17670,,,641,0,786,777,9,29,0,5/20/2020 15:28,N/A,Agree
2020/05/20,MN,17670,,,0,0,786,777,9,0,0,5/21/2020 15:41,N/A,Agree
2020/05/21,MN,19005,,,1335,0,851,842,9,65,0,5/22/2020 15:31,N/A,Agree
2020/05/22,MN,19845,,,840,0,861,852,9,10,0,5/23/2020 17:58,N/A,Agree
2020/05/23,MN,19845,,,0,0,861,852,9,0,0,5/24/2020 14:15,N/A,Agree
2020/05/24,MN,20573,,,728,0,878,869,9,17,0,5/25/2020 14:12,N/A,Agree
2020/05/25,MN,21960,,,1387,0,908,899,9,30,0,5/26/2020 14:23,N/A,Agree
2020/05/26,MN,22464,,,504,0,908,899,9,0,0,5/27/2020 15:37,N/A,Agree
2020/05/27,MN,22464,,,0,0,942,932,10,34,1,5/28/2020 15:12,N/A,Agree
2020/05/28,MN,23531,,,1067,0,1006,996,10,64,0,5/29/2020 14:19,N/A,Agree
2020/05/29,MN,23531,,,0,0,1006,996,10,0,0,5/30/2020 15:47,N/A,Agree
2020/05/30,MN,24850,,,1319,0,1050,1040,10,44,0,5/31/2020 14:43,N/A,Agree
2020/05/31,MN,25208,,,358,0,1060,1050,10,10,0,6/1/2020 14:17,N/A,Agree
2020/06/01,MN,25208,,,0,0,1060,1050,10,0,0,6/2/2020 14:16,N/A,Agree
2020/06/02,MN,25508,,,300,0,1082,1072,10,22,0,6/3/2020 14:11,N/A,Agree
2020/06/03,MN,25870,,,362,0,1097,1086,11,15,1,6/4/2020 15:03,N/A,Agree
2020/06/04,MN,26273,,,403,0,1126,1115,11,29,0,6/5/2020 15:17,N/A,Agree
2020/06/05,MN,27501,,,1228,0,1181,1170,11,55,0,6/6/2020 14:31,N/A,Agree
2020/06/06,MN,27886,,,385,0,1197,1186,11,16,0,6/7/2020 14:23,N/A,Agree
2020/06/07,MN,28224,,,338,0,1208,1197,11,11,0,6/8/2020 14:55,N/A,Agree
2020/06/08,MN,28523,,,299,0,1228,1217,11,20,0,6/9/2020 16:49,N/A,Agree
2020/06/09,MN,28869,,,346,0,1267,1236,31,39,20,6/10/2020 20:56,N/A,Agree
2020/06/10,MN,29316,,,447,0,1280,1249,31,13,0,6/11/2020 14:48,N/A,Agree
2020/06/11,MN,29316,,,0,0,1280,1249,31,0,0,6/12/2020 14:17,N/A,Agree
2020/06/12,MN,29795,,,479,0,1305,1274,31,25,0,6/13/2020 17:46,N/A,Agree
2020/06/13,MN,30172,,,377,0,1314,1283,31,9,0,6/14/2020 14:19,N/A,Agree
2020/06/14,MN,30693,,,521,0,1335,1304,31,21,0,6/15/2020 14:33,N/A,Agree
2020/06/15,MN,30882,,,189,0,1344,1313,31,9,0,6/16/2020 14:10,N/A,Agree
2020/06/16,MN,31296,,,414,0,1357,1325,32,13,1,6/17/2020 15:06,N/A,Agree
2020/06/17,MN,31296,,,0,0,1357,1325,32,0,0,6/18/2020 17:16,N/A,Agree
2020/06/18,MN,31675,,,379,0,1376,1344,32,19,0,6/19/2020 15:01,N/A,Agree
2020/06/19,MN,32467,,,792,0,1406,1374,32,30,0,6/20/2020 14:15,N/A,Agree
2020/06/20,MN,32920,,,453,0,1412,1380,32,6,0,6/21/2020 14:32,N/A,Agree
2020/06/21,MN,33227,,,307,0,1416,1384,32,4,0,6/22/2020 15:24,N/A,Agree
2020/06/22,MN,33469,,,242,0,1425,1393,32,9,0,6/23/2020 14:28,N/A,Agree
2020/06/23,MN,33763,,,294,0,1432,1397,35,7,3,6/24/2020 15:03,N/A,Agree
2020/06/24,MN,33763,,,0,0,1432,1397,35,0,0,6/25/2020 14:07,N/A,Agree
2020/06/25,MN,34616,,,853,0,1446,1411,35,14,0,6/26/2020 19:18,N/A,Agree
2020/06/26,MN,34616,,,0,0,1446,1411,35,0,0,6/27/2020 17:51,N/A,Agree
2020/06/27,MN,35549,,,933,0,1460,1425,35,14,0,6/28/2020 14:59,N/A,Agree
2020/06/28,MN,35546,,,-3,0,1470,1435,35,10,0,6/29/2020 14:37,N/A,Agree
2020/06/29,MN,35861,,,315,0,1470,1435,35,0,0,6/30/2020 15:27,N/A,Agree
2020/06/30,MN,36716,,,855,0,1482,1445,37,12,2,7/1/2020 15:45,N/A,Agree
2020/07/01,MN,37210,,,494,0,1495,1458,37,13,0,7/2/2020 15:10,N/A,Agree
2020/07/02,MN,37624,,,414,0,1503,1466,37,8,0,7/3/2020 15:01,N/A,Agree
2020/07/03,MN,37624,,,0,0,1503,1466,37,0,0,7/4/2020 15:30,N/A,Agree
2020/07/04,MN,38136,,,512,0,1508,1471,37,5,0,7/5/2020 15:00,N/A,Agree
2020/07/05,MN,38569,,,433,0,1511,1474,37,3,0,7/6/2020 15:16,N/A,Agree
2020/07/06,MN,39133,,,564,0,1514,1477,37,3,0,7/7/2020 14:58,N/A,Agree
2020/07/07,MN,39133,,,0,0,1514,1477,37,0,0,7/8/2020 14:12,N/A,Agree
2020/07/08,MN,40136,,,1003,0,1528,1490,38,14,1,7/9/2020 15:14,N/A,Agree
2020/07/09,MN,40767,,,631,0,1533,1495,38,5,0,7/10/2020 15:35,N/A,Agree
2020/07/10,MN,41571,,,804,0,1537,1499,38,4,0,7/11/2020 18:25,N/A,Agree
2020/07/11,MN,41571,,,0,0,1537,1499,38,0,0,7/12/2020 15:13,N/A,Agree
2020/07/12,MN,42772,,,1201,0,1542,1504,38,5,0,7/13/2020 15:19,N/A,Agree
2020/07/13,MN,43170,,,398,0,1548,1510,38,6,0,7/14/2020 15:13,N/A,Agree
2020/07/14,MN,43170,,,0,0,1548,1510,38,0,0,7/15/2020 15:05,N/A,Agree
2020/07/15,MN,44347,,,1177,0,1564,1526,38,16,0,7/16/2020 14:22,N/A,Agree
2020/07/16,MN,45013,,,666,0,1573,1533,40,9,2,7/17/2020 14:31,N/A,Agree
2020/07/17,MN,45470,,,457,0,1578,1538,40,5,0,7/18/2020 16:14,N/A,Agree
2020/07/18,MN,46204,,,734,0,1581,1541,40,3,0,7/19/2020 15:05,N/A,Agree
2020/07/19,MN,46204,,,0,0,1581,1541,40,0,0,7/20/2020 14:35,N/A,Agree
2020/07/20,MN,47457,,,1253,0,1588,1548,40,7,0,7/21/2020 14:50,N/A,Agree
2020/07/21,MN,47961,,,504,0,1592,1552,40,4,0,7/22/2020 14:51,N/A,Agree
2020/07/22,MN,48721,,,760,0,1601,1561,40,9,0,7/23/2020 14:48,N/A,Agree
2020/07/23,MN,49490,,,769,0,1606,1566,40,5,0,7/24/2020 14:18,N/A,Agree
2020/07/24,MN,50291,,,801,0,1611,1571,40,5,0,7/25/2020 17:40,N/A,Agree
2020/07/25,MN,50291,,,0,0,1611,1571,40,0,0,7/26/2020 15:17,N/A,Agree
2020/07/26,MN,51803,,,1512,0,1616,1576,40,5,0,7/27/2020 14:16,N/A,Agree
2020/07/27,MN,52281,,,478,0,1620,1580,40,4,0,7/28/2020 14:21,N/A,Agree
2020/07/28,MN,52947,,,666,0,1629,1589,40,9,0,7/29/2020 14:34,N/A,Agree
2020/07/29,MN,53692,,,745,0,1634,1594,40,5,0,7/30/2020 14:42,N/A,Agree
2020/07/30,MN,54464,,,772,0,1640,1600,40,6,0,7/31/2020 14:35,N/A,Agree
2020/07/31,MN,55188,,,724,0,1646,1606,40,6,0,8/1/2020 14:38,N/A,Agree
2020/08/01,MN,55947,,,759,0,1654,1614,40,8,0,8/2/2020 14:54,N/A,Agree
2020/08/02,MN,55947,,,0,0,1654,1614,40,0,0,8/3/2020 14:31,N/A,Agree
2020/08/03,MN,57162,,,1215,0,1660,1620,40,6,0,8/4/2020 14:09,N/A,Agree
2020/08/04,MN,57779,,,617,0,1670,1629,41,10,1,8/5/2020 14:13,N/A,Agree
2020/08/05,MN,58640,,,861,0,1677,1636,41,7,0,8/6/2020 14:12,N/A,Agree
2020/08/06,MN,59185,,,545,0,1681,1640,41,4,0,8/7/2020 23:57,N/A,Agree
2020/08/07,MN,60101,,,916,0,1689,1648,41,8,0,8/8/2020 14:58,N/A,Agree
2020/08/08,MN,60898,,,797,0,1698,1657,41,9,0,8/9/2020 14:03,N/A,Agree
2020/08/09,MN,61516,,,618,0,1701,1660,41,3,0,8/10/2020 14:23,N/A,Agree
2020/08/10,MN,61839,,,323,0,1707,1666,41,6,0,8/11/2020 14:16,N/A,Agree
2020/08/11,MN,61839,,,0,0,1707,1666,41,0,0,8/12/2020 13:50,N/A,Agree
2020/08/12,MN,62296,,,457,0,1726,1685,41,19,0,8/13/2020 14:12,N/A,Agree
2020/08/13,MN,63723,,,1427,0,1739,1693,46,13,5,8/14/2020 14:30,N/A,Agree
2020/08/14,MN,64413,,,690,0,1745,1699,46,6,0,8/15/2020 14:02,N/A,Agree
2020/08/15,MN,65162,,,749,0,1752,1706,46,7,0,8/16/2020 14:57,N/A,Agree
2020/08/16,MN,65716,,,554,0,1759,1712,47,7,1,8/17/2020 14:26,N/A,Agree
2020/08/17,MN,65716,,,0,0,1758,1712,46,-1,-1,8/18/2020 14:26,N/A,Agree
2020/08/18,MN,66061,,,345,0,1767,1721,46,9,0,8/19/2020 14:23,N/A,Agree
2020/08/19,MN,67308,,,1247,0,1792,1745,47,25,1,8/20/2020 15:11,N/A,Agree
2020/08/20,MN,68133,,,825,0,1800,1753,47,8,0,8/21/2020 14:27,N/A,Agree
2020/08/21,MN,68133,,,0,0,1799,1753,46,-1,-1,8/22/2020 14:21,N/A,Agree
2020/08/22,MN,69584,,,1451,0,1813,1767,46,14,0,8/23/2020 14:15,N/A,Agree
2020/08/23,MN,70298,,,714,0,1817,1771,46,4,0,8/24/2020 13:54,N/A,Agree
2020/08/24,MN,70707,,,409,0,1828,1779,49,11,3,8/25/2020 14:02,N/A,Agree
2020/08/25,MN,71236,,,529,0,1842,1793,49,14,0,8/26/2020 13:51,N/A,Agree
2020/08/26,MN,72390,,,1154,0,1855,1806,49,13,0,8/27/2020 13:42,N/A,Agree
2020/08/27,MN,73240,,,850,0,1859,1810,49,4,0,8/28/2020 13:43,N/A,Agree
2020/08/28,MN,73240,,,0,0,1859,1810,49,0,0,8/29/2020 13:42,N/A,Agree
2020/08/29,MN,75214,,,1974,0,1865,1816,49,6,0,8/30/2020 14:49,N/A,Agree
2020/08/30,MN,75864,,,650,0,1866,1817,49,1,0,8/31/2020 14:05,N/A,Agree
2020/08/31,MN,75864,,,0,0,1866,1817,49,0,0,9/1/2020 14:09,N/A,Agree
2020/09/01,MN,77085,,,1221,0,1882,1830,52,16,3,9/2/2020 13:49,N/A,Agree
2020/09/02,MN,77085,,,0,0,1882,1830,52,0,0,9/3/2020 14:18,N/A,Agree
2020/09/03,MN,78966,,,1881,0,1899,1847,52,17,0,9/4/2020 13:36,N/A,Agree
2020/09/04,MN,78966,,,0,0,1899,1847,52,0,0,9/5/2020 14:09,N/A,Agree
2020/09/05,MN,80587,,,1621,0,1909,1857,52,10,0,9/6/2020 14:09,N/A,Agree
2020/09/06,MN,81225,,,638,0,1912,1860,52,3,0,9/7/2020 13:37,N/A,Agree
2020/09/07,MN,81608,,,383,0,1914,1862,52,2,0,9/8/2020 14:47,N/A,Agree
2020/09/08,MN,81868,,,260,0,1921,1869,52,7,0,9/9/2020 13:47,N/A,Agree
2020/09/09,MN,82249,,,381,0,1936,1884,52,15,0,9/10/2020 14:02,N/A,Agree
2020/09/10,MN,82249,,,0,0,1936,1884,52,0,0,9/11/2020 13:51,N/A,Agree
2020/09/11,MN,82716,,,467,0,1949,1897,52,13,0,9/12/2020 14:12,N/A,Agree
2020/09/12,MN,84311,,,1595,0,1971,1919,52,22,0,9/13/2020 16:17,N/A,Agree
2020/09/13,MN,84949,,,638,0,1974,1922,52,3,0,9/14/2020 14:01,N/A,Agree
2020/09/14,MN,85351,,,402,0,1979,1927,52,5,0,9/15/2020 14:03,N/A,Agree
2020/09/15,MN,85351,,,0,0,1979,1927,52,0,0,9/16/2020 13:53,N/A,Agree
2020/09/16,MN,85813,,,462,0,1985,1933,52,6,0,9/17/2020 13:45,N/A,Agree
2020/09/17,MN,86722,,,909,0,1994,1942,52,9,0,9/18/2020 13:48,N/A,Agree
2020/09/18,MN,87807,,,1085,0,2002,1950,52,8,0,9/19/2020 14:00,N/A,Agree
2020/09/19,MN,88721,,,914,0,2015,1963,52,13,0,9/20/2020 13:53,N/A,Agree
2020/09/20,MN,90942,,,2221,0,2021,1969,52,6,0,9/21/2020 13:47,N/A,Agree
2020/09/21,MN,91422,,,480,0,2031,1979,52,10,0,9/22/2020 13:51,N/A,Agree
2020/09/22,MN,92100,,,678,0,2037,1985,52,6,0,9/23/2020 13:51,N/A,Agree
2020/09/23,MN,92100,,,0,0,2037,1985,52,0,0,9/24/2020 13:54,N/A,Agree
2020/09/24,MN,94189,,,2089,0,2046,1994,52,9,0,9/25/2020 13:54,N/A,Agree
2020/09/25,MN,95659,,,1470,0,2056,2004,52,10,0,9/26/2020 13:46,N/A,Agree
2020/01/22,WV,0,,,0,,0,,,0,,3/26/2020 16:22,Agree,Not agree
2020/01/23,WV,0,,,0,,0,,,0,,3/26/2020 16:22,Agree,Not agree
2020/01/24,WV,0,,,0,,0,,,0,,3/26/2020 16:22,Agree,Not agree
2020/01/25,WV,0,,,0,,0,,,0,,3/26/2020 16:22,Agree,Not agree
2020/01/26,WV,0,,,0,,0,,,0,,3/26/2020 16:22,Agree,Not agree
2020/01/27,WV,0,,,0,,0,,,0,,3/26/2020 16:22,Agree,Not agree
2020/01/28,WV,0,,,0,,0,,,0,,3/26/2020 16:22,Agree,Not agree
2020/01/29,WV,0,,,0,,0,,,0,,3/26/2020 16:22,Agree,Not agree
2020/01/30,WV,0,,,0,,0,,,0,,3/26/2020 16:22,Agree,Not agree
2020/01/31,WV,0,,,0,,0,,,0,,3/26/2020 16:22,Agree,Not agree
2020/02/01,WV,0,,,0,,0,,,0,,3/26/2020 16:22,Agree,Not agree
2020/02/02,WV,0,,,0,,0,,,0,,3/26/2020 16:22,Agree,Not agree
2020/02/03,WV,0,,,0,,0,,,0,,3/26/2020 16:22,Agree,Not agree
2020/02/04,WV,0,,,0,,0,,,0,,3/26/2020 16:22,Agree,Not agree
2020/02/05,WV,0,,,0,,0,,,0,,3/26/2020 16:22,Agree,Not agree
2020/02/06,WV,0,,,0,,0,,,0,,3/26/2020 16:22,Agree,Not agree
2020/02/07,WV,0,,,0,,0,,,0,,3/26/2020 16:22,Agree,Not agree
2020/02/08,WV,0,,,0,,0,,,0,,3/26/2020 16:22,Agree,Not agree
2020/02/09,WV,0,,,0,,0,,,0,,3/26/2020 16:22,Agree,Not agree
2020/02/10,WV,0,,,0,,0,,,0,,3/26/2020 16:22,Agree,Not agree
2020/02/11,WV,0,,,0,,0,,,0,,3/26/2020 16:22,Agree,Not agree
2020/02/12,WV,0,,,0,,0,,,0,,3/26/2020 16:22,Agree,Not agree
2020/02/13,WV,0,,,0,,0,,,0,,3/26/2020 16:22,Agree,Not agree
2020/02/14,WV,0,,,0,,0,,,0,,3/26/2020 16:22,Agree,Not agree
2020/02/15,WV,0,,,0,,0,,,0,,3/26/2020 16:22,Agree,Not agree
2020/02/16,WV,0,,,0,,0,,,0,,3/26/2020 16:22,Agree,Not agree
2020/02/17,WV,0,,,0,,0,,,0,,3/26/2020 16:22,Agree,Not agree
2020/02/18,WV,0,,,0,,0,,,0,,3/26/2020 16:22,Agree,Not agree
2020/02/19,WV,0,,,0,,0,,,0,,3/26/2020 16:22,Agree,Not agree
2020/02/20,WV,0,,,0,,0,,,0,,3/26/2020 16:22,Agree,Not agree
2020/02/21,WV,0,,,0,,0,,,0,,3/26/2020 16:22,Agree,Not agree
2020/02/22,WV,0,,,0,,0,,,0,,3/26/2020 16:22,Agree,Not agree
2020/02/23,WV,0,,,0,,0,,,0,,3/26/2020 16:22,Agree,Not agree
2020/02/24,WV,0,,,0,,0,,,0,,3/26/2020 16:22,Agree,Not agree
2020/02/25,WV,0,,,0,,0,,,0,,3/26/2020 16:22,Agree,Not agree
2020/02/26,WV,0,,,0,,0,,,0,,3/26/2020 16:22,Agree,Not agree
2020/02/27,WV,0,,,0,,0,,,0,,3/26/2020 16:22,Agree,Not agree
2020/02/28,WV,0,,,0,,0,,,0,,3/26/2020 16:22,Agree,Not agree
2020/02/29,WV,0,,,0,,0,,,0,,3/26/2020 16:22,Agree,Not agree
2020/03/01,WV,0,,,0,,0,,,0,,3/26/2020 16:22,Agree,Not agree
2020/03/02,WV,0,,,0,,0,,,0,,3/26/2020 16:22,Agree,Not agree
2020/03/03,WV,0,,,0,,0,,,0,,3/26/2020 16:22,Agree,Not agree
2020/03/04,WV,0,,,0,,0,,,0,,3/26/2020 16:22,Agree,Not agree
2020/03/05,WV,0,,,0,,0,,,0,,3/26/2020 16:22,Agree,Not agree
2020/03/06,WV,0,,,0,,0,,,0,,3/26/2020 16:22,Agree,Not agree
2020/03/07,WV,0,,,0,,0,,,0,,3/26/2020 16:22,Agree,Not agree
2020/03/08,WV,0,,,0,,0,,,0,,3/26/2020 16:22,Agree,Not agree
2020/03/09,WV,0,,,0,,0,,,0,,3/26/2020 16:22,Agree,Not agree
2020/03/10,WV,0,,,0,,0,,,0,,3/26/2020 16:22,Agree,Not agree
2020/03/11,WV,0,,,0,,0,,,0,,3/26/2020 16:22,Agree,Not agree
2020/03/12,WV,0,,,0,,0,,,0,,3/26/2020 16:22,Agree,Not agree
2020/03/13,WV,0,,,0,,0,,,0,,3/26/2020 16:22,Agree,Not agree
2020/03/14,WV,0,,,0,,0,,,0,,3/26/2020 16:22,Agree,Not agree
2020/03/15,WV,0,,,0,,0,,,0,,3/26/2020 16:22,Agree,Not agree
2020/03/16,WV,0,,,0,,0,,,0,,3/26/2020 16:22,Agree,Not agree
2020/03/17,WV,1,,,1,,0,,,0,,3/26/2020 16:22,Agree,Not agree
2020/03/18,WV,2,,,1,,0,,,0,,3/26/2020 16:22,Agree,Not agree
2020/03/19,WV,5,,,3,,0,,,0,,3/26/2020 16:22,Agree,Not agree
2020/03/20,WV,8,,,3,,0,,,0,,3/26/2020 16:22,Agree,Not agree
2020/03/21,WV,12,,,4,,0,,,0,,3/26/2020 16:22,Agree,Not agree
2020/03/22,WV,16,,,4,,0,,,0,,3/26/2020 16:22,Agree,Not agree
2020/03/23,WV,20,,,4,,0,,,0,,3/26/2020 16:22,Agree,Not agree
2020/03/24,WV,39,,,19,,0,,,0,,3/26/2020 16:22,Agree,Not agree
2020/03/25,WV,51,,,12,,0,,,0,,3/26/2020 16:22,Agree,Not agree
2020/03/26,WV,76,,,25,,0,,,0,,3/26/2020 16:22,Agree,Not agree
2020/03/27,WV,96,,,20,,0,,,0,,3/26/2020 16:22,Agree,Not agree
2020/03/28,WV,113,,,17,,0,,,0,,3/28/2020 16:22,Agree,Not agree
2020/03/29,WV,124,,,11,,1,,,1,,3/28/2020 16:22,Agree,Not agree
2020/03/30,WV,145,,,21,,1,,,0,,3/29/2020 16:22,Agree,Not agree
2020/03/31,WV,162,,,17,,1,,,0,,3/30/2020 16:22,Agree,Not agree
2020/04/01,WV,191,,,29,,2,,,1,,3/31/2020 16:22,Agree,Not agree
2020/04/02,WV,217,,,26,,2,,,0,,4/1/2020 16:22,Agree,Not agree
2020/04/03,WV,237,,,20,,2,,,0,,4/3/2020 16:22,Agree,Not agree
2020/04/04,WV,282,,,45,,2,,,0,,4/3/2020 16:22,Agree,Not agree
2020/04/05,WV,324,,,42,,3,,,1,,4/4/2020 16:22,Agree,Not agree
2020/04/06,WV,345,,,21,,4,,,1,,4/5/2020 16:22,Agree,Not agree
2020/04/07,WV,412,,,67,,4,,,0,,4/7/2020 16:22,Agree,Not agree
2020/04/08,WV,412,,,0,,4,,,0,,4/7/2020 16:22,Agree,Not agree
2020/04/09,WV,523,,,111,,5,,,1,,4/8/2020 16:22,Agree,Not agree
2020/04/10,WV,574,,,51,,5,,,0,,4/9/2020 16:22,Agree,Not agree
2020/04/11,WV,591,,,17,,6,,,1,,4/10/2020 16:22,Agree,Not agree
2020/04/12,WV,611,,,20,,8,,,2,,4/11/2020 16:22,Agree,Not agree
2020/04/13,WV,626,,,15,,9,,,1,,4/12/2020 16:22,Agree,Not agree
2020/04/14,WV,694,,,68,,10,,,1,,4/13/2020 16:22,Agree,Not agree
2020/04/15,WV,718,,,24,,12,,,2,,4/15/2020 16:22,Agree,Not agree
2020/04/16,WV,739,,,21,,13,,,1,,4/16/2020 16:22,Agree,Not agree
2020/04/17,WV,775,,,36,,16,,,3,,4/17/2020 16:22,Agree,Not agree
2020/04/18,WV,825,,,50,,18,,,2,,4/18/2020 16:22,Agree,Not agree
2020/04/19,WV,863,863,0,38,0,18,,,0,0,4/19/2020 16:22,Agree,Not agree
2020/04/20,WV,902,902,0,39,0,24,,,6,0,4/20/2020 16:22,Agree,Not agree
2020/04/21,WV,914,914,0,12,0,26,,,2,0,4/21/2020 16:22,Agree,Not agree
2020/04/22,WV,963,963,0,49,0,29,,,3,0,4/22/2020 16:22,Agree,Not agree
2020/04/23,WV,981,981,0,18,0,31,,,2,0,5/25/2020 15:38,Agree,Not agree
2020/04/24,WV,1010,1010,0,29,0,32,,,1,0,5/25/2020 15:38,Agree,Not agree
2020/04/25,WV,1025,1025,0,15,0,33,,,1,0,5/25/2020 15:38,Agree,Not agree
2020/04/26,WV,1053,1053,0,28,0,34,,,1,0,5/25/2020 15:38,Agree,Not agree
2020/04/27,WV,1077,1077,0,24,0,37,,,3,0,5/25/2020 15:38,Agree,Not agree
2020/04/28,WV,1095,1095,0,18,0,38,,,1,0,4/29/2020 18:12,Agree,Not agree
2020/04/29,WV,1109,1109,0,14,0,40,,,2,0,4/30/2020 16:07,Agree,Not agree
2020/04/30,WV,1125,1125,0,16,0,44,,,4,0,5/1/2020 21:00,Agree,Not agree
2020/05/01,WV,1151,1151,0,26,0,47,,,3,0,5/2/2020 15:47,Agree,Not agree
2020/05/02,WV,1184,1184,0,33,0,50,,,3,0,5/3/2020 15:36,Agree,Not agree
2020/05/03,WV,1195,1195,0,11,0,50,,,0,0,5/4/2020 22:49,Agree,Not agree
2020/05/04,WV,1224,1224,0,29,0,50,,,0,0,5/5/2020 17:25,Agree,Not agree
2020/05/05,WV,1242,1242,0,18,0,50,,,0,0,5/6/2020 16:23,Agree,Not agree
2020/05/06,WV,1276,1276,0,34,0,51,,,1,0,5/7/2020 22:59,Agree,Not agree
2020/05/07,WV,1297,1297,0,21,0,51,,,0,0,5/8/2020 21:26,Agree,Not agree
2020/05/08,WV,1323,1323,0,26,0,52,,,1,0,5/9/2020 21:26,Agree,Not agree
2020/05/09,WV,1347,1347,0,24,0,53,,,1,0,5/10/2020 21:26,Agree,Not agree
2020/05/10,WV,1362,1362,0,15,0,54,,,1,0,5/11/2020 21:26,Agree,Not agree
2020/05/11,WV,1369,1369,0,7,0,57,,,3,0,5/12/2020 17:26,Agree,Not agree
2020/05/12,WV,1378,1378,0,9,0,58,,,1,0,5/13/2020 15:26,Agree,Not agree
2020/05/13,WV,1404,1404,0,26,0,59,,,1,0,5/14/2020 17:25,Agree,Not agree
2020/05/14,WV,1434,1434,0,30,0,62,,,3,0,5/15/2020 16:11,Agree,Not agree
2020/05/15,WV,1447,1447,0,13,0,64,,,2,0,5/16/2020 15:46,Agree,Not agree
2020/05/16,WV,1470,1470,0,23,0,65,,,1,0,5/17/2020 15:27,Agree,Not agree
2020/05/17,WV,1490,1490,0,20,0,67,,,2,0,5/18/2020 16:01,Agree,Not agree
2020/05/18,WV,1502,1502,0,12,0,68,,,1,0,5/19/2020 15:45,Agree,Not agree
2020/05/19,WV,1514,1514,0,12,0,68,,,0,0,5/20/2020 15:28,Agree,Not agree
2020/05/20,WV,1567,1567,0,53,0,69,,,1,0,5/21/2020 15:41,Agree,Not agree
2020/05/21,WV,1603,1603,0,36,0,71,,,2,0,5/22/2020 15:31,Agree,Not agree
2020/05/22,WV,1705,1668,37,102,37,72,,,1,0,5/23/2020 17:58,Agree,Not agree
2020/05/23,WV,1729,1690,39,24,2,72,,,0,0,5/24/2020 14:15,Agree,Not agree
2020/05/24,WV,1771,1726,45,42,6,72,,,0,0,5/25/2020 14:12,Agree,Not agree
2020/05/25,WV,1782,1742,40,11,-5,73,,,1,0,5/26/2020 14:23,Agree,Not agree
2020/05/26,WV,1854,1808,46,72,6,74,,,1,0,5/27/2020 15:37,Agree,Not agree
2020/05/27,WV,1899,1851,48,45,2,74,,,0,0,5/28/2020 15:12,Agree,Not agree
2020/05/28,WV,1935,1884,51,36,3,74,,,0,0,5/29/2020 14:19,Agree,Not agree
2020/05/29,WV,1972,1917,55,37,4,74,,,0,0,5/30/2020 15:47,Agree,Not agree
2020/05/30,WV,1989,1934,55,17,0,75,,,1,0,5/31/2020 14:43,Agree,Not agree
2020/05/31,WV,2010,1953,57,21,2,75,,,0,0,6/1/2020 14:17,Agree,Not agree
2020/06/01,WV,2028,1970,58,18,1,76,,,1,0,6/2/2020 14:16,Agree,Not agree
2020/06/02,WV,2056,1997,59,28,1,78,,,2,0,6/3/2020 14:11,Agree,Not agree
2020/06/03,WV,2077,2018,59,21,0,78,,,0,0,6/4/2020 15:03,Agree,Not agree
2020/06/04,WV,2102,2039,63,25,4,79,,,1,0,6/5/2020 15:17,Agree,Not agree
2020/06/05,WV,2119,2054,65,17,2,84,,,5,0,6/6/2020 14:31,Agree,Not agree
2020/06/06,WV,2136,2069,67,17,2,84,,,0,0,6/7/2020 14:23,Agree,Not agree
2020/06/07,WV,2144,2075,69,8,2,84,,,0,0,6/8/2020 14:55,Agree,Not agree
2020/06/08,WV,2161,2089,72,17,3,84,,,0,0,6/9/2020 16:49,Agree,Not agree
2020/06/09,WV,2179,2105,74,18,2,84,,,0,0,6/10/2020 20:56,Agree,Not agree
2020/06/10,WV,2193,2118,75,14,1,85,,,1,0,6/11/2020 14:48,Agree,Not agree
2020/06/11,WV,2217,2141,76,24,1,86,,,1,0,6/12/2020 14:17,Agree,Not agree
2020/06/12,WV,2249,2173,76,32,0,88,,,2,0,6/13/2020 17:46,Agree,Not agree
2020/06/13,WV,2274,2198,76,25,0,88,,,0,0,6/14/2020 14:19,Agree,Not agree
2020/06/14,WV,2290,2213,77,16,1,88,,,0,0,6/15/2020 14:33,Agree,Not agree
2020/06/15,WV,2322,2243,79,32,2,88,,,0,0,6/16/2020 14:10,Agree,Not agree
2020/06/16,WV,2341,2261,80,19,1,88,,,0,0,6/17/2020 15:06,Agree,Not agree
2020/06/17,WV,2376,2295,81,35,1,88,,,0,0,6/18/2020 17:16,Agree,Not agree
2020/06/18,WV,2418,2336,82,42,1,88,,,0,0,6/19/2020 15:01,Agree,Not agree
2020/06/19,WV,2468,2385,83,50,1,88,,,0,0,6/20/2020 14:15,Agree,Not agree
2020/06/20,WV,2500,2418,82,32,-1,88,,,0,0,6/21/2020 14:32,Agree,Not agree
2020/06/21,WV,2543,2452,91,43,9,89,,,1,0,6/22/2020 15:24,Agree,Not agree
2020/06/22,WV,2571,2482,89,28,-2,90,,,1,0,6/23/2020 14:28,Agree,Not agree
2020/06/23,WV,2593,2505,88,22,-1,92,,,2,0,6/24/2020 15:03,Agree,Not agree
2020/06/24,WV,2629,2541,88,36,0,92,,,0,0,6/25/2020 14:07,Agree,Not agree
2020/06/25,WV,2694,2601,93,65,5,92,,,0,0,6/26/2020 19:18,Agree,Not agree
2020/06/26,WV,2730,2637,93,36,0,92,,,0,0,6/27/2020 17:51,Agree,Not agree
2020/06/27,WV,2782,2689,93,52,0,93,,,1,0,6/28/2020 14:59,Agree,Not agree
2020/06/28,WV,2832,2734,98,50,5,93,,,0,0,6/29/2020 14:37,Agree,Not agree
2020/06/29,WV,2870,2771,99,38,1,93,,,0,0,6/30/2020 15:27,Agree,Not agree
2020/06/30,WV,2905,2804,101,35,2,93,,,0,0,7/1/2020 15:45,Agree,Not agree
2020/07/01,WV,2979,2877,102,74,1,93,,,0,0,7/2/2020 15:10,Agree,Not agree
2020/07/02,WV,3053,2949,104,74,2,93,,,0,0,7/3/2020 15:01,Agree,Not agree
2020/07/03,WV,3126,3021,105,73,1,93,,,0,0,7/4/2020 15:30,Agree,Not agree
2020/07/04,WV,3205,3099,106,79,1,94,,,1,0,7/5/2020 15:00,Agree,Not agree
2020/07/05,WV,3335,3230,105,130,-1,95,,,1,0,7/6/2020 15:16,Agree,Not agree
2020/07/06,WV,3442,3336,106,107,1,95,,,0,0,7/7/2020 14:58,Agree,Not agree
2020/07/07,WV,3505,3399,106,63,0,95,,,0,0,7/8/2020 14:12,Agree,Not agree
2020/07/08,WV,3707,3602,105,202,-1,95,,,0,0,7/9/2020 15:14,Agree,Not agree
2020/07/09,WV,3826,3718,108,119,3,95,,,0,0,7/10/2020 15:35,Agree,Not agree
2020/07/10,WV,3983,3872,111,157,3,95,,,0,0,7/11/2020 18:25,Agree,Not agree
2020/07/11,WV,4146,4035,111,163,0,96,,,1,0,7/12/2020 15:13,Agree,Not agree
2020/07/12,WV,4244,4128,116,98,5,96,,,0,0,7/13/2020 15:19,Agree,Not agree
2020/07/13,WV,4313,4195,118,69,2,97,,,1,0,7/14/2020 15:13,Agree,Not agree
2020/07/14,WV,4407,4289,118,94,0,97,,,0,0,7/15/2020 15:05,Agree,Not agree
2020/07/15,WV,4557,4439,118,150,0,98,,,1,0,7/16/2020 14:22,Agree,Not agree
2020/07/16,WV,4657,4535,122,100,4,99,,,1,0,7/17/2020 14:31,Agree,Not agree
2020/07/17,WV,4783,4658,125,126,3,100,,,1,0,7/18/2020 16:14,Agree,Not agree
2020/07/18,WV,4922,4726,196,139,71,100,,,0,0,7/19/2020 15:05,Agree,Not agree
2020/07/19,WV,5042,4918,124,120,-72,100,,,0,0,7/20/2020 14:35,Agree,Not agree
2020/07/20,WV,5142,5019,123,100,-1,100,,,0,0,7/21/2020 14:50,Agree,Not agree
2020/07/21,WV,5199,5074,125,57,2,101,,,1,0,7/22/2020 14:51,Agree,Not agree
2020/07/22,WV,5461,5332,129,262,4,102,,,1,0,7/23/2020 14:48,Agree,Not agree
2020/07/23,WV,5550,5420,130,89,1,103,,,1,0,7/24/2020 14:18,Agree,Not agree
2020/07/24,WV,5695,5562,133,145,3,103,,,0,0,7/25/2020 17:40,Agree,Not agree
2020/07/25,WV,5821,5687,134,126,1,103,,,0,0,7/26/2020 15:17,Agree,Not agree
2020/07/26,WV,5960,5825,135,139,1,103,,,0,0,7/27/2020 14:16,Agree,Not agree
2020/07/27,WV,6054,5913,141,94,6,106,,,3,0,7/28/2020 14:21,Agree,Not agree
2020/07/28,WV,6173,6033,140,119,-1,111,,,5,0,7/29/2020 14:34,Agree,Not agree
2020/07/29,WV,6326,6187,139,153,-1,112,,,1,0,7/30/2020 14:42,Agree,Not agree
2020/07/30,WV,6422,6284,138,96,-1,115,,,3,0,7/31/2020 14:35,Agree,Not agree
2020/07/31,WV,6642,6502,140,220,2,116,,,1,0,8/1/2020 14:38,Agree,Not agree
2020/08/01,WV,6735,6595,140,93,0,116,,,0,0,8/2/2020 14:54,Agree,Not agree
2020/08/02,WV,6854,6713,141,119,1,117,,,1,0,8/3/2020 14:31,Agree,Not agree
2020/08/03,WV,6973,6829,144,119,3,117,,,0,0,8/4/2020 14:09,Agree,Not agree
2020/08/04,WV,7051,6902,149,78,5,124,,,7,0,8/5/2020 14:13,Agree,Not agree
2020/08/05,WV,7159,7008,151,108,2,124,,,0,0,8/6/2020 14:12,Agree,Not agree
2020/08/06,WV,7277,7123,154,118,3,124,,,0,0,8/7/2020 23:57,Agree,Not agree
2020/08/07,WV,7433,7277,156,156,2,127,,,3,0,8/8/2020 14:58,Agree,Not agree
2020/08/08,WV,7563,7406,157,130,1,131,,,4,0,8/9/2020 14:03,Agree,Not agree
2020/08/09,WV,7694,7536,158,131,1,139,,,8,0,8/10/2020 14:23,Agree,Not agree
2020/08/10,WV,7754,7596,158,60,0,141,,,2,0,8/11/2020 14:16,Agree,Not agree
2020/08/11,WV,7875,7713,162,121,4,147,,,6,0,8/12/2020 13:50,Agree,Not agree
2020/08/12,WV,8008,7844,164,133,2,153,,,6,1,8/13/2020 14:12,Agree,Not agree
2020/08/13,WV,8151,7985,166,143,2,153,,,0,0,8/14/2020 14:30,Agree,Not agree
2020/08/14,WV,8274,8104,170,123,4,157,,,4,0,8/15/2020 14:02,Agree,Not agree
2020/08/15,WV,8457,8289,168,183,-2,160,,,3,0,8/16/2020 14:57,Agree,Not agree
2020/08/16,WV,8564,8393,171,107,3,160,,,0,0,8/17/2020 14:26,Agree,Not agree
2020/08/17,WV,8632,8462,170,68,-1,160,,,0,0,8/18/2020 14:26,Agree,Not agree
2020/08/18,WV,8731,8557,174,99,4,164,,,4,0,8/19/2020 14:23,Agree,Not agree
2020/08/19,WV,8801,8623,178,70,4,166,,,2,0,8/20/2020 15:11,Agree,Not agree
2020/08/20,WV,8982,8806,176,181,-2,166,,,0,0,8/21/2020 14:27,Agree,Not agree
2020/08/21,WV,9066,8890,176,84,0,170,,,4,0,8/22/2020 14:21,Agree,Not agree
2020/08/22,WV,9185,9010,175,119,-1,176,,,6,0,8/23/2020 14:15,Agree,Not agree
2020/08/23,WV,9272,9097,175,87,0,178,,,2,0,8/24/2020 13:54,Agree,Not agree
2020/08/24,WV,9312,9137,175,40,0,179,,,1,0,8/25/2020 14:02,Agree,Not agree
2020/08/25,WV,9395,9219,176,83,1,187,,,8,0,8/26/2020 13:51,Agree,Not agree
2020/08/26,WV,9540,9364,176,145,0,190,,,3,0,8/27/2020 13:42,Agree,Not agree
2020/08/27,WV,9633,9458,175,93,-1,199,,,9,0,8/28/2020 13:43,Agree,Not agree
2020/08/28,WV,9824,9644,180,191,5,202,,,3,0,8/29/2020 13:42,Agree,Not agree
2020/08/29,WV,9967,9784,183,143,3,212,,,10,1,8/30/2020 14:49,Agree,Not agree
2020/08/30,WV,10110,9928,182,143,-1,213,,,1,0,8/31/2020 14:05,Agree,Not agree
2020/08/31,WV,10250,10066,184,140,2,214,,,1,0,9/1/2020 14:09,Agree,Not agree
2020/09/01,WV,10507,10321,186,257,2,222,,,8,0,9/2/2020 13:49,Agree,Not agree
2020/09/02,WV,10642,10453,189,135,3,230,,,8,0,9/3/2020 14:18,Agree,Not agree
2020/09/03,WV,10845,10653,192,203,3,237,,,7,0,9/4/2020 13:36,Agree,Not agree
2020/09/04,WV,11037,10846,191,192,-1,243,,,6,0,9/5/2020 14:09,Agree,Not agree
2020/09/05,WV,11289,11093,196,252,5,243,,,0,0,9/6/2020 14:09,Agree,Not agree
2020/09/06,WV,11412,11214,198,123,2,246,,,3,0,9/7/2020 13:37,Agree,Not agree
2020/09/07,WV,11575,11368,207,163,9,247,,,1,0,9/8/2020 14:47,Agree,Not agree
2020/09/08,WV,11661,11448,213,86,6,250,,,3,0,9/9/2020 13:47,Agree,Not agree
2020/09/09,WV,11808,11564,244,147,31,254,,,4,0,9/10/2020 14:02,Agree,Not agree
2020/09/10,WV,12017,11753,264,209,20,257,,,3,0,9/11/2020 13:51,Agree,Not agree
2020/09/11,WV,12174,11900,274,157,10,263,,,6,0,9/12/2020 14:12,Agree,Not agree
2020/09/12,WV,12521,12225,296,347,22,265,,,2,0,9/13/2020 16:17,Agree,Not agree
2020/09/13,WV,12699,12403,296,178,0,266,,,1,0,9/14/2020 14:01,Agree,Not agree
2020/09/14,WV,12820,12519,301,121,5,275,,,9,0,9/15/2020 14:03,Agree,Not agree
2020/09/15,WV,12976,12672,304,156,3,280,,,5,0,9/16/2020 13:53,Agree,Not agree
2020/09/16,WV,13196,12881,315,220,11,290,,,10,0,9/17/2020 13:45,Agree,Not agree
2020/09/17,WV,13430,13109,321,234,6,294,,,4,0,9/18/2020 13:48,Agree,Not agree
2020/09/18,WV,13683,13353,330,253,9,297,,,3,0,9/19/2020 14:00,Agree,Not agree
2020/09/19,WV,13874,13542,332,191,2,308,,,11,0,9/20/2020 13:53,Agree,Not agree
2020/09/20,WV,14054,13717,337,180,5,310,,,2,0,9/21/2020 13:47,Agree,Not agree
2020/09/21,WV,14171,13830,341,117,4,312,,,2,0,9/22/2020 13:51,Agree,Not agree
2020/09/22,WV,14384,14044,340,213,-1,317,,,5,0,9/23/2020 13:51,Agree,Not agree
2020/09/23,WV,14504,14160,344,120,4,319,,,2,0,9/24/2020 13:54,Agree,Not agree
2020/09/24,WV,14706,14339,367,202,23,325,,,6,0,9/25/2020 13:54,Agree,Not agree
2020/09/25,WV,14953,14577,376,247,9,330,,,5,1,9/26/2020 13:46,Agree,Not agree
2020/01/22,RI,0,,,0,,0,,,0,,3/26/2020 16:22,Not agree,N/A
2020/01/23,RI,0,,,0,,0,,,0,,3/26/2020 16:22,Not agree,N/A
2020/01/24,RI,0,,,0,,0,,,0,,3/26/2020 16:22,Not agree,N/A
2020/01/25,RI,0,,,0,,0,,,0,,3/26/2020 16:22,Not agree,N/A
2020/01/26,RI,0,,,0,,0,,,0,,3/26/2020 16:22,Not agree,N/A
2020/01/27,RI,0,,,0,,0,,,0,,3/26/2020 16:22,Not agree,N/A
2020/01/28,RI,0,,,0,,0,,,0,,3/26/2020 16:22,Not agree,N/A
2020/01/29,RI,0,,,0,,0,,,0,,3/26/2020 16:22,Not agree,N/A
2020/01/30,RI,0,,,0,,0,,,0,,3/26/2020 16:22,Not agree,N/A
2020/01/31,RI,0,,,0,,0,,,0,,3/26/2020 16:22,Not agree,N/A
2020/02/01,RI,0,,,0,,0,,,0,,3/26/2020 16:22,Not agree,N/A
2020/02/02,RI,0,,,0,,0,,,0,,3/26/2020 16:22,Not agree,N/A
2020/02/03,RI,0,,,0,,0,,,0,,3/26/2020 16:22,Not agree,N/A
2020/02/04,RI,0,,,0,,0,,,0,,3/26/2020 16:22,Not agree,N/A
2020/02/05,RI,0,,,0,,0,,,0,,3/26/2020 16:22,Not agree,N/A
2020/02/06,RI,0,,,0,,0,,,0,,3/26/2020 16:22,Not agree,N/A
2020/02/07,RI,0,,,0,,0,,,0,,3/26/2020 16:22,Not agree,N/A
2020/02/08,RI,0,,,0,,0,,,0,,3/26/2020 16:22,Not agree,N/A
2020/02/09,RI,0,,,0,,0,,,0,,3/26/2020 16:22,Not agree,N/A
2020/02/10,RI,0,,,0,,0,,,0,,3/26/2020 16:22,Not agree,N/A
2020/02/11,RI,0,,,0,,0,,,0,,3/26/2020 16:22,Not agree,N/A
2020/02/12,RI,0,,,0,,0,,,0,,3/26/2020 16:22,Not agree,N/A
2020/02/13,RI,0,,,0,,0,,,0,,3/26/2020 16:22,Not agree,N/A
2020/02/14,RI,0,,,0,,0,,,0,,3/26/2020 16:22,Not agree,N/A
2020/02/15,RI,0,,,0,,0,,,0,,3/26/2020 16:22,Not agree,N/A
2020/02/16,RI,0,,,0,,0,,,0,,3/26/2020 16:22,Not agree,N/A
2020/02/17,RI,0,,,0,,0,,,0,,3/26/2020 16:22,Not agree,N/A
2020/02/18,RI,0,,,0,,0,,,0,,3/26/2020 16:22,Not agree,N/A
2020/02/19,RI,0,,,0,,0,,,0,,3/26/2020 16:22,Not agree,N/A
2020/02/20,RI,0,,,0,,0,,,0,,3/26/2020 16:22,Not agree,N/A
2020/02/21,RI,0,,,0,,0,,,0,,3/26/2020 16:22,Not agree,N/A
2020/02/22,RI,0,,,0,,0,,,0,,3/26/2020 16:22,Not agree,N/A
2020/02/23,RI,0,,,0,,0,,,0,,3/26/2020 16:22,Not agree,N/A
2020/02/24,RI,0,,,0,,0,,,0,,3/26/2020 16:22,Not agree,N/A
2020/02/25,RI,0,,,0,,0,,,0,,3/26/2020 16:22,Not agree,N/A
2020/02/26,RI,0,,,0,,0,,,0,,3/26/2020 16:22,Not agree,N/A
2020/02/27,RI,0,,,0,,0,,,0,,3/26/2020 16:22,Not agree,N/A
2020/02/28,RI,0,,,0,,0,,,0,,3/26/2020 16:22,Not agree,N/A
2020/02/29,RI,0,,,0,,0,,,0,,3/26/2020 16:22,Not agree,N/A
2020/03/01,RI,1,,,1,,0,,,0,,3/26/2020 16:22,Not agree,N/A
2020/03/02,RI,2,,,1,,0,,,0,,3/26/2020 16:22,Not agree,N/A
2020/03/03,RI,2,,,0,,0,,,0,,3/26/2020 16:22,Not agree,N/A
2020/03/04,RI,2,,,0,,0,,,0,,3/26/2020 16:22,Not agree,N/A
2020/03/05,RI,2,,,0,,0,,,0,,3/26/2020 16:22,Not agree,N/A
2020/03/06,RI,2,,,0,,0,,,0,,3/26/2020 16:22,Not agree,N/A
2020/03/07,RI,3,,,1,,0,,,0,,3/26/2020 16:22,Not agree,N/A
2020/03/08,RI,3,,,0,,0,,,0,,3/26/2020 16:22,Not agree,N/A
2020/03/09,RI,3,,,0,,0,,,0,,3/26/2020 16:22,Not agree,N/A
2020/03/10,RI,5,,,2,,0,,,0,,3/26/2020 16:22,Not agree,N/A
2020/03/11,RI,5,,,0,,0,,,0,,3/26/2020 16:22,Not agree,N/A
2020/03/12,RI,5,,,0,,0,,,0,,3/26/2020 16:22,Not agree,N/A
2020/03/13,RI,5,,,0,,0,,,0,,3/26/2020 16:22,Not agree,N/A
2020/03/14,RI,9,,,4,,0,,,0,,3/26/2020 16:22,Not agree,N/A
2020/03/15,RI,21,,,12,,0,,,0,,3/26/2020 16:22,Not agree,N/A
2020/03/16,RI,23,,,2,,0,,,0,,3/26/2020 16:22,Not agree,N/A
2020/03/17,RI,23,,,0,,0,,,0,,3/26/2020 16:22,Not agree,N/A
2020/03/18,RI,33,,,10,,0,,,0,,3/26/2020 16:22,Not agree,N/A
2020/03/19,RI,44,,,11,,0,,,0,,3/26/2020 16:22,Not agree,N/A
2020/03/20,RI,54,,,10,,0,,,0,,3/26/2020 16:22,Not agree,N/A
2020/03/21,RI,66,,,12,,0,,,0,,3/26/2020 16:22,Not agree,N/A
2020/03/22,RI,97,,,31,,0,,,0,,3/26/2020 16:22,Not agree,N/A
2020/03/23,RI,106,,,9,,0,,,0,,3/26/2020 16:22,Not agree,N/A
2020/03/24,RI,124,,,18,,0,,,0,,3/26/2020 16:22,Not agree,N/A
2020/03/25,RI,132,,,8,,0,,,0,,3/26/2020 16:22,Not agree,N/A
2020/03/26,RI,188,,,56,,0,,,0,,3/26/2020 16:22,Not agree,N/A
2020/03/27,RI,203,,,15,,0,,,0,,3/26/2020 16:22,Not agree,N/A
2020/03/28,RI,239,,,36,,2,,,2,,3/28/2020 16:22,Not agree,N/A
2020/03/29,RI,294,,,55,,3,,,1,,3/28/2020 16:22,Not agree,N/A
2020/03/30,RI,479,,,185,,4,,,1,,3/29/2020 16:22,Not agree,N/A
2020/03/31,RI,520,,,41,,8,,,4,,3/30/2020 16:22,Not agree,N/A
2020/04/01,RI,566,,,46,,10,,,2,,3/31/2020 16:22,Not agree,N/A
2020/04/02,RI,681,,,115,,12,,,2,,4/1/2020 16:22,Not agree,N/A
2020/04/03,RI,711,,,30,,14,,,2,,4/3/2020 16:22,Not agree,N/A
2020/04/04,RI,806,,,95,,17,,,3,,4/3/2020 16:22,Not agree,N/A
2020/04/05,RI,922,,,116,,25,,,8,,4/4/2020 16:22,Not agree,N/A
2020/04/06,RI,1170,,,248,,27,,,2,,4/5/2020 16:22,Not agree,N/A
2020/04/07,RI,1414,,,244,,30,,,3,,4/7/2020 16:22,Not agree,N/A
2020/04/08,RI,1450,,,36,,35,,,5,,4/7/2020 16:22,Not agree,N/A
2020/04/09,RI,1939,,,489,,47,,,12,,4/8/2020 16:22,Not agree,N/A
2020/04/10,RI,2015,,,76,,49,,,2,,4/9/2020 16:22,Not agree,N/A
2020/04/11,RI,2349,,,334,,56,,,7,,4/10/2020 16:22,Not agree,N/A
2020/04/12,RI,2665,,,316,,63,,,7,,4/11/2020 16:22,Not agree,N/A
2020/04/13,RI,2976,,,311,,73,,,10,,4/12/2020 16:22,Not agree,N/A
2020/04/14,RI,3369,,,393,,80,,,7,,4/13/2020 16:22,Not agree,N/A
2020/04/15,RI,3529,,,160,,87,,,7,,4/15/2020 16:22,Not agree,N/A
2020/04/16,RI,3969,,,440,,114,,,27,,4/16/2020 16:22,Not agree,N/A
2020/04/17,RI,4177,,,208,,118,,,4,,4/17/2020 16:22,Not agree,N/A
2020/04/18,RI,4491,,,314,,137,,,19,,4/18/2020 16:22,Not agree,N/A
2020/04/19,RI,4706,,,215,0,150,,,13,0,4/19/2020 16:22,Not agree,N/A
2020/04/20,RI,5090,,,384,,155,,,5,0,4/20/2020 16:22,Not agree,N/A
2020/04/21,RI,5716,,,626,0,181,,,26,1,4/21/2020 16:22,Not agree,N/A
2020/04/22,RI,6012,,,296,0,186,,,5,-1,4/22/2020 16:22,Not agree,N/A
2020/04/23,RI,6256,,,244,0,189,,,3,0,5/25/2020 15:38,Not agree,N/A
2020/04/24,RI,6699,,,443,0,202,,,13,0,5/25/2020 15:38,Not agree,N/A
2020/04/25,RI,7129,,,430,0,215,,,13,0,5/25/2020 15:38,Not agree,N/A
2020/04/26,RI,7439,,,310,0,226,,,11,0,5/25/2020 15:38,Not agree,N/A
2020/04/27,RI,7708,,,269,0,233,,,7,0,5/25/2020 15:38,Not agree,N/A
2020/04/28,RI,7926,,,218,0,239,,,6,0,4/29/2020 18:12,Not agree,N/A
2020/04/29,RI,8247,,,321,0,251,,,12,0,4/30/2020 16:07,Not agree,N/A
2020/04/30,RI,8621,,,374,0,266,,,15,0,5/1/2020 21:00,Not agree,N/A
2020/05/01,RI,8962,,,341,0,279,,,13,0,5/2/2020 15:47,Not agree,N/A
2020/05/02,RI,9289,,,327,0,296,,,17,0,5/3/2020 15:36,Not agree,N/A
2020/05/03,RI,9477,,,188,0,320,,,24,0,5/4/2020 22:49,Not agree,N/A
2020/05/04,RI,9652,,,175,0,341,,,21,0,5/5/2020 17:25,Not agree,N/A
2020/05/05,RI,9933,,,281,0,355,,,14,0,5/6/2020 16:23,Not agree,N/A
2020/05/06,RI,10205,,,272,0,370,,,15,0,5/7/2020 22:59,Not agree,N/A
2020/05/07,RI,10530,,,325,0,388,,,18,0,5/8/2020 21:26,Not agree,N/A
2020/05/08,RI,10779,,,249,0,399,,,11,0,5/9/2020 21:26,Not agree,N/A
2020/05/09,RI,10989,,,210,0,418,,,19,0,5/10/2020 21:26,Not agree,N/A
2020/05/10,RI,11274,,,285,0,422,,,4,0,5/11/2020 21:26,Not agree,N/A
2020/05/11,RI,11450,,,176,0,430,,,8,0,5/12/2020 17:26,Not agree,N/A
2020/05/12,RI,11614,,,164,0,444,,,14,0,5/13/2020 15:26,Not agree,N/A
2020/05/13,RI,11835,,,221,0,462,,,18,0,5/14/2020 17:25,Not agree,N/A
2020/05/14,RI,12016,,,181,0,468,,,6,0,5/15/2020 16:11,Not agree,N/A
2020/05/15,RI,12219,,,203,0,479,,,11,0,5/16/2020 15:46,Not agree,N/A
2020/05/16,RI,12434,,,215,0,489,,,10,0,5/17/2020 15:27,Not agree,N/A
2020/05/17,RI,12674,,,240,0,499,,,10,0,5/18/2020 16:01,Not agree,N/A
2020/05/18,RI,12795,,,121,0,506,,,7,0,5/19/2020 15:45,Not agree,N/A
2020/05/19,RI,12951,,,156,0,532,,,26,0,5/20/2020 15:28,Not agree,N/A
2020/05/20,RI,13356,,,405,0,538,,,6,0,5/21/2020 15:41,Not agree,N/A
2020/05/21,RI,13571,,,215,0,556,,,18,0,5/22/2020 15:31,Not agree,N/A
2020/05/22,RI,13736,,,165,0,579,,,23,0,5/23/2020 17:58,Not agree,N/A
2020/05/23,RI,13952,,,216,0,597,,,18,0,5/24/2020 14:15,Not agree,N/A
2020/05/24,RI,14065,,,113,0,608,,,11,0,5/25/2020 14:12,Not agree,N/A
2020/05/25,RI,14065,,,0,0,608,,,0,0,5/26/2020 14:23,Not agree,N/A
2020/05/26,RI,14210,,,145,0,634,,,26,0,5/27/2020 15:37,Not agree,N/A
2020/05/27,RI,14353,,,143,0,655,,,21,0,5/28/2020 15:12,Not agree,N/A
2020/05/28,RI,14494,,,141,0,677,,,22,0,5/29/2020 14:19,Not agree,N/A
2020/05/29,RI,14635,,,141,0,693,,,16,0,5/30/2020 15:47,Not agree,N/A
2020/05/30,RI,14819,,,184,0,711,,,18,0,5/31/2020 14:43,Not agree,N/A
2020/05/31,RI,14928,,,109,0,718,,,7,0,6/1/2020 14:17,Not agree,N/A
2020/06/01,RI,14991,,,63,0,720,,,2,0,6/2/2020 14:16,Not agree,N/A
2020/06/02,RI,15112,,,121,0,732,,,12,0,6/3/2020 14:11,Not agree,N/A
2020/06/03,RI,15219,,,107,0,742,,,10,0,6/4/2020 15:03,Not agree,N/A
2020/06/04,RI,15325,,,106,0,756,,,14,0,6/5/2020 15:17,Not agree,N/A
2020/06/05,RI,15441,,,116,0,772,,,16,0,6/6/2020 14:31,Not agree,N/A
2020/06/06,RI,15441,,,0,0,772,,,0,0,6/7/2020 14:23,Not agree,N/A
2020/06/07,RI,15441,,,0,0,772,,,0,0,6/8/2020 14:55,Not agree,N/A
2020/06/08,RI,15642,,,201,0,799,,,27,0,6/9/2020 16:49,Not agree,N/A
2020/06/09,RI,15691,,,49,0,808,,,9,0,6/10/2020 20:56,Not agree,N/A
2020/06/10,RI,15756,,,65,0,812,,,4,0,6/11/2020 14:48,Not agree,N/A
2020/06/11,RI,15862,,,106,0,823,,,11,0,6/12/2020 14:17,Not agree,N/A
2020/06/12,RI,15947,,,85,0,833,,,10,0,6/13/2020 17:46,Not agree,N/A
2020/06/13,RI,15947,,,0,0,833,,,0,0,6/14/2020 14:19,Not agree,N/A
2020/06/14,RI,15947,,,0,0,833,,,0,0,6/15/2020 14:33,Not agree,N/A
2020/06/15,RI,16093,,,146,0,851,,,18,0,6/16/2020 14:10,Not agree,N/A
2020/06/16,RI,16164,,,71,0,865,,,14,0,6/17/2020 15:06,Not agree,N/A
2020/06/17,RI,16213,,,49,0,876,,,11,0,6/18/2020 17:16,Not agree,N/A
2020/06/18,RI,16269,,,56,0,885,,,9,0,6/19/2020 15:01,Not agree,N/A
2020/06/19,RI,16337,,,68,0,894,,,9,0,6/20/2020 14:15,Not agree,N/A
2020/06/20,RI,16337,,,0,0,894,,,0,0,6/21/2020 14:32,Not agree,N/A
2020/06/21,RI,16337,,,0,0,894,,,0,0,6/22/2020 15:24,Not agree,N/A
2020/06/22,RI,16459,,,122,0,903,,,9,0,6/23/2020 14:28,Not agree,N/A
2020/06/23,RI,16533,,,74,0,906,,,3,0,6/24/2020 15:03,Not agree,N/A
2020/06/24,RI,16606,,,73,0,912,,,6,0,6/25/2020 14:07,Not agree,N/A
2020/06/25,RI,16640,,,34,0,920,,,8,0,6/26/2020 19:18,Not agree,N/A
2020/06/26,RI,16661,,,21,0,927,,,7,0,6/27/2020 17:51,Not agree,N/A
2020/06/27,RI,16661,,,0,0,927,,,0,0,6/28/2020 14:59,Not agree,N/A
2020/06/28,RI,16661,,,0,0,927,,,0,0,6/29/2020 14:37,Not agree,N/A
2020/06/29,RI,16764,,,103,0,946,,,19,0,6/30/2020 15:27,Not agree,N/A
2020/06/30,RI,16813,,,49,0,950,,,4,0,7/1/2020 15:45,Not agree,N/A
2020/07/01,RI,16853,,,40,0,956,,,6,0,7/2/2020 15:10,Not agree,N/A
2020/07/02,RI,16941,,,88,0,959,,,3,0,7/3/2020 15:01,Not agree,N/A
2020/07/03,RI,16991,,,50,0,960,,,1,0,7/4/2020 15:30,Not agree,N/A
2020/07/04,RI,16991,,,0,0,960,,,0,0,7/5/2020 15:00,Not agree,N/A
2020/07/05,RI,16991,,,0,0,960,,,0,0,7/6/2020 15:16,Not agree,N/A
2020/07/06,RI,16991,,,0,0,960,,,0,0,7/7/2020 14:58,Not agree,N/A
2020/07/07,RI,17154,,,163,0,969,,,9,0,7/8/2020 14:12,Not agree,N/A
2020/07/08,RI,17204,,,50,0,971,,,2,0,7/9/2020 15:14,Not agree,N/A
2020/07/09,RI,17243,,,39,0,974,,,3,0,7/10/2020 15:35,Not agree,N/A
2020/07/10,RI,17312,,,69,0,976,,,2,0,7/11/2020 18:25,Not agree,N/A
2020/07/11,RI,17312,,,0,0,976,,,0,0,7/12/2020 15:13,Not agree,N/A
2020/07/12,RI,17312,,,0,0,976,,,0,0,7/13/2020 15:19,Not agree,N/A
2020/07/13,RI,17487,,,175,0,984,,,8,0,7/14/2020 15:13,Not agree,N/A
2020/07/14,RI,17487,,,0,0,984,,,0,0,7/15/2020 15:05,Not agree,N/A
2020/07/15,RI,17640,,,153,0,987,,,3,0,7/16/2020 14:22,Not agree,N/A
2020/07/16,RI,17711,,,71,0,988,,,1,0,7/17/2020 14:31,Not agree,N/A
2020/07/17,RI,17793,,,82,0,990,,,2,0,7/18/2020 16:14,Not agree,N/A
2020/07/18,RI,17793,,,0,0,990,,,0,0,7/19/2020 15:05,Not agree,N/A
2020/07/19,RI,17793,,,0,0,990,,,0,0,7/20/2020 14:35,Not agree,N/A
2020/07/20,RI,17904,,,111,0,995,,,5,0,7/21/2020 14:50,Not agree,N/A
2020/07/21,RI,17986,,,82,0,996,,,1,0,7/22/2020 14:51,Not agree,N/A
2020/07/22,RI,18062,,,76,0,997,,,1,0,7/23/2020 14:48,Not agree,N/A
2020/07/23,RI,18148,,,86,0,1001,,,4,0,7/24/2020 14:18,Not agree,N/A
2020/07/24,RI,18224,,,76,0,1002,,,1,0,7/25/2020 17:40,Not agree,N/A
2020/07/25,RI,18224,,,0,0,1002,,,0,0,7/26/2020 15:17,Not agree,N/A
2020/07/26,RI,18224,,,0,0,1002,,,0,0,7/27/2020 14:16,Not agree,N/A
2020/07/27,RI,18515,,,291,0,1004,,,2,0,7/28/2020 14:21,Not agree,N/A
2020/07/28,RI,18725,,,210,0,1005,,,1,0,7/29/2020 14:34,Not agree,N/A
2020/07/29,RI,18800,,,75,0,1007,,,2,0,7/30/2020 14:42,Not agree,N/A
2020/07/30,RI,18950,,,150,0,1007,,,0,0,7/31/2020 14:35,Not agree,N/A
2020/07/31,RI,19022,,,72,0,1007,,,0,0,8/1/2020 14:38,Not agree,N/A
2020/08/01,RI,19022,,,0,0,1007,,,0,0,8/2/2020 14:54,Not agree,N/A
2020/08/02,RI,19022,,,0,0,1007,,,0,0,8/3/2020 14:31,Not agree,N/A
2020/08/03,RI,19246,,,224,0,1010,,,3,0,8/4/2020 14:09,Not agree,N/A
2020/08/04,RI,19390,,,144,0,1011,,,1,0,8/5/2020 14:13,Not agree,N/A
2020/08/05,RI,19481,,,91,0,1012,,,1,0,8/6/2020 14:12,Not agree,N/A
2020/08/06,RI,19611,,,130,0,1014,,,2,0,8/7/2020 23:57,Not agree,N/A
2020/08/07,RI,19738,,,127,0,1014,,,0,0,8/8/2020 14:58,Not agree,N/A
2020/08/08,RI,19738,,,0,0,1014,,,0,0,8/9/2020 14:03,Not agree,N/A
2020/08/09,RI,19738,,,0,0,1014,,,0,0,8/10/2020 14:23,Not agree,N/A
2020/08/10,RI,19934,,,196,0,1015,,,1,0,8/11/2020 14:16,Not agree,N/A
2020/08/11,RI,20053,,,119,0,1016,,,1,0,8/12/2020 13:50,Not agree,N/A
2020/08/12,RI,20129,,,76,0,1018,,,2,0,8/13/2020 14:12,Not agree,N/A
2020/08/13,RI,20240,,,111,0,1019,,,1,0,8/14/2020 14:30,Not agree,N/A
2020/08/14,RI,20355,,,115,0,1021,,,2,0,8/15/2020 14:02,Not agree,N/A
2020/08/15,RI,20355,,,0,0,1021,,,0,0,8/16/2020 14:57,Not agree,N/A
2020/08/16,RI,20335,,,-20,0,1021,,,0,0,8/17/2020 14:26,Not agree,N/A
2020/08/17,RI,20572,,,237,0,1023,,,2,0,8/18/2020 14:26,Not agree,N/A
2020/08/18,RI,20692,,,120,0,1024,,,1,0,8/19/2020 14:23,Not agree,N/A
2020/08/19,RI,20795,,,103,0,1027,,,3,0,8/20/2020 15:11,Not agree,N/A
2020/08/20,RI,20871,,,76,0,1028,,,1,0,8/21/2020 14:27,Not agree,N/A
2020/08/21,RI,21022,,,151,0,1030,,,2,0,8/22/2020 14:21,Not agree,N/A
2020/08/22,RI,21022,,,0,0,1030,,,0,0,8/23/2020 14:15,Not agree,N/A
2020/08/23,RI,21022,,,0,0,1030,,,0,0,8/24/2020 13:54,Not agree,N/A
2020/08/24,RI,21302,,,280,0,1035,,,5,0,8/25/2020 14:02,Not agree,N/A
2020/08/25,RI,21372,,,70,0,1039,,,4,0,8/26/2020 13:51,Not agree,N/A
2020/08/26,RI,21454,,,82,0,1041,,,2,0,8/27/2020 13:42,Not agree,N/A
2020/08/27,RI,21589,,,135,0,1044,,,3,0,8/28/2020 13:43,Not agree,N/A
2020/08/28,RI,21683,,,94,0,1046,,,2,0,8/29/2020 13:42,Not agree,N/A
2020/08/29,RI,21683,,,0,0,1046,,,0,0,8/30/2020 14:49,Not agree,N/A
2020/08/30,RI,21683,,,0,0,1046,,,0,0,8/31/2020 14:05,Not agree,N/A
2020/08/31,RI,21949,,,266,0,1048,,,2,0,9/1/2020 14:09,Not agree,N/A
2020/09/01,RI,22002,,,53,0,1050,,,2,0,9/2/2020 13:49,Not agree,N/A
2020/09/02,RI,22078,,,76,0,1051,,,1,0,9/3/2020 14:18,Not agree,N/A
2020/09/03,RI,22143,,,65,0,1055,,,4,0,9/4/2020 13:36,Not agree,N/A
2020/09/04,RI,22243,,,100,0,1055,,,0,0,9/5/2020 14:09,Not agree,N/A
2020/09/05,RI,22243,,,0,0,1055,,,0,0,9/6/2020 14:09,Not agree,N/A
2020/09/06,RI,22243,,,0,0,1055,,,0,0,9/7/2020 13:37,Not agree,N/A
2020/09/07,RI,22243,,,0,0,1055,,,0,0,9/8/2020 14:47,Not agree,N/A
2020/09/08,RI,22592,,,349,0,1059,,,4,0,9/9/2020 13:47,Not agree,N/A
2020/09/09,RI,22676,,,84,0,1062,,,3,0,9/10/2020 14:02,Not agree,N/A
2020/09/10,RI,22782,,,106,0,1067,,,5,0,9/11/2020 13:51,Not agree,N/A
2020/09/11,RI,22905,,,123,0,1071,,,4,0,9/12/2020 14:12,Not agree,N/A
2020/09/12,RI,22905,,,0,0,1071,,,0,0,9/13/2020 16:17,Not agree,N/A
2020/09/13,RI,22905,,,0,0,1071,,,0,0,9/14/2020 14:01,Not agree,N/A
2020/09/14,RI,23130,,,225,0,1075,,,4,0,9/15/2020 14:03,Not agree,N/A
2020/09/15,RI,23250,,,120,0,1078,,,3,0,9/16/2020 13:53,Not agree,N/A
2020/09/16,RI,23358,,,108,0,1081,,,3,0,9/17/2020 13:45,Not agree,N/A
2020/09/17,RI,23488,,,130,0,1085,,,4,0,9/18/2020 13:48,Not agree,N/A
2020/09/18,RI,23620,,,132,0,1088,,,3,0,9/19/2020 14:00,Not agree,N/A
2020/09/19,RI,23620,,,0,0,1088,,,0,0,9/20/2020 13:53,Not agree,N/A
2020/09/20,RI,23620,,,0,0,1088,,,0,0,9/21/2020 13:47,Not agree,N/A
2020/09/21,RI,23932,,,312,0,1097,,,9,0,9/22/2020 13:51,Not agree,N/A
2020/09/22,RI,24044,,,112,0,1099,,,2,0,9/23/2020 13:51,Not agree,N/A
2020/09/23,RI,24177,,,133,0,1102,,,3,0,9/24/2020 13:54,Not agree,N/A
2020/09/24,RI,24311,,,134,0,1106,,,4,0,9/25/2020 13:54,Not agree,N/A
2020/09/25,RI,24181,,,-130,0,1107,,,1,0,9/26/2020 13:46,Not agree,N/A
2020/01/22,DC,0,,,0,,0,,,0,,3/26/2020 16:22,,
2020/01/23,DC,0,,,0,,0,,,0,,3/26/2020 16:22,,
2020/01/24,DC,0,,,0,,0,,,0,,3/26/2020 16:22,,
2020/01/25,DC,0,,,0,,0,,,0,,3/26/2020 16:22,,
2020/01/26,DC,0,,,0,,0,,,0,,3/26/2020 16:22,,
2020/01/27,DC,0,,,0,,0,,,0,,3/26/2020 16:22,,
2020/01/28,DC,0,,,0,,0,,,0,,3/26/2020 16:22,,
2020/01/29,DC,0,,,0,,0,,,0,,3/26/2020 16:22,,
2020/01/30,DC,0,,,0,,0,,,0,,3/26/2020 16:22,,
2020/01/31,DC,0,,,0,,0,,,0,,3/26/2020 16:22,,
2020/02/01,DC,0,,,0,,0,,,0,,3/26/2020 16:22,,
2020/02/02,DC,0,,,0,,0,,,0,,3/26/2020 16:22,,
2020/02/03,DC,0,,,0,,0,,,0,,3/26/2020 16:22,,
2020/02/04,DC,0,,,0,,0,,,0,,3/26/2020 16:22,,
2020/02/05,DC,0,,,0,,0,,,0,,3/26/2020 16:22,,
2020/02/06,DC,0,,,0,,0,,,0,,3/26/2020 16:22,,
2020/02/07,DC,0,,,0,,0,,,0,,3/26/2020 16:22,,
2020/02/08,DC,0,,,0,,0,,,0,,3/26/2020 16:22,,
2020/02/09,DC,0,,,0,,0,,,0,,3/26/2020 16:22,,
2020/02/10,DC,0,,,0,,0,,,0,,3/26/2020 16:22,,
2020/02/11,DC,0,,,0,,0,,,0,,3/26/2020 16:22,,
2020/02/12,DC,0,,,0,,0,,,0,,3/26/2020 16:22,,
2020/02/13,DC,0,,,0,,0,,,0,,3/26/2020 16:22,,
2020/02/14,DC,0,,,0,,0,,,0,,3/26/2020 16:22,,
2020/02/15,DC,0,,,0,,0,,,0,,3/26/2020 16:22,,
2020/02/16,DC,0,,,0,,0,,,0,,3/26/2020 16:22,,
2020/02/17,DC,0,,,0,,0,,,0,,3/26/2020 16:22,,
2020/02/18,DC,0,,,0,,0,,,0,,3/26/2020 16:22,,
2020/02/19,DC,0,,,0,,0,,,0,,3/26/2020 16:22,,
2020/02/20,DC,0,,,0,,0,,,0,,3/26/2020 16:22,,
2020/02/21,DC,0,,,0,,0,,,0,,3/26/2020 16:22,,
2020/02/22,DC,0,,,0,,0,,,0,,3/26/2020 16:22,,
2020/02/23,DC,0,,,0,,0,,,0,,3/26/2020 16:22,,
2020/02/24,DC,0,,,0,,0,,,0,,3/26/2020 16:22,,
2020/02/25,DC,0,,,0,,0,,,0,,3/26/2020 16:22,,
2020/02/26,DC,0,,,0,,0,,,0,,3/26/2020 16:22,,
2020/02/27,DC,0,,,0,,0,,,0,,3/26/2020 16:22,,
2020/02/28,DC,0,,,0,,0,,,0,,3/26/2020 16:22,,
2020/02/29,DC,0,,,0,,0,,,0,,3/26/2020 16:22,,
2020/03/01,DC,0,,,0,,0,,,0,,3/26/2020 16:22,,
2020/03/02,DC,0,,,0,,0,,,0,,3/26/2020 16:22,,
2020/03/03,DC,0,,,0,,0,,,0,,3/26/2020 16:22,,
2020/03/04,DC,0,,,0,,0,,,0,,3/26/2020 16:22,,
2020/03/05,DC,0,,,0,,0,,,0,,3/26/2020 16:22,,
2020/03/06,DC,0,,,0,,0,,,0,,3/26/2020 16:22,,
2020/03/07,DC,1,,,1,,0,,,0,,3/26/2020 16:22,,
2020/03/08,DC,1,,,0,,0,,,0,,3/26/2020 16:22,,
2020/03/09,DC,2,,,1,,0,,,0,,3/26/2020 16:22,,
2020/03/10,DC,2,,,0,,0,,,0,,3/26/2020 16:22,,
2020/03/11,DC,2,,,0,,0,,,0,,3/26/2020 16:22,,
2020/03/12,DC,2,,,0,,0,,,0,,3/26/2020 16:22,,
2020/03/13,DC,3,,,1,,0,,,0,,3/26/2020 16:22,,
2020/03/14,DC,3,,,0,,0,,,0,,3/26/2020 16:22,,
2020/03/15,DC,17,,,14,,0,,,0,,3/26/2020 16:22,,
2020/03/16,DC,22,,,5,,0,,,0,,3/26/2020 16:22,,
2020/03/17,DC,31,,,9,,0,,,0,,3/26/2020 16:22,,
2020/03/18,DC,39,,,8,,0,,,0,,3/26/2020 16:22,,
2020/03/19,DC,71,,,32,,0,,,0,,3/26/2020 16:22,,
2020/03/20,DC,77,,,6,,1,,,1,,3/26/2020 16:22,,
2020/03/21,DC,98,,,21,,1,,,0,,3/26/2020 16:22,,
2020/03/22,DC,116,,,18,,2,,,1,,3/26/2020 16:22,,
2020/03/23,DC,137,,,21,,2,,,0,,3/26/2020 16:22,,
2020/03/24,DC,183,,,46,,2,,,0,,3/26/2020 16:22,,
2020/03/25,DC,231,,,48,,3,,,1,,3/26/2020 16:22,,
2020/03/26,DC,267,,,36,,3,,,0,,3/26/2020 16:22,,
2020/03/27,DC,304,,,37,,4,,,1,,3/26/2020 16:22,,
2020/03/28,DC,342,,,38,,5,,,1,,3/28/2020 16:22,,
2020/03/29,DC,401,,,59,,9,,,4,,3/28/2020 16:22,,
2020/03/30,DC,495,,,94,,9,,,0,,3/29/2020 16:22,,
2020/03/31,DC,495,,,0,,9,,,0,,3/30/2020 16:22,,
2020/04/01,DC,586,,,91,,11,,,2,,3/31/2020 16:22,,
2020/04/02,DC,653,,,67,,12,,,1,,4/1/2020 16:22,,
2020/04/03,DC,757,,,104,,15,,,3,,4/3/2020 16:22,,
2020/04/04,DC,902,,,145,,21,,,6,,4/3/2020 16:22,,
2020/04/05,DC,998,,,96,,22,,,1,,4/4/2020 16:22,,
2020/04/06,DC,1097,,,99,,24,,,2,,4/5/2020 16:22,,
2020/04/07,DC,1211,,,114,,24,,,0,,4/7/2020 16:22,,
2020/04/08,DC,1440,,,229,,27,,,3,,4/7/2020 16:22,,
2020/04/09,DC,1523,,,83,,32,,,5,,4/8/2020 16:22,,
2020/04/10,DC,1660,,,137,,38,,,6,,4/9/2020 16:22,,
2020/04/11,DC,1778,,,118,,47,,,9,,4/10/2020 16:22,,
2020/04/12,DC,1875,,,97,,50,,,3,,4/11/2020 16:22,,
2020/04/13,DC,1955,,,80,,52,,,2,,4/12/2020 16:22,,
2020/04/14,DC,2058,,,103,,67,,,15,,4/13/2020 16:22,,
2020/04/15,DC,2197,,,139,,72,,,5,,4/15/2020 16:22,,
2020/04/16,DC,2350,,,153,,81,,,9,,4/16/2020 16:22,,
2020/04/17,DC,2476,,,126,,86,,,5,,4/17/2020 16:22,,
2020/04/18,DC,2666,,,190,,91,,,5,,4/18/2020 16:22,,
2020/04/19,DC,2793,,,127,0,96,,,5,0,4/19/2020 16:22,,
2020/04/20,DC,2927,,,134,,105,,,9,,4/20/2020 16:22,,
2020/04/21,DC,3098,,,171,0,112,,,7,0,4/21/2020 16:22,,
2020/04/22,DC,3206,,,108,0,127,,,15,0,4/22/2020 16:22,,
2020/04/23,DC,3361,,,155,0,139,,,12,0,5/25/2020 15:38,,
2020/04/24,DC,3528,,,167,0,153,,,14,0,5/25/2020 15:38,,
2020/04/25,DC,3699,,,171,0,165,,,12,0,5/25/2020 15:38,,
2020/04/26,DC,3841,,,142,0,178,,,13,0,5/25/2020 15:38,,
2020/04/27,DC,3892,,,51,0,185,,,7,0,5/25/2020 15:38,,
2020/04/28,DC,3994,,,102,0,190,,,5,0,4/29/2020 18:12,,
2020/04/29,DC,4106,,,112,0,205,,,15,0,4/30/2020 16:07,,
2020/04/30,DC,4323,,,217,0,224,,,19,0,5/1/2020 21:00,,
2020/05/01,DC,4658,,,335,0,231,,,7,0,5/2/2020 15:47,,
2020/05/02,DC,4797,,,139,0,240,,,9,0,5/3/2020 15:36,,
2020/05/03,DC,5016,,,219,0,251,,,11,0,5/4/2020 22:49,,
2020/05/04,DC,5170,,,154,0,258,,,7,0,5/5/2020 17:25,,
2020/05/05,DC,5322,,,152,0,264,,,6,0,5/6/2020 16:23,,
2020/05/06,DC,5461,,,139,0,277,,,13,0,5/7/2020 22:59,,
2020/05/07,DC,5654,,,193,0,285,,,8,0,5/8/2020 21:26,,
2020/05/08,DC,5899,,,245,0,304,,,19,0,5/9/2020 21:26,,
2020/05/09,DC,6102,,,203,0,311,,,7,0,5/10/2020 21:26,,
2020/05/10,DC,6272,,,170,0,323,,,12,0,5/11/2020 21:26,,
2020/05/11,DC,6389,,,117,0,328,,,5,0,5/12/2020 17:26,,
2020/05/12,DC,6485,,,96,0,336,,,8,0,5/13/2020 15:26,,
2020/05/13,DC,6584,,,99,0,350,,,14,0,5/14/2020 17:25,,
2020/05/14,DC,6736,,,152,0,358,,,8,0,5/15/2020 16:11,,
2020/05/15,DC,6871,,,135,0,368,,,10,0,5/16/2020 15:46,,
2020/05/16,DC,7042,,,171,0,375,,,7,0,5/17/2020 15:27,,
2020/05/17,DC,7123,,,81,0,383,,,8,0,5/18/2020 16:01,,
2020/05/18,DC,7270,,,147,0,392,,,9,0,5/19/2020 15:45,,
2020/05/19,DC,7434,,,164,0,400,,,8,0,5/20/2020 15:28,,
2020/05/20,DC,7551,,,117,0,407,,,7,0,5/21/2020 15:41,,
2020/05/21,DC,7788,,,237,0,412,,,5,0,5/22/2020 15:31,,
2020/05/22,DC,7893,,,105,0,418,,,6,0,5/23/2020 17:58,,
2020/05/23,DC,7966,,,73,0,427,,,9,0,5/24/2020 14:15,,
2020/05/24,DC,8110,,,144,0,432,,,5,0,5/25/2020 14:12,,
2020/05/25,DC,8225,,,115,0,440,,,8,0,5/26/2020 14:23,,
2020/05/26,DC,8334,,,109,0,440,,,0,0,5/27/2020 15:37,,
2020/05/27,DC,8406,,,72,0,445,,,5,0,5/28/2020 15:12,,
2020/05/28,DC,8492,,,86,0,453,,,8,0,5/29/2020 14:19,,
2020/05/29,DC,8538,,,46,0,460,,,7,0,5/30/2020 15:47,,
2020/05/30,DC,8717,,,179,0,462,,,2,0,5/31/2020 14:43,,
2020/05/31,DC,8801,,,84,0,466,,,4,0,6/1/2020 14:17,,
2020/06/01,DC,8857,,,56,0,468,,,2,0,6/2/2020 14:16,,
2020/06/02,DC,8886,,,29,0,470,,,2,0,6/3/2020 14:11,,
2020/06/03,DC,9016,,,130,0,473,,,3,0,6/4/2020 15:03,,
2020/06/04,DC,9120,,,104,0,475,,,2,0,6/5/2020 15:17,,
2020/06/05,DC,9199,,,79,0,479,,,4,0,6/6/2020 14:31,,
2020/06/06,DC,9269,,,70,0,483,,,4,0,6/7/2020 14:23,,
2020/06/07,DC,9332,,,63,0,489,,,6,0,6/8/2020 14:55,,
2020/06/08,DC,9389,,,57,0,491,,,2,0,6/9/2020 16:49,,
2020/06/09,DC,9474,,,85,0,495,,,4,0,6/10/2020 20:56,,
2020/06/10,DC,9537,,,63,0,499,,,4,0,6/11/2020 14:48,,
2020/06/11,DC,9589,,,52,0,502,,,3,0,6/12/2020 14:17,,
2020/06/12,DC,9654,,,65,0,506,,,4,0,6/13/2020 17:46,,
2020/06/13,DC,9709,,,55,0,511,,,5,0,6/14/2020 14:19,,
2020/06/14,DC,9767,,,58,0,515,,,4,0,6/15/2020 14:33,,
2020/06/15,DC,9799,,,32,0,515,,,0,0,6/16/2020 14:10,,
2020/06/16,DC,9818,,,19,0,520,,,5,0,6/17/2020 15:06,,
2020/06/17,DC,9847,,,29,0,523,,,3,0,6/18/2020 17:16,,
2020/06/18,DC,9903,,,56,0,527,,,4,0,6/19/2020 15:01,,
2020/06/19,DC,9952,,,49,0,530,,,3,0,6/20/2020 14:15,,
2020/06/20,DC,9984,,,32,0,531,,,1,0,6/21/2020 14:32,,
2020/06/21,DC,10020,,,36,0,533,,,2,0,6/22/2020 15:24,,
2020/06/22,DC,10058,,,38,0,535,,,2,0,6/23/2020 14:28,,
2020/06/23,DC,10094,,,36,0,537,,,2,0,6/24/2020 15:03,,
2020/06/24,DC,10128,,,34,0,541,,,4,0,6/25/2020 14:07,,
2020/06/25,DC,10159,,,31,0,543,,,2,0,6/26/2020 19:18,,
2020/06/26,DC,10185,,,26,0,546,,,3,0,6/27/2020 17:51,,
2020/06/27,DC,10216,,,31,0,548,,,2,0,6/28/2020 14:59,,
2020/06/28,DC,10248,,,32,0,550,,,2,0,6/29/2020 14:37,,
2020/06/29,DC,10292,,,44,0,551,,,1,0,6/30/2020 15:27,,
2020/06/30,DC,10327,,,35,0,551,,,0,0,7/1/2020 15:45,,
2020/07/01,DC,10365,,,38,0,553,,,2,0,7/2/2020 15:10,,
2020/07/02,DC,10390,,,25,0,554,,,1,0,7/3/2020 15:01,,
2020/07/03,DC,10435,,,45,0,555,,,1,0,7/4/2020 15:30,,
2020/07/04,DC,10447,,,12,0,557,,,2,0,7/5/2020 15:00,,
2020/07/05,DC,10482,,,35,0,559,,,2,0,7/6/2020 15:16,,
2020/07/06,DC,10515,,,33,0,561,,,2,0,7/7/2020 14:58,,
2020/07/07,DC,10569,,,54,0,561,,,0,0,7/8/2020 14:12,,
2020/07/08,DC,10642,,,73,0,564,,,3,0,7/9/2020 15:14,,
2020/07/09,DC,10679,,,37,0,568,,,4,0,7/10/2020 15:35,,
2020/07/10,DC,10743,,,64,0,568,,,0,0,7/11/2020 18:25,,
2020/07/11,DC,10801,,,58,0,568,,,0,0,7/12/2020 15:13,,
2020/07/12,DC,10847,,,46,0,568,,,0,0,7/13/2020 15:19,,
2020/07/13,DC,10906,,,59,0,568,,,0,0,7/14/2020 15:13,,
2020/07/14,DC,10946,,,40,0,568,,,0,0,7/15/2020 15:05,,
2020/07/15,DC,11026,,,80,0,571,,,3,0,7/16/2020 14:22,,
2020/07/16,DC,11076,,,50,0,574,,,3,0,7/17/2020 14:31,,
2020/07/17,DC,11115,,,39,0,577,,,3,0,7/18/2020 16:14,,
2020/07/18,DC,11194,,,79,0,578,,,1,0,7/19/2020 15:05,,
2020/07/19,DC,11261,,,67,0,578,,,0,0,7/20/2020 14:35,,
2020/07/20,DC,11339,,,78,0,579,,,1,0,7/21/2020 14:50,,
2020/07/21,DC,11427,,,88,0,580,,,1,0,7/22/2020 14:51,,
2020/07/22,DC,11529,,,102,0,580,,,0,0,7/23/2020 14:48,,
2020/07/23,DC,11571,,,42,0,581,,,1,0,7/24/2020 14:18,,
2020/07/24,DC,11649,,,78,0,581,,,0,0,7/25/2020 17:40,,
2020/07/25,DC,11717,,,68,0,581,,,0,0,7/26/2020 15:17,,
2020/07/26,DC,11780,,,63,0,581,,,0,0,7/27/2020 14:16,,
2020/07/27,DC,11858,,,78,0,582,,,1,0,7/28/2020 14:21,,
2020/07/28,DC,11945,,,87,0,583,,,1,0,7/29/2020 14:34,,
2020/07/29,DC,11999,,,54,0,584,,,1,0,7/30/2020 14:42,,
2020/07/30,DC,12057,,,58,0,584,,,0,0,7/31/2020 14:35,,
2020/07/31,DC,12126,,,69,0,585,,,1,0,8/1/2020 14:38,,
2020/08/01,DC,12205,,,79,0,585,,,0,0,8/2/2020 14:54,,
2020/08/02,DC,12274,,,69,0,586,,,1,0,8/3/2020 14:31,,
2020/08/03,DC,12313,,,39,0,586,,,0,0,8/4/2020 14:09,,
2020/08/04,DC,12398,,,85,0,587,,,1,0,8/5/2020 14:13,,
2020/08/05,DC,12443,,,45,0,587,,,0,0,8/6/2020 14:12,,
2020/08/06,DC,12518,,,75,0,587,,,0,0,8/7/2020 23:57,,
2020/08/07,DC,12589,,,71,0,589,,,2,0,8/8/2020 14:58,,
2020/08/08,DC,12653,,,64,0,590,,,1,0,8/9/2020 14:03,,
2020/08/09,DC,12753,,,100,0,591,,,1,0,8/10/2020 14:23,,
2020/08/10,DC,12807,,,54,0,591,,,0,0,8/11/2020 14:16,,
2020/08/11,DC,12896,,,89,0,593,,,2,0,8/12/2020 13:50,,
2020/08/12,DC,12959,,,63,0,593,,,0,0,8/13/2020 14:12,,
2020/08/13,DC,13024,,,65,0,594,,,1,0,8/14/2020 14:30,,
2020/08/14,DC,13118,,,94,0,594,,,0,0,8/15/2020 14:02,,
2020/08/15,DC,13159,,,41,0,597,,,3,0,8/16/2020 14:57,,
2020/08/16,DC,13220,,,61,0,597,,,0,0,8/17/2020 14:26,,
2020/08/17,DC,13273,,,53,0,597,,,0,0,8/18/2020 14:26,,
2020/08/18,DC,13325,,,52,0,599,,,2,0,8/19/2020 14:23,,
2020/08/19,DC,13354,,,29,0,600,,,1,0,8/20/2020 15:11,,
2020/08/20,DC,13409,,,55,0,601,,,1,0,8/21/2020 14:27,,
2020/08/21,DC,13469,,,60,0,602,,,1,0,8/22/2020 14:21,,
2020/08/22,DC,13534,,,65,0,604,,,2,0,8/23/2020 14:15,,
2020/08/23,DC,13590,,,56,0,604,,,0,0,8/24/2020 13:54,,
2020/08/24,DC,13639,,,49,0,604,,,0,0,8/25/2020 14:02,,
2020/08/25,DC,13684,,,45,0,604,,,0,0,8/26/2020 13:51,,
2020/08/26,DC,13722,,,38,0,605,,,1,0,8/27/2020 13:42,,
2020/08/27,DC,13794,,,72,0,605,,,0,0,8/28/2020 13:43,,
2020/08/28,DC,13851,,,57,0,605,,,0,0,8/29/2020 13:42,,
2020/08/29,DC,13925,,,74,0,605,,,0,0,8/30/2020 14:49,,
2020/08/30,DC,13959,,,34,0,606,,,1,0,8/31/2020 14:05,,
2020/08/31,DC,13992,,,33,0,607,,,1,0,9/1/2020 14:09,,
2020/09/01,DC,14049,,,57,0,607,,,0,0,9/2/2020 13:49,,
2020/09/02,DC,14077,,,28,0,608,,,1,0,9/3/2020 14:18,,
2020/09/03,DC,14135,,,58,0,609,,,1,0,9/4/2020 13:36,,
2020/09/04,DC,14186,,,51,0,611,,,2,0,9/5/2020 14:09,,
2020/09/05,DC,14238,,,52,0,611,,,0,0,9/6/2020 14:09,,
2020/09/06,DC,14279,,,41,0,611,,,0,0,9/7/2020 13:37,,
2020/09/07,DC,14315,,,36,0,611,,,0,0,9/8/2020 14:47,,
2020/09/08,DC,14362,,,47,0,611,,,0,0,9/9/2020 13:47,,
2020/09/09,DC,14387,,,25,0,615,,,4,0,9/10/2020 14:02,,
2020/09/10,DC,14412,,,25,0,616,,,1,0,9/11/2020 13:51,,
2020/09/11,DC,14493,,,81,0,616,,,0,0,9/12/2020 14:12,,
2020/09/12,DC,14552,,,59,0,616,,,0,0,9/13/2020 16:17,,
2020/09/13,DC,14592,,,40,0,616,,,0,0,9/14/2020 14:01,,
2020/09/14,DC,14622,,,30,0,616,,,0,0,9/15/2020 14:03,,
2020/09/15,DC,14687,,,65,0,616,,,0,0,9/16/2020 13:53,,
2020/09/16,DC,14743,,,56,0,617,,,1,0,9/17/2020 13:45,,
2020/09/17,DC,14790,,,47,0,619,,,2,0,9/18/2020 13:48,,
2020/09/18,DC,14852,,,62,0,619,,,0,0,9/19/2020 14:00,,
2020/09/19,DC,14902,,,50,0,619,,,0,0,9/20/2020 13:53,,
2020/09/20,DC,14955,,,53,0,620,,,1,0,9/21/2020 13:47,,
2020/09/21,DC,14978,,,23,0,621,,,1,0,9/22/2020 13:51,,
2020/09/22,DC,15021,,,43,0,621,,,0,0,9/23/2020 13:51,,
2020/09/23,DC,15050,,,29,0,621,,,0,0,9/24/2020 13:54,,
2020/09/24,DC,15106,,,56,0,621,,,0,0,9/25/2020 13:54,,
2020/09/25,DC,15163,,,57,0,623,,,2,0,9/26/2020 13:46,,
2020/01/22,KS,0,,,0,,0,,,0,,3/26/2020 16:22,Agree,N/A
2020/01/23,KS,0,,,0,,0,,,0,,3/26/2020 16:22,Agree,N/A
2020/01/24,KS,0,,,0,,0,,,0,,3/26/2020 16:22,Agree,N/A
2020/01/25,KS,0,,,0,,0,,,0,,3/26/2020 16:22,Agree,N/A
2020/01/26,KS,0,,,0,,0,,,0,,3/26/2020 16:22,Agree,N/A
2020/01/27,KS,0,,,0,,0,,,0,,3/26/2020 16:22,Agree,N/A
2020/01/28,KS,0,,,0,,0,,,0,,3/26/2020 16:22,Agree,N/A
2020/01/29,KS,0,,,0,,0,,,0,,3/26/2020 16:22,Agree,N/A
2020/01/30,KS,0,,,0,,0,,,0,,3/26/2020 16:22,Agree,N/A
2020/01/31,KS,0,,,0,,0,,,0,,3/26/2020 16:22,Agree,N/A
2020/02/01,KS,0,,,0,,0,,,0,,3/26/2020 16:22,Agree,N/A
2020/02/02,KS,0,,,0,,0,,,0,,3/26/2020 16:22,Agree,N/A
2020/02/03,KS,0,,,0,,0,,,0,,3/26/2020 16:22,Agree,N/A
2020/02/04,KS,0,,,0,,0,,,0,,3/26/2020 16:22,Agree,N/A
2020/02/05,KS,0,,,0,,0,,,0,,3/26/2020 16:22,Agree,N/A
2020/02/06,KS,0,,,0,,0,,,0,,3/26/2020 16:22,Agree,N/A
2020/02/07,KS,0,,,0,,0,,,0,,3/26/2020 16:22,Agree,N/A
2020/02/08,KS,0,,,0,,0,,,0,,3/26/2020 16:22,Agree,N/A
2020/02/09,KS,0,,,0,,0,,,0,,3/26/2020 16:22,Agree,N/A
2020/02/10,KS,0,,,0,,0,,,0,,3/26/2020 16:22,Agree,N/A
2020/02/11,KS,0,,,0,,0,,,0,,3/26/2020 16:22,Agree,N/A
2020/02/12,KS,0,,,0,,0,,,0,,3/26/2020 16:22,Agree,N/A
2020/02/13,KS,0,,,0,,0,,,0,,3/26/2020 16:22,Agree,N/A
2020/02/14,KS,0,,,0,,0,,,0,,3/26/2020 16:22,Agree,N/A
2020/02/15,KS,0,,,0,,0,,,0,,3/26/2020 16:22,Agree,N/A
2020/02/16,KS,0,,,0,,0,,,0,,3/26/2020 16:22,Agree,N/A
2020/02/17,KS,0,,,0,,0,,,0,,3/26/2020 16:22,Agree,N/A
2020/02/18,KS,0,,,0,,0,,,0,,3/26/2020 16:22,Agree,N/A
2020/02/19,KS,0,,,0,,0,,,0,,3/26/2020 16:22,Agree,N/A
2020/02/20,KS,0,,,0,,0,,,0,,3/26/2020 16:22,Agree,N/A
2020/02/21,KS,0,,,0,,0,,,0,,3/26/2020 16:22,Agree,N/A
2020/02/22,KS,0,,,0,,0,,,0,,3/26/2020 16:22,Agree,N/A
2020/02/23,KS,0,,,0,,0,,,0,,3/26/2020 16:22,Agree,N/A
2020/02/24,KS,0,,,0,,0,,,0,,3/26/2020 16:22,Agree,N/A
2020/02/25,KS,0,,,0,,0,,,0,,3/26/2020 16:22,Agree,N/A
2020/02/26,KS,0,,,0,,0,,,0,,3/26/2020 16:22,Agree,N/A
2020/02/27,KS,0,,,0,,0,,,0,,3/26/2020 16:22,Agree,N/A
2020/02/28,KS,0,,,0,,0,,,0,,3/26/2020 16:22,Agree,N/A
2020/02/29,KS,0,,,0,,0,,,0,,3/26/2020 16:22,Agree,N/A
2020/03/01,KS,0,,,0,,0,,,0,,3/26/2020 16:22,Agree,N/A
2020/03/02,KS,0,,,0,,0,,,0,,3/26/2020 16:22,Agree,N/A
2020/03/03,KS,0,,,0,,0,,,0,,3/26/2020 16:22,Agree,N/A
2020/03/04,KS,0,,,0,,0,,,0,,3/26/2020 16:22,Agree,N/A
2020/03/05,KS,0,,,0,,0,,,0,,3/26/2020 16:22,Agree,N/A
2020/03/06,KS,0,,,0,,0,,,0,,3/26/2020 16:22,Agree,N/A
2020/03/07,KS,0,,,0,,0,,,0,,3/26/2020 16:22,Agree,N/A
2020/03/08,KS,1,,,1,,0,,,0,,3/26/2020 16:22,Agree,N/A
2020/03/09,KS,1,,,0,,0,,,0,,3/26/2020 16:22,Agree,N/A
2020/03/10,KS,1,,,0,,0,,,0,,3/26/2020 16:22,Agree,N/A
2020/03/11,KS,1,,,0,,0,,,0,,3/26/2020 16:22,Agree,N/A
2020/03/12,KS,4,,,3,,1,,,1,,3/26/2020 16:22,Agree,N/A
2020/03/13,KS,6,,,2,,1,,,0,,3/26/2020 16:22,Agree,N/A
2020/03/14,KS,7,,,1,,1,,,0,,3/26/2020 16:22,Agree,N/A
2020/03/15,KS,8,,,1,,1,,,0,,3/26/2020 16:22,Agree,N/A
2020/03/16,KS,11,,,3,,1,,,0,,3/26/2020 16:22,Agree,N/A
2020/03/17,KS,16,,,5,,1,,,0,,3/26/2020 16:22,Agree,N/A
2020/03/18,KS,21,,,5,,1,,,0,,3/26/2020 16:22,Agree,N/A
2020/03/19,KS,35,,,14,,1,,,0,,3/26/2020 16:22,Agree,N/A
2020/03/20,KS,44,,,9,,1,,,0,,3/26/2020 16:22,Agree,N/A
2020/03/21,KS,55,,,11,,2,,,1,,3/26/2020 16:22,Agree,N/A
2020/03/22,KS,64,,,9,,2,,,0,,3/26/2020 16:22,Agree,N/A
2020/03/23,KS,82,,,18,,2,,,0,,3/26/2020 16:22,Agree,N/A
2020/03/24,KS,98,,,16,,2,,,0,,3/26/2020 16:22,Agree,N/A
2020/03/25,KS,98,,,0,,2,,,0,,3/26/2020 16:22,Agree,N/A
2020/03/26,KS,168,,,70,,3,,,1,,3/26/2020 16:22,Agree,N/A
2020/03/27,KS,202,,,34,,4,,,1,,3/26/2020 16:22,Agree,N/A
2020/03/28,KS,261,,,59,,5,,,1,,3/28/2020 16:22,Agree,N/A
2020/03/29,KS,319,,,58,,6,,,1,,3/28/2020 16:22,Agree,N/A
2020/03/30,KS,368,,,49,,8,,,2,,3/29/2020 16:22,Agree,N/A
2020/03/31,KS,428,,,60,,9,,,1,,3/30/2020 16:22,Agree,N/A
2020/04/01,KS,482,,,54,,10,,,1,,3/31/2020 16:22,Agree,N/A
2020/04/02,KS,552,,,70,,13,,,3,,4/1/2020 16:22,Agree,N/A
2020/04/03,KS,620,,,68,,17,,,4,,4/3/2020 16:22,Agree,N/A
2020/04/04,KS,698,,,78,,21,,,4,,4/3/2020 16:22,Agree,N/A
2020/04/05,KS,813,,,115,,23,,,2,,4/4/2020 16:22,Agree,N/A
2020/04/06,KS,845,,,32,,25,,,2,,4/5/2020 16:22,Agree,N/A
2020/04/07,KS,900,,,55,,27,,,2,,4/7/2020 16:22,Agree,N/A
2020/04/08,KS,1076,,,176,,39,,,12,,4/7/2020 16:22,Agree,N/A
2020/04/09,KS,1106,,,30,,44,,,5,,4/8/2020 16:22,Agree,N/A
2020/04/10,KS,1241,,,135,,52,,,8,,4/9/2020 16:22,Agree,N/A
2020/04/11,KS,1279,,,38,,56,,,4,,4/10/2020 16:22,Agree,N/A
2020/04/12,KS,1377,,,98,,57,,,1,,4/11/2020 16:22,Agree,N/A
2020/04/13,KS,1376,,,-1,,62,,,5,,4/12/2020 16:22,Agree,N/A
2020/04/14,KS,1477,,,101,,71,,,9,,4/13/2020 16:22,Agree,N/A
2020/04/15,KS,1494,,,17,,76,,,5,,4/15/2020 16:22,Agree,N/A
2020/04/16,KS,1588,,,94,,80,,,4,,4/16/2020 16:22,Agree,N/A
2020/04/17,KS,1760,,,172,,88,,,8,,4/17/2020 16:22,Agree,N/A
2020/04/18,KS,1811,,,51,,88,,,0,,4/18/2020 16:22,Agree,N/A
2020/04/19,KS,1849,1849,0,38,0,92,,,4,0,4/19/2020 16:22,Agree,N/A
2020/04/20,KS,1986,,,137,,100,,,8,,4/20/2020 16:22,Agree,N/A
2020/04/21,KS,2025,2025,0,39,0,107,,,7,0,4/21/2020 16:22,Agree,N/A
2020/04/22,KS,2211,2211,0,186,0,110,,,3,0,4/22/2020 16:22,Agree,N/A
2020/04/23,KS,2482,2482,0,271,0,112,,,2,0,5/25/2020 15:38,Agree,N/A
2020/04/24,KS,2777,2777,0,295,0,111,,,-1,0,5/25/2020 15:38,Agree,N/A
2020/04/25,KS,3056,3056,0,279,0,117,,,6,0,5/25/2020 15:38,Agree,N/A
2020/04/26,KS,3174,3174,0,118,0,118,,,1,0,5/25/2020 15:38,Agree,N/A
2020/04/27,KS,3328,3328,0,154,0,120,,,2,0,5/25/2020 15:38,Agree,N/A
2020/04/28,KS,3491,3491,0,163,0,124,,,4,0,4/29/2020 18:12,Agree,N/A
2020/04/29,KS,3738,3738,0,247,0,125,,,1,0,4/30/2020 16:07,Agree,N/A
2020/04/30,KS,4238,4238,0,500,0,129,,,4,0,5/1/2020 21:00,Agree,N/A
2020/05/01,KS,4449,4449,0,211,0,130,,,1,0,5/2/2020 15:47,Agree,N/A
2020/05/02,KS,4746,4746,0,297,0,131,,,1,0,5/3/2020 15:36,Agree,N/A
2020/05/03,KS,5030,5030,0,284,0,134,,,3,0,5/4/2020 22:49,Agree,N/A
2020/05/04,KS,5245,5245,0,215,0,136,,,2,0,5/5/2020 17:25,Agree,N/A
2020/05/05,KS,5458,5458,0,213,0,137,,,1,0,5/6/2020 16:23,Agree,N/A
2020/05/06,KS,5734,5734,0,276,0,144,,,7,0,5/7/2020 22:59,Agree,N/A
2020/05/07,KS,6144,6082,62,410,62,147,,,3,0,5/8/2020 21:26,Agree,N/A
2020/05/08,KS,6501,6431,70,357,8,152,,,5,0,5/9/2020 21:26,Agree,N/A
2020/05/09,KS,6751,6751,0,250,-70,157,,,5,0,5/10/2020 21:26,Agree,N/A
2020/05/10,KS,6984,6984,0,233,0,157,,,0,0,5/11/2020 21:26,Agree,N/A
2020/05/11,KS,7116,7116,0,132,0,158,,,1,0,5/12/2020 17:26,Agree,N/A
2020/05/12,KS,7116,7116,0,0,0,158,,,0,0,5/13/2020 15:26,Agree,N/A
2020/05/13,KS,7468,7468,0,352,0,164,,,6,0,5/14/2020 17:25,Agree,N/A
2020/05/14,KS,7468,7468,0,0,0,164,,,0,0,5/15/2020 16:11,Agree,N/A
2020/05/15,KS,7886,7886,0,418,0,172,,,8,0,5/16/2020 15:46,Agree,N/A
2020/05/16,KS,7886,7886,0,0,0,172,,,0,0,5/17/2020 15:27,Agree,N/A
2020/05/17,KS,7886,7886,0,0,0,172,,,0,0,5/18/2020 16:01,Agree,N/A
2020/05/18,KS,8340,8340,0,454,0,173,,,1,0,5/19/2020 15:45,Agree,N/A
2020/05/19,KS,8340,8340,0,0,0,173,,,0,0,5/20/2020 15:28,Agree,N/A
2020/05/20,KS,8539,8539,0,199,0,178,,,5,0,5/21/2020 15:41,Agree,N/A
2020/05/21,KS,8539,8539,0,0,0,178,,,0,0,5/22/2020 15:31,Agree,N/A
2020/05/22,KS,8958,8958,0,419,0,185,,,7,0,5/23/2020 17:58,Agree,N/A
2020/05/23,KS,8958,8958,0,0,0,185,,,0,0,5/24/2020 14:15,Agree,N/A
2020/05/24,KS,8958,8958,0,0,0,185,,,0,0,5/25/2020 14:12,Agree,N/A
2020/05/25,KS,9218,9218,0,260,0,188,,,3,0,5/26/2020 14:23,Agree,N/A
2020/05/26,KS,9218,9218,0,0,0,188,,,0,0,5/27/2020 15:37,Agree,N/A
2020/05/27,KS,9337,9337,0,119,0,205,,,17,0,5/28/2020 15:12,Agree,N/A
2020/05/28,KS,9337,9337,0,0,0,205,,,0,0,5/29/2020 14:19,Agree,N/A
2020/05/29,KS,9719,9719,0,382,0,208,,,3,0,5/30/2020 15:47,Agree,N/A
2020/05/30,KS,9719,9719,0,0,0,208,,,0,0,5/31/2020 14:43,Agree,N/A
2020/05/31,KS,9719,9719,0,0,0,208,,,0,0,6/1/2020 14:17,Agree,N/A
2020/06/01,KS,10011,10011,0,292,0,217,,,9,0,6/2/2020 14:16,Agree,N/A
2020/06/02,KS,10011,10011,0,0,0,217,,,0,0,6/3/2020 14:11,Agree,N/A
2020/06/03,KS,10170,10170,0,159,0,222,,,5,0,6/4/2020 15:03,Agree,N/A
2020/06/04,KS,10170,10170,0,0,0,222,,,0,0,6/5/2020 15:17,Agree,N/A
2020/06/05,KS,10393,10393,0,223,0,232,,,10,0,6/6/2020 14:31,Agree,N/A
2020/06/06,KS,10393,10393,0,0,0,232,,,0,0,6/7/2020 14:23,Agree,N/A
2020/06/07,KS,10393,10393,0,0,0,232,,,0,0,6/8/2020 14:55,Agree,N/A
2020/06/08,KS,10650,10650,0,257,0,236,,,4,0,6/9/2020 16:49,Agree,N/A
2020/06/09,KS,10650,10650,0,0,0,236,,,0,0,6/10/2020 20:56,Agree,N/A
2020/06/10,KS,10812,10812,0,162,0,240,,,4,0,6/11/2020 14:48,Agree,N/A
2020/06/11,KS,10812,10812,0,0,0,240,,,0,0,6/12/2020 14:17,Agree,N/A
2020/06/12,KS,11047,11047,0,235,0,243,,,3,0,6/13/2020 17:46,Agree,N/A
2020/06/13,KS,11047,11047,0,0,0,243,,,0,0,6/14/2020 14:19,Agree,N/A
2020/06/14,KS,11047,11047,0,0,0,243,,,0,0,6/15/2020 14:33,Agree,N/A
2020/06/15,KS,11419,11419,0,372,0,245,,,2,0,6/16/2020 14:10,Agree,N/A
2020/06/16,KS,11419,11419,0,0,0,245,,,0,0,6/17/2020 15:06,Agree,N/A
2020/06/17,KS,11681,11681,0,262,0,247,,,2,0,6/18/2020 17:16,Agree,N/A
2020/06/18,KS,11681,11681,0,0,0,247,,,0,0,6/19/2020 15:01,Agree,N/A
2020/06/19,KS,12059,12059,0,378,0,254,,,7,0,6/20/2020 14:15,Agree,N/A
2020/06/20,KS,12059,12059,0,0,0,254,,,0,0,6/21/2020 14:32,Agree,N/A
2020/06/21,KS,12059,12059,0,0,0,254,,,0,0,6/22/2020 15:24,Agree,N/A
2020/06/22,KS,12465,12465,0,406,0,259,,,5,0,6/23/2020 14:28,Agree,N/A
2020/06/23,KS,12465,12465,0,0,0,259,,,0,0,6/24/2020 15:03,Agree,N/A
2020/06/24,KS,12970,12703,267,505,267,261,,,2,0,6/25/2020 14:07,Agree,N/A
2020/06/25,KS,12970,12703,267,0,0,261,,,0,0,6/26/2020 19:18,Agree,N/A
2020/06/26,KS,13538,13227,311,568,44,264,,,3,0,6/27/2020 17:51,Agree,N/A
2020/06/27,KS,13538,13227,311,0,0,264,,,0,0,6/28/2020 14:59,Agree,N/A
2020/06/28,KS,13538,13227,311,0,0,264,,,0,0,6/29/2020 14:37,Agree,N/A
2020/06/29,KS,14443,14066,377,905,66,270,,,6,0,6/30/2020 15:27,Agree,N/A
2020/06/30,KS,14443,14066,377,0,0,270,,,0,0,7/1/2020 15:45,Agree,N/A
2020/07/01,KS,14990,14614,376,547,-1,272,,,2,0,7/2/2020 15:10,Agree,N/A
2020/07/02,KS,14990,14614,376,0,0,272,,,0,0,7/3/2020 15:01,Agree,N/A
2020/07/03,KS,15919,15538,381,929,5,277,,,5,0,7/4/2020 15:30,Agree,N/A
2020/07/04,KS,15919,15538,381,0,0,277,,,0,0,7/5/2020 15:00,Agree,N/A
2020/07/05,KS,15919,15538,381,0,0,277,,,0,0,7/6/2020 15:16,Agree,N/A
2020/07/06,KS,16901,16507,394,982,13,280,,,3,0,7/7/2020 14:58,Agree,N/A
2020/07/07,KS,16901,16507,394,0,0,280,,,0,0,7/8/2020 14:12,Agree,N/A
2020/07/08,KS,17618,17221,397,717,3,282,,,2,0,7/9/2020 15:14,Agree,N/A
2020/07/09,KS,17618,17221,397,0,0,282,,,0,0,7/10/2020 15:35,Agree,N/A
2020/07/10,KS,18611,18179,432,993,35,284,,,2,0,7/11/2020 18:25,Agree,N/A
2020/07/11,KS,18611,18179,432,0,0,284,,,0,0,7/12/2020 15:13,Agree,N/A
2020/07/12,KS,18611,18611,0,0,-432,284,,,0,0,7/13/2020 15:19,Agree,N/A
2020/07/13,KS,20058,19628,430,1447,430,288,,,4,0,7/14/2020 15:13,Agree,N/A
2020/07/14,KS,20058,19628,430,0,0,288,,,0,0,7/15/2020 15:05,Agree,N/A
2020/07/15,KS,20933,20479,454,875,24,299,,,11,0,7/16/2020 14:22,Agree,N/A
2020/07/16,KS,20933,20479,454,0,0,299,,,0,0,7/17/2020 14:31,Agree,N/A
2020/07/17,KS,21965,21496,469,1032,15,299,,,0,0,7/18/2020 16:14,Agree,N/A
2020/07/18,KS,21965,21496,469,0,0,299,,,0,0,7/19/2020 15:05,Agree,N/A
2020/07/19,KS,21965,21496,469,0,0,299,,,0,0,7/20/2020 14:35,Agree,N/A
2020/07/20,KS,23334,22823,511,1369,42,307,,,8,0,7/21/2020 14:50,Agree,N/A
2020/07/21,KS,23334,22823,511,0,0,307,,,0,0,7/22/2020 14:51,Agree,N/A
2020/07/22,KS,24104,23586,518,770,7,308,,,1,0,7/23/2020 14:48,Agree,N/A
2020/07/23,KS,24104,23586,518,0,0,308,,,0,0,7/24/2020 14:18,Agree,N/A
2020/07/24,KS,25109,24572,537,1005,19,326,,,18,0,7/25/2020 17:40,Agree,N/A
2020/07/25,KS,25109,24572,537,0,0,326,,,0,0,7/26/2020 15:17,Agree,N/A
2020/07/26,KS,25109,25109,0,0,-537,326,,,0,0,7/27/2020 14:16,Agree,N/A
2020/07/27,KS,26172,25633,539,1063,539,335,,,9,0,7/28/2020 14:21,Agree,N/A
2020/07/28,KS,26172,25633,539,0,0,335,,,0,0,7/29/2020 14:34,Agree,N/A
2020/07/29,KS,26870,26327,543,698,4,349,,,14,0,7/30/2020 14:42,Agree,N/A
2020/07/30,KS,26870,26327,543,0,0,349,,,0,0,7/31/2020 14:35,Agree,N/A
2020/07/31,KS,27812,27171,641,942,98,358,,,9,0,8/1/2020 14:38,Agree,N/A
2020/08/01,KS,27812,27171,641,0,0,358,,,0,0,8/2/2020 14:54,Agree,N/A
2020/08/02,KS,27812,27171,641,0,0,358,,,0,0,8/3/2020 14:31,Agree,N/A
2020/08/03,KS,28876,28235,641,1064,0,365,,,7,0,8/4/2020 14:09,Agree,N/A
2020/08/04,KS,28876,28235,641,0,0,365,,,0,0,8/5/2020 14:13,Agree,N/A
2020/08/05,KS,29717,29076,641,841,0,368,,,3,0,8/6/2020 14:12,Agree,N/A
2020/08/06,KS,29717,29076,641,0,0,368,,,0,0,8/7/2020 23:57,Agree,N/A
2020/08/07,KS,30638,29889,749,921,108,380,,,12,0,8/8/2020 14:58,Agree,N/A
2020/08/08,KS,30638,29889,749,0,0,380,,,0,0,8/9/2020 14:03,Agree,N/A
2020/08/09,KS,30638,29889,749,0,0,380,,,0,0,8/10/2020 14:23,Agree,N/A
2020/08/10,KS,31730,30975,755,1092,6,387,,,7,0,8/11/2020 14:16,Agree,N/A
2020/08/11,KS,31730,30975,755,0,0,387,,,0,0,8/12/2020 13:50,Agree,N/A
2020/08/12,KS,32547,31728,819,817,64,395,,,8,0,8/13/2020 14:12,Agree,N/A
2020/08/13,KS,32547,31728,819,0,0,395,,,0,0,8/14/2020 14:30,Agree,N/A
2020/08/14,KS,33885,33885,0,1338,-819,402,,,7,0,8/15/2020 14:02,Agree,N/A
2020/08/15,KS,33885,33066,819,0,819,402,,,0,0,8/16/2020 14:57,Agree,N/A
2020/08/16,KS,33885,33066,819,0,0,402,,,0,0,8/17/2020 14:26,Agree,N/A
2020/08/17,KS,35167,34246,921,1282,102,405,,,3,0,8/18/2020 14:26,Agree,N/A
2020/08/18,KS,35167,34246,921,0,0,405,,,0,0,8/19/2020 14:23,Agree,N/A
2020/08/19,KS,35890,34942,948,723,27,411,,,6,0,8/20/2020 15:11,Agree,N/A
2020/08/20,KS,35890,34942,948,0,0,411,,,0,0,8/21/2020 14:27,Agree,N/A
2020/08/21,KS,36856,35895,961,966,13,419,,,8,0,8/22/2020 14:21,Agree,N/A
2020/08/22,KS,36856,35895,961,0,0,419,,,0,0,8/23/2020 14:15,Agree,N/A
2020/08/23,KS,36856,35895,961,0,0,419,,,0,0,8/24/2020 13:54,Agree,N/A
2020/08/24,KS,38401,37401,1000,1545,39,426,,,7,0,8/25/2020 14:02,Agree,N/A
2020/08/25,KS,38401,37401,1000,0,0,426,,,0,0,8/26/2020 13:51,Agree,N/A
2020/08/26,KS,39937,38807,1130,1536,130,426,,,0,0,8/27/2020 13:42,Agree,N/A
2020/08/27,KS,39937,38807,1130,0,0,437,,,11,0,8/28/2020 13:43,Agree,N/A
2020/08/28,KS,41048,39861,1187,1111,57,443,,,6,0,8/29/2020 13:42,Agree,N/A
2020/08/29,KS,41048,39861,1187,0,0,443,,,0,0,8/30/2020 14:49,Agree,N/A
2020/08/30,KS,41048,39861,1187,0,0,443,,,0,0,8/31/2020 14:05,Agree,N/A
2020/08/31,KS,42612,41425,1187,1564,0,446,,,3,0,9/1/2020 14:09,Agree,N/A
2020/09/01,KS,42612,41425,1187,0,0,446,,,0,0,9/2/2020 13:49,Agree,N/A
2020/09/02,KS,43940,42559,1381,1328,194,458,,,12,0,9/3/2020 14:18,Agree,N/A
2020/09/03,KS,43940,42559,1381,0,0,458,,,0,0,9/4/2020 13:36,Agree,N/A
2020/09/04,KS,45220,43800,1420,1280,39,481,,,23,0,9/5/2020 14:09,Agree,N/A
2020/09/05,KS,45220,43839,1381,0,-39,481,,,0,0,9/6/2020 14:09,Agree,N/A
2020/09/06,KS,45220,43839,1381,0,0,481,,,0,0,9/7/2020 13:37,Agree,N/A
2020/09/07,KS,46914,45352,1562,1694,181,485,,,4,0,9/8/2020 14:47,Agree,N/A
2020/09/08,KS,46914,45352,1562,0,0,485,,,0,0,9/9/2020 13:47,Agree,N/A
2020/09/09,KS,47410,45793,1617,496,55,495,,,10,0,9/10/2020 14:02,Agree,N/A
2020/09/10,KS,47410,45793,1617,0,0,495,,,0,0,9/11/2020 13:51,Agree,N/A
2020/09/11,KS,48386,46626,1760,976,143,511,,,16,0,9/12/2020 14:12,Agree,N/A
2020/09/12,KS,48386,46626,1760,0,0,511,,,0,0,9/13/2020 16:17,Agree,N/A
2020/09/13,KS,48386,46626,1760,0,0,511,,,0,0,9/14/2020 14:01,Agree,N/A
2020/09/14,KS,49899,48139,1760,1513,0,534,,,23,0,9/15/2020 14:03,Agree,N/A
2020/09/15,KS,49899,48139,1760,0,0,534,,,0,0,9/16/2020 13:53,Agree,N/A
2020/09/16,KS,50870,48770,2100,971,340,586,,,52,0,9/17/2020 13:45,Agree,N/A
2020/09/17,KS,50870,48770,2100,0,0,586,,,0,0,9/18/2020 13:48,Agree,N/A
2020/09/18,KS,52285,50038,2247,1415,147,596,,,10,0,9/19/2020 14:00,Agree,N/A
2020/09/19,KS,52285,50038,2247,0,0,596,,,0,0,9/20/2020 13:53,Agree,N/A
2020/09/20,KS,52285,50038,2247,0,0,596,,,0,0,9/21/2020 13:47,Agree,N/A
2020/09/21,KS,53959,51579,2380,1674,133,600,,,4,0,9/22/2020 13:51,Agree,N/A
2020/09/22,KS,53959,51579,2380,0,0,600,,,0,0,9/23/2020 13:51,Agree,N/A
2020/09/23,KS,55226,52665,2561,1267,181,621,,,21,0,9/24/2020 13:54,Agree,N/A
2020/09/24,KS,55226,52665,2561,0,0,621,,,0,0,9/25/2020 13:54,Agree,N/A
2020/09/25,KS,56592,53948,2644,1366,83,632,,,11,0,9/26/2020 13:46,Agree,N/A
2020/01/22,ME,0,,,0,,0,,,0,,3/26/2020 16:22,Agree,N/A
2020/01/23,ME,0,,,0,,0,,,0,,3/26/2020 16:22,Agree,N/A
2020/01/24,ME,0,,,0,,0,,,0,,3/26/2020 16:22,Agree,N/A
2020/01/25,ME,0,,,0,,0,,,0,,3/26/2020 16:22,Agree,N/A
2020/01/26,ME,0,,,0,,0,,,0,,3/26/2020 16:22,Agree,N/A
2020/01/27,ME,0,,,0,,0,,,0,,3/26/2020 16:22,Agree,N/A
2020/01/28,ME,0,,,0,,0,,,0,,3/26/2020 16:22,Agree,N/A
2020/01/29,ME,0,,,0,,0,,,0,,3/26/2020 16:22,Agree,N/A
2020/01/30,ME,0,,,0,,0,,,0,,3/26/2020 16:22,Agree,N/A
2020/01/31,ME,0,,,0,,0,,,0,,3/26/2020 16:22,Agree,N/A
2020/02/01,ME,0,,,0,,0,,,0,,3/26/2020 16:22,Agree,N/A
2020/02/02,ME,0,,,0,,0,,,0,,3/26/2020 16:22,Agree,N/A
2020/02/03,ME,0,,,0,,0,,,0,,3/26/2020 16:22,Agree,N/A
2020/02/04,ME,0,,,0,,0,,,0,,3/26/2020 16:22,Agree,N/A
2020/02/05,ME,0,,,0,,0,,,0,,3/26/2020 16:22,Agree,N/A
2020/02/06,ME,0,,,0,,0,,,0,,3/26/2020 16:22,Agree,N/A
2020/02/07,ME,0,,,0,,0,,,0,,3/26/2020 16:22,Agree,N/A
2020/02/08,ME,0,,,0,,0,,,0,,3/26/2020 16:22,Agree,N/A
2020/02/09,ME,0,,,0,,0,,,0,,3/26/2020 16:22,Agree,N/A
2020/02/10,ME,0,,,0,,0,,,0,,3/26/2020 16:22,Agree,N/A
2020/02/11,ME,0,,,0,,0,,,0,,3/26/2020 16:22,Agree,N/A
2020/02/12,ME,0,,,0,,0,,,0,,3/26/2020 16:22,Agree,N/A
2020/02/13,ME,0,,,0,,0,,,0,,3/26/2020 16:22,Agree,N/A
2020/02/14,ME,0,,,0,,0,,,0,,3/26/2020 16:22,Agree,N/A
2020/02/15,ME,0,,,0,,0,,,0,,3/26/2020 16:22,Agree,N/A
2020/02/16,ME,0,,,0,,0,,,0,,3/26/2020 16:22,Agree,N/A
2020/02/17,ME,0,,,0,,0,,,0,,3/26/2020 16:22,Agree,N/A
2020/02/18,ME,0,,,0,,0,,,0,,3/26/2020 16:22,Agree,N/A
2020/02/19,ME,0,,,0,,0,,,0,,3/26/2020 16:22,Agree,N/A
2020/02/20,ME,0,,,0,,0,,,0,,3/26/2020 16:22,Agree,N/A
2020/02/21,ME,0,,,0,,0,,,0,,3/26/2020 16:22,Agree,N/A
2020/02/22,ME,0,,,0,,0,,,0,,3/26/2020 16:22,Agree,N/A
2020/02/23,ME,0,,,0,,0,,,0,,3/26/2020 16:22,Agree,N/A
2020/02/24,ME,0,,,0,,0,,,0,,3/26/2020 16:22,Agree,N/A
2020/02/25,ME,0,,,0,,0,,,0,,3/26/2020 16:22,Agree,N/A
2020/02/26,ME,0,,,0,,0,,,0,,3/26/2020 16:22,Agree,N/A
2020/02/27,ME,0,,,0,,0,,,0,,3/26/2020 16:22,Agree,N/A
2020/02/28,ME,0,,,0,,0,,,0,,3/26/2020 16:22,Agree,N/A
2020/02/29,ME,0,,,0,,0,,,0,,3/26/2020 16:22,Agree,N/A
2020/03/01,ME,0,,,0,,0,,,0,,3/26/2020 16:22,Agree,N/A
2020/03/02,ME,0,,,0,,0,,,0,,3/26/2020 16:22,Agree,N/A
2020/03/03,ME,0,,,0,,0,,,0,,3/26/2020 16:22,Agree,N/A
2020/03/04,ME,0,,,0,,0,,,0,,3/26/2020 16:22,Agree,N/A
2020/03/05,ME,0,,,0,,0,,,0,,3/26/2020 16:22,Agree,N/A
2020/03/06,ME,0,,,0,,0,,,0,,3/26/2020 16:22,Agree,N/A
2020/03/07,ME,0,,,0,,0,,,0,,3/26/2020 16:22,Agree,N/A
2020/03/08,ME,0,,,0,,0,,,0,,3/26/2020 16:22,Agree,N/A
2020/03/09,ME,0,,,0,,0,,,0,,3/26/2020 16:22,Agree,N/A
2020/03/10,ME,0,,,0,,0,,,0,,3/26/2020 16:22,Agree,N/A
2020/03/11,ME,0,,,0,,0,,,0,,3/26/2020 16:22,Agree,N/A
2020/03/12,ME,1,,,1,,0,,,0,,3/26/2020 16:22,Agree,N/A
2020/03/13,ME,1,,,0,,0,,,0,,3/26/2020 16:22,Agree,N/A
2020/03/14,ME,5,,,4,,0,,,0,,3/26/2020 16:22,Agree,N/A
2020/03/15,ME,14,,,9,,0,,,0,,3/26/2020 16:22,Agree,N/A
2020/03/16,ME,19,,,5,,0,,,0,,3/26/2020 16:22,Agree,N/A
2020/03/17,ME,32,,,13,,0,,,0,,3/26/2020 16:22,Agree,N/A
2020/03/18,ME,44,,,12,,0,,,0,,3/26/2020 16:22,Agree,N/A
2020/03/19,ME,52,,,8,,0,,,0,,3/26/2020 16:22,Agree,N/A
2020/03/20,ME,56,,,4,,0,,,0,,3/26/2020 16:22,Agree,N/A
2020/03/21,ME,70,,,14,,0,,,0,,3/26/2020 16:22,Agree,N/A
2020/03/22,ME,93,,,23,,0,,,0,,3/26/2020 16:22,Agree,N/A
2020/03/23,ME,109,,,16,,0,,,0,,3/26/2020 16:22,Agree,N/A
2020/03/24,ME,118,,,9,,0,,,0,,3/26/2020 16:22,Agree,N/A
2020/03/25,ME,147,,,29,,0,,,0,,3/26/2020 16:22,Agree,N/A
2020/03/26,ME,155,,,8,,0,,,0,,3/26/2020 16:22,Agree,N/A
2020/03/27,ME,168,,,13,,1,,,1,,3/26/2020 16:22,Agree,N/A
2020/03/28,ME,211,,,43,,1,,,0,,3/28/2020 16:22,Agree,N/A
2020/03/29,ME,253,,,42,,3,,,2,,3/28/2020 16:22,Agree,N/A
2020/03/30,ME,303,,,50,,5,,,2,,3/29/2020 16:22,Agree,N/A
2020/03/31,ME,303,,,0,,5,,,0,,3/30/2020 16:22,Agree,N/A
2020/04/01,ME,344,,,41,,7,,,2,,3/31/2020 16:22,Agree,N/A
2020/04/02,ME,376,,,32,,7,,,0,,4/1/2020 16:22,Agree,N/A
2020/04/03,ME,432,,,56,,9,,,2,,4/3/2020 16:22,Agree,N/A
2020/04/04,ME,456,,,24,,10,,,1,,4/3/2020 16:22,Agree,N/A
2020/04/05,ME,470,,,14,,10,,,0,,4/4/2020 16:22,Agree,N/A
2020/04/06,ME,499,,,29,,10,,,0,,4/5/2020 16:22,Agree,N/A
2020/04/07,ME,519,,,20,,12,,,2,,4/7/2020 16:22,Agree,N/A
2020/04/08,ME,537,,,18,,14,,,2,,4/7/2020 16:22,Agree,N/A
2020/04/09,ME,560,,,23,,16,,,2,,4/8/2020 16:22,Agree,N/A
2020/04/10,ME,583,,,23,,17,,,1,,4/9/2020 16:22,Agree,N/A
2020/04/11,ME,616,,,33,,19,,,2,,4/10/2020 16:22,Agree,N/A
2020/04/12,ME,633,,,17,,19,,,0,,4/11/2020 16:22,Agree,N/A
2020/04/13,ME,698,,,65,,19,,,0,,4/12/2020 16:22,Agree,N/A
2020/04/14,ME,734,,,36,,20,,,1,,4/13/2020 16:22,Agree,N/A
2020/04/15,ME,770,,,36,,24,,,4,,4/15/2020 16:22,Agree,N/A
2020/04/16,ME,796,,,26,,27,,,3,,4/16/2020 16:22,Agree,N/A
2020/04/17,ME,827,,,31,,29,,,2,,4/17/2020 16:22,Agree,N/A
2020/04/18,ME,847,,,20,,32,,,3,,4/18/2020 16:22,Agree,N/A
2020/04/19,ME,867,867,0,20,0,34,,,2,0,4/19/2020 16:22,Agree,N/A
2020/04/20,ME,875,875,0,8,0,35,,,1,0,4/20/2020 16:22,Agree,N/A
2020/04/21,ME,888,888,0,13,0,36,,,1,0,4/21/2020 16:22,Agree,N/A
2020/04/22,ME,907,907,0,19,0,39,,,3,0,4/22/2020 16:22,Agree,N/A
2020/04/23,ME,937,937,0,30,0,44,,,5,0,5/25/2020 15:38,Agree,N/A
2020/04/24,ME,965,965,0,28,0,47,,,3,0,5/25/2020 15:38,Agree,N/A
2020/04/25,ME,990,990,0,25,0,50,,,3,0,5/25/2020 15:38,Agree,N/A
2020/04/26,ME,1023,1005,18,33,18,50,,,0,0,5/25/2020 15:38,Agree,N/A
2020/04/27,ME,1040,1015,25,17,7,51,,,1,0,5/25/2020 15:38,Agree,N/A
2020/04/28,ME,1056,1029,27,16,2,51,,,0,0,4/29/2020 18:12,Agree,N/A
2020/04/29,ME,1095,1064,31,39,4,53,,,2,0,4/30/2020 16:07,Agree,N/A
2020/04/30,ME,1123,1088,35,28,4,55,,,2,0,5/1/2020 21:00,Agree,N/A
2020/05/01,ME,1123,1123,0,0,-35,55,,,0,0,5/2/2020 15:47,Agree,N/A
2020/05/02,ME,1152,1152,0,29,0,56,,,1,0,5/3/2020 15:36,Agree,N/A
2020/05/03,ME,1205,1136,69,53,69,57,,,1,0,5/4/2020 22:49,Agree,N/A
2020/05/04,ME,1226,1150,76,21,7,61,,,4,0,5/5/2020 17:25,Agree,N/A
2020/05/05,ME,1254,1174,80,28,4,62,,,1,0,5/6/2020 16:23,Agree,N/A
2020/05/06,ME,1254,1174,80,0,0,62,,,0,0,5/7/2020 22:59,Agree,N/A
2020/05/07,ME,1374,1264,110,120,30,62,,,0,0,5/8/2020 21:26,Agree,N/A
2020/05/08,ME,1374,1264,110,0,0,63,,,1,0,5/9/2020 21:26,Agree,N/A
2020/05/09,ME,1434,1312,122,60,12,64,,,1,0,5/10/2020 21:26,Agree,N/A
2020/05/10,ME,1457,1322,135,23,13,64,,,0,0,5/11/2020 21:26,Agree,N/A
2020/05/11,ME,1462,1328,134,5,-1,65,,,1,0,5/12/2020 17:26,Agree,N/A
2020/05/12,ME,1515,1372,143,53,9,66,,,1,0,5/13/2020 15:26,Agree,N/A
2020/05/13,ME,1515,1372,143,0,0,66,,,0,0,5/14/2020 17:25,Agree,N/A
2020/05/14,ME,1603,1437,166,88,23,69,,,3,1,5/15/2020 16:11,Agree,N/A
2020/05/15,ME,1648,1477,171,45,5,70,,,1,0,5/16/2020 15:46,Agree,N/A
2020/05/16,ME,1687,1511,176,39,5,70,,,0,0,5/17/2020 15:27,Agree,N/A
2020/05/17,ME,1713,1533,180,26,4,71,,,1,0,5/18/2020 16:01,Agree,N/A
2020/05/18,ME,1741,1561,180,28,0,73,,,2,0,5/19/2020 15:45,Agree,N/A
2020/05/19,ME,1819,1632,187,78,7,73,,,0,0,5/20/2020 15:28,Agree,N/A
2020/05/20,ME,1877,1678,199,58,12,73,,,0,0,5/21/2020 15:41,Agree,N/A
2020/05/21,ME,1948,1749,199,71,0,75,,,2,0,5/22/2020 15:31,Agree,N/A
2020/05/22,ME,1948,1749,199,0,0,75,,,0,-1,5/23/2020 17:58,Agree,N/A
2020/05/23,ME,2013,1804,209,65,10,77,,,2,0,5/24/2020 14:15,Agree,N/A
2020/05/24,ME,2074,1858,216,61,7,78,,,1,1,5/25/2020 14:12,Agree,N/A
2020/05/25,ME,2109,1894,215,35,-1,79,,,1,0,5/26/2020 14:23,Agree,N/A
2020/05/26,ME,2109,1894,215,0,0,79,,,0,-1,5/27/2020 15:37,Agree,N/A
2020/05/27,ME,2189,1951,238,80,23,84,,,5,1,5/28/2020 15:12,Agree,N/A
2020/05/28,ME,2226,1971,255,37,17,85,,,1,0,5/29/2020 14:19,Agree,N/A
2020/05/29,ME,2282,2025,257,56,2,89,,,4,0,5/30/2020 15:47,Agree,N/A
2020/05/30,ME,2325,2067,258,43,1,89,,,0,0,5/31/2020 14:43,Agree,N/A
2020/05/31,ME,2349,2093,256,24,-2,89,,,0,0,6/1/2020 14:17,Agree,N/A
2020/06/01,ME,2377,2118,259,28,3,94,,,5,0,6/2/2020 14:16,Agree,N/A
2020/06/02,ME,2418,2152,266,41,7,95,,,1,0,6/3/2020 14:11,Agree,N/A
2020/06/03,ME,2418,2152,266,0,0,95,,,0,-1,6/4/2020 15:03,Agree,N/A
2020/06/04,ME,2446,2181,265,28,-1,95,,,0,0,6/5/2020 15:17,Agree,N/A
2020/06/05,ME,2482,2210,272,36,7,98,,,3,0,6/6/2020 14:31,Agree,N/A
2020/06/06,ME,2570,2295,275,88,3,99,,,1,1,6/7/2020 14:23,Agree,N/A
2020/06/07,ME,2570,2295,275,0,0,99,,,0,-1,6/8/2020 14:55,Agree,N/A
2020/06/08,ME,2588,2305,283,18,8,99,,,0,0,6/9/2020 16:49,Agree,N/A
2020/06/09,ME,2606,2322,284,18,1,100,,,1,0,6/10/2020 20:56,Agree,N/A
2020/06/10,ME,2667,2380,287,61,3,100,,,0,1,6/11/2020 14:48,Agree,N/A
2020/06/11,ME,2667,2380,287,0,0,100,,,0,-1,6/12/2020 14:17,Agree,N/A
2020/06/12,ME,2721,2420,301,54,14,100,,,0,0,6/13/2020 17:46,Agree,N/A
2020/06/13,ME,2757,2452,305,36,4,100,,,0,0,6/14/2020 14:19,Agree,N/A
2020/06/14,ME,2810,2495,315,53,10,101,,,1,1,6/15/2020 14:33,Agree,N/A
2020/06/15,ME,2819,2499,320,9,5,101,,,0,0,6/16/2020 14:10,Agree,N/A
2020/06/16,ME,2819,2499,320,0,0,101,,,0,-1,6/17/2020 15:06,Agree,N/A
2020/06/17,ME,2836,2509,327,17,7,102,,,1,0,6/18/2020 17:16,Agree,N/A
2020/06/18,ME,2878,2555,323,42,-4,102,,,0,0,6/19/2020 15:01,Agree,N/A
2020/06/19,ME,2938,2610,328,60,5,102,,,0,1,6/20/2020 14:15,Agree,N/A
2020/06/20,ME,2938,2610,328,0,0,102,,,0,-1,6/21/2020 14:32,Agree,N/A
2020/06/21,ME,2957,2629,328,19,0,102,,,0,0,6/22/2020 15:24,Agree,N/A
2020/06/22,ME,2971,2640,331,14,3,102,,,0,0,6/23/2020 14:28,Agree,N/A
2020/06/23,ME,2994,2655,339,23,8,102,,,0,0,6/24/2020 15:03,Agree,N/A
2020/06/24,ME,3071,2731,340,77,1,103,,,1,1,6/25/2020 14:07,Agree,N/A
2020/06/25,ME,3070,2731,339,-1,-1,103,,,0,-1,6/26/2020 19:18,Agree,N/A
2020/06/26,ME,3102,2758,344,32,5,103,,,0,0,6/27/2020 17:51,Agree,N/A
2020/06/27,ME,3191,2838,353,89,9,104,,,1,1,6/28/2020 14:59,Agree,N/A
2020/06/28,ME,3221,2861,360,30,7,105,,,1,0,6/29/2020 14:37,Agree,N/A
2020/06/29,ME,3252,2892,360,31,0,105,,,0,0,6/30/2020 15:27,Agree,N/A
2020/06/30,ME,3294,2922,372,42,12,105,,,0,0,7/1/2020 15:45,Agree,N/A
2020/07/01,ME,3328,2951,377,34,5,105,,,0,0,7/2/2020 15:10,Agree,N/A
2020/07/02,ME,3328,2951,377,0,0,105,,,0,-1,7/3/2020 15:01,Agree,N/A
2020/07/03,ME,3397,3012,385,69,8,107,,,2,1,7/4/2020 15:30,Agree,N/A
2020/07/04,ME,3397,3012,385,0,0,107,,,0,-1,7/5/2020 15:00,Agree,N/A
2020/07/05,ME,3423,3034,389,26,4,109,,,2,1,7/6/2020 15:16,Agree,N/A
2020/07/06,ME,3440,3050,390,17,1,110,,,1,0,7/7/2020 14:58,Agree,N/A
2020/07/07,ME,3460,3065,395,20,5,110,,,0,0,7/8/2020 14:12,Agree,N/A
2020/07/08,ME,3486,3092,394,26,-1,111,,,1,0,7/9/2020 15:14,Agree,N/A
2020/07/09,ME,3499,3110,389,13,-5,111,,,0,0,7/10/2020 15:35,Agree,N/A
2020/07/10,ME,3499,3110,389,0,0,111,,,0,-1,7/11/2020 18:25,Agree,N/A
2020/07/11,ME,3539,3143,396,40,7,114,,,3,1,7/12/2020 15:13,Agree,N/A
2020/07/12,ME,3558,3159,399,19,3,114,,,0,0,7/13/2020 15:19,Agree,N/A
2020/07/13,ME,3566,3168,398,8,-1,114,,,0,0,7/14/2020 15:13,Agree,N/A
2020/07/14,ME,3578,3186,392,12,-6,114,,,0,0,7/15/2020 15:05,Agree,N/A
2020/07/15,ME,3598,3207,391,20,-1,114,,,0,0,7/16/2020 14:22,Agree,N/A
2020/07/16,ME,3636,3239,397,38,6,115,,,1,0,7/17/2020 14:31,Agree,N/A
2020/07/17,ME,3644,3250,394,8,-3,117,,,2,0,7/18/2020 16:14,Agree,N/A
2020/07/18,ME,3646,3252,394,2,0,117,,,0,-1,7/19/2020 15:05,Agree,N/A
2020/07/19,ME,3711,3287,424,65,30,117,,,0,1,7/20/2020 14:35,Agree,N/A
2020/07/20,ME,3711,3287,424,0,0,118,,,1,0,7/21/2020 14:50,Agree,N/A
2020/07/21,ME,3722,3320,402,11,-22,118,,,0,0,7/22/2020 14:51,Agree,N/A
2020/07/22,ME,3737,3334,403,15,1,118,,,0,0,7/23/2020 14:48,Agree,N/A
2020/07/23,ME,3758,3358,400,21,-3,118,,,0,0,7/24/2020 14:18,Agree,N/A
2020/07/24,ME,3757,3357,400,-1,0,118,,,0,-1,7/25/2020 17:40,Agree,N/A
2020/07/25,ME,3814,3408,406,57,6,119,,,1,1,7/26/2020 15:17,Agree,N/A
2020/07/26,ME,3832,3422,410,18,4,119,,,0,0,7/27/2020 14:16,Agree,N/A
2020/07/27,ME,3838,3433,405,6,-5,121,,,2,0,7/28/2020 14:21,Agree,N/A
2020/07/28,ME,3866,3457,409,28,4,121,,,0,0,7/29/2020 14:34,Agree,N/A
2020/07/29,ME,3888,3477,411,22,2,121,,,0,0,7/30/2020 14:42,Agree,N/A
2020/07/30,ME,3910,3497,413,22,2,123,,,2,0,7/31/2020 14:35,Agree,N/A
2020/07/31,ME,3937,3516,421,27,8,123,,,0,0,8/1/2020 14:38,Agree,N/A
2020/08/01,ME,3958,3535,423,21,2,123,,,0,0,8/2/2020 14:54,Agree,N/A
2020/08/02,ME,3970,3541,429,12,6,123,,,0,0,8/3/2020 14:31,Agree,N/A
2020/08/03,ME,3975,3548,427,5,-2,123,,,0,0,8/4/2020 14:09,Agree,N/A
2020/08/04,ME,3992,3568,424,17,-3,124,,,1,0,8/5/2020 14:13,Agree,N/A
2020/08/05,ME,3997,3581,416,5,-8,124,,,0,0,8/6/2020 14:12,Agree,N/A
2020/08/06,ME,4015,3599,416,18,0,124,,,0,0,8/7/2020 23:57,Agree,N/A
2020/08/07,ME,4026,3609,417,11,1,125,,,1,0,8/8/2020 14:58,Agree,N/A
2020/08/08,ME,4042,3625,417,16,0,125,,,0,0,8/9/2020 14:03,Agree,N/A
2020/08/09,ME,4051,3641,410,9,-7,125,,,0,0,8/10/2020 14:23,Agree,N/A
2020/08/10,ME,4050,3644,406,-1,-4,126,,,1,0,8/11/2020 14:16,Agree,N/A
2020/08/11,ME,4069,3661,408,19,2,126,,,0,0,8/12/2020 13:50,Agree,N/A
2020/08/12,ME,4089,3679,410,20,2,126,,,0,0,8/13/2020 14:12,Agree,N/A
2020/08/13,ME,4115,3697,418,26,8,126,,,0,0,8/14/2020 14:30,Agree,N/A
2020/08/14,ME,4144,3726,418,29,0,127,,,1,0,8/15/2020 14:02,Agree,N/A
2020/08/15,ME,4168,3747,421,24,3,127,,,0,0,8/16/2020 14:57,Agree,N/A
2020/08/16,ME,4197,3767,430,29,9,127,,,0,0,8/17/2020 14:26,Agree,N/A
2020/08/17,ME,4213,3781,432,16,2,127,,,0,0,8/18/2020 14:26,Agree,N/A
2020/08/18,ME,4235,3799,436,22,4,127,,,0,0,8/19/2020 14:23,Agree,N/A
2020/08/19,ME,4253,3812,441,18,5,128,,,1,0,8/20/2020 15:11,Agree,N/A
2020/08/20,ME,4285,3847,438,32,-3,129,,,1,0,8/21/2020 14:27,Agree,N/A
2020/08/21,ME,4316,3872,444,31,6,130,,,1,0,8/22/2020 14:21,Agree,N/A
2020/08/22,ME,4335,3890,445,19,1,131,,,1,0,8/23/2020 14:15,Agree,N/A
2020/08/23,ME,4356,3910,446,21,1,131,,,0,0,8/24/2020 13:54,Agree,N/A
2020/08/24,ME,4369,3920,449,13,3,131,,,0,0,8/25/2020 14:02,Agree,N/A
2020/08/25,ME,4390,3943,447,21,-2,132,,,1,0,8/26/2020 13:51,Agree,N/A
2020/08/26,ME,4416,3963,453,26,6,132,,,0,0,8/27/2020 13:42,Agree,N/A
2020/08/27,ME,4437,3982,455,21,2,132,,,0,0,8/28/2020 13:43,Agree,N/A
2020/08/28,ME,4436,3981,455,-1,0,132,,,0,0,8/29/2020 13:42,Agree,N/A
2020/08/29,ME,4489,4032,457,53,2,132,,,0,0,8/30/2020 14:49,Agree,N/A
2020/08/30,ME,4526,4060,466,37,9,132,,,0,0,8/31/2020 14:05,Agree,N/A
2020/08/31,ME,4548,4081,467,22,1,132,,,0,0,9/1/2020 14:09,Agree,N/A
2020/09/01,ME,4548,4081,467,0,0,132,,,0,0,9/2/2020 13:49,Agree,N/A
2020/09/02,ME,4617,4145,472,69,5,133,,,1,0,9/3/2020 14:18,Agree,N/A
2020/09/03,ME,4632,4164,468,15,-4,134,,,1,0,9/4/2020 13:36,Agree,N/A
2020/09/04,ME,4667,4197,470,35,2,134,,,0,0,9/5/2020 14:09,Agree,N/A
2020/09/05,ME,4682,4210,472,15,2,134,,,0,0,9/6/2020 14:09,Agree,N/A
2020/09/06,ME,4701,4230,471,19,-1,134,,,0,0,9/7/2020 13:37,Agree,N/A
2020/09/07,ME,4713,4244,469,12,-2,134,,,0,0,9/8/2020 14:47,Agree,N/A
2020/09/08,ME,4734,4258,476,21,7,134,,,0,0,9/9/2020 13:47,Agree,N/A
2020/09/09,ME,4761,4288,473,27,-3,134,,,0,0,9/10/2020 14:02,Agree,N/A
2020/09/10,ME,4792,4317,475,31,2,134,,,0,0,9/11/2020 13:51,Agree,N/A
2020/09/11,ME,4834,4349,485,42,10,135,,,1,0,9/12/2020 14:12,Agree,N/A
2020/09/12,ME,4863,4376,487,29,2,136,,,1,0,9/13/2020 16:17,Agree,N/A
2020/09/13,ME,4863,4376,487,0,0,136,,,0,0,9/14/2020 14:01,Agree,N/A
2020/09/14,ME,4918,4415,503,55,16,137,,,1,0,9/15/2020 14:03,Agree,N/A
2020/09/15,ME,4941,4434,507,23,4,138,,,1,0,9/16/2020 13:53,Agree,N/A
2020/09/16,ME,4962,4458,504,21,-3,138,,,0,0,9/17/2020 13:45,Agree,N/A
2020/09/17,ME,5005,4492,513,43,9,138,,,0,0,9/18/2020 13:48,Agree,N/A
2020/09/18,ME,5035,4522,513,30,0,139,,,1,0,9/19/2020 14:00,Agree,N/A
2020/09/19,ME,5079,4562,517,44,4,140,,,1,0,9/20/2020 13:53,Agree,N/A
2020/09/20,ME,5106,4586,520,27,3,140,,,0,0,9/21/2020 13:47,Agree,N/A
2020/09/21,ME,5146,4617,529,40,9,140,,,0,0,9/22/2020 13:51,Agree,N/A
2020/09/22,ME,5171,4643,528,25,-1,140,,,0,0,9/23/2020 13:51,Agree,N/A
2020/09/23,ME,5215,4677,538,44,10,140,,,0,0,9/24/2020 13:54,Agree,N/A
2020/09/24,ME,5235,4691,544,20,6,140,,,0,0,9/25/2020 13:54,Agree,N/A
2020/09/25,ME,5235,4691,544,0,0,140,,,0,0,9/26/2020 13:46,Agree,N/A
2020/01/22,SD,0,,,0,,0,,,0,,3/26/2020 16:22,N/A,Agree
2020/01/23,SD,0,,,0,,0,,,0,,3/26/2020 16:22,N/A,Agree
2020/01/24,SD,0,,,0,,0,,,0,,3/26/2020 16:22,N/A,Agree
2020/01/25,SD,0,,,0,,0,,,0,,3/26/2020 16:22,N/A,Agree
2020/01/26,SD,0,,,0,,0,,,0,,3/26/2020 16:22,N/A,Agree
2020/01/27,SD,0,,,0,,0,,,0,,3/26/2020 16:22,N/A,Agree
2020/01/28,SD,0,,,0,,0,,,0,,3/26/2020 16:22,N/A,Agree
2020/01/29,SD,0,,,0,,0,,,0,,3/26/2020 16:22,N/A,Agree
2020/01/30,SD,0,,,0,,0,,,0,,3/26/2020 16:22,N/A,Agree
2020/01/31,SD,0,,,0,,0,,,0,,3/26/2020 16:22,N/A,Agree
2020/02/01,SD,0,,,0,,0,,,0,,3/26/2020 16:22,N/A,Agree
2020/02/02,SD,0,,,0,,0,,,0,,3/26/2020 16:22,N/A,Agree
2020/02/03,SD,0,,,0,,0,,,0,,3/26/2020 16:22,N/A,Agree
2020/02/04,SD,0,,,0,,0,,,0,,3/26/2020 16:22,N/A,Agree
2020/02/05,SD,0,,,0,,0,,,0,,3/26/2020 16:22,N/A,Agree
2020/02/06,SD,0,,,0,,0,,,0,,3/26/2020 16:22,N/A,Agree
2020/02/07,SD,0,,,0,,0,,,0,,3/26/2020 16:22,N/A,Agree
2020/02/08,SD,0,,,0,,0,,,0,,3/26/2020 16:22,N/A,Agree
2020/02/09,SD,0,,,0,,0,,,0,,3/26/2020 16:22,N/A,Agree
2020/02/10,SD,0,,,0,,0,,,0,,3/26/2020 16:22,N/A,Agree
2020/02/11,SD,0,,,0,,0,,,0,,3/26/2020 16:22,N/A,Agree
2020/02/12,SD,0,,,0,,0,,,0,,3/26/2020 16:22,N/A,Agree
2020/02/13,SD,0,,,0,,0,,,0,,3/26/2020 16:22,N/A,Agree
2020/02/14,SD,0,,,0,,0,,,0,,3/26/2020 16:22,N/A,Agree
2020/02/15,SD,0,,,0,,0,,,0,,3/26/2020 16:22,N/A,Agree
2020/02/16,SD,0,,,0,,0,,,0,,3/26/2020 16:22,N/A,Agree
2020/02/17,SD,0,,,0,,0,,,0,,3/26/2020 16:22,N/A,Agree
2020/02/18,SD,0,,,0,,0,,,0,,3/26/2020 16:22,N/A,Agree
2020/02/19,SD,0,,,0,,0,,,0,,3/26/2020 16:22,N/A,Agree
2020/02/20,SD,0,,,0,,0,,,0,,3/26/2020 16:22,N/A,Agree
2020/02/21,SD,0,,,0,,0,,,0,,3/26/2020 16:22,N/A,Agree
2020/02/22,SD,0,,,0,,0,,,0,,3/26/2020 16:22,N/A,Agree
2020/02/23,SD,0,,,0,,0,,,0,,3/26/2020 16:22,N/A,Agree
2020/02/24,SD,0,,,0,,0,,,0,,3/26/2020 16:22,N/A,Agree
2020/02/25,SD,0,,,0,,0,,,0,,3/26/2020 16:22,N/A,Agree
2020/02/26,SD,0,,,0,,0,,,0,,3/26/2020 16:22,N/A,Agree
2020/02/27,SD,0,,,0,,0,,,0,,3/26/2020 16:22,N/A,Agree
2020/02/28,SD,0,,,0,,0,,,0,,3/26/2020 16:22,N/A,Agree
2020/02/29,SD,0,,,0,,0,,,0,,3/26/2020 16:22,N/A,Agree
2020/03/01,SD,0,,,0,,0,,,0,,3/26/2020 16:22,N/A,Agree
2020/03/02,SD,0,,,0,,0,,,0,,3/26/2020 16:22,N/A,Agree
2020/03/03,SD,0,,,0,,0,,,0,,3/26/2020 16:22,N/A,Agree
2020/03/04,SD,0,,,0,,0,,,0,,3/26/2020 16:22,N/A,Agree
2020/03/05,SD,0,,,0,,0,,,0,,3/26/2020 16:22,N/A,Agree
2020/03/06,SD,0,,,0,,0,,,0,,3/26/2020 16:22,N/A,Agree
2020/03/07,SD,0,,,0,,0,,,0,,3/26/2020 16:22,N/A,Agree
2020/03/08,SD,0,,,0,,0,,,0,,3/26/2020 16:22,N/A,Agree
2020/03/09,SD,0,,,0,,0,,,0,,3/26/2020 16:22,N/A,Agree
2020/03/10,SD,5,,,5,,0,,,0,,3/26/2020 16:22,N/A,Agree
2020/03/11,SD,8,,,3,,1,,,1,,3/26/2020 16:22,N/A,Agree
2020/03/12,SD,8,,,0,,1,,,0,,3/26/2020 16:22,N/A,Agree
2020/03/13,SD,9,,,1,,1,,,0,,3/26/2020 16:22,N/A,Agree
2020/03/14,SD,9,,,0,,1,,,0,,3/26/2020 16:22,N/A,Agree
2020/03/15,SD,9,,,0,,1,,,0,,3/26/2020 16:22,N/A,Agree
2020/03/16,SD,10,,,1,,1,,,0,,3/26/2020 16:22,N/A,Agree
2020/03/17,SD,11,,,1,,1,,,0,,3/26/2020 16:22,N/A,Agree
2020/03/18,SD,11,,,0,,1,,,0,,3/26/2020 16:22,N/A,Agree
2020/03/19,SD,14,,,3,,1,,,0,,3/26/2020 16:22,N/A,Agree
2020/03/20,SD,14,,,0,,1,,,0,,3/26/2020 16:22,N/A,Agree
2020/03/21,SD,14,,,0,,1,,,0,,3/26/2020 16:22,N/A,Agree
2020/03/22,SD,21,,,7,,1,,,0,,3/26/2020 16:22,N/A,Agree
2020/03/23,SD,28,,,7,,1,,,0,,3/26/2020 16:22,N/A,Agree
2020/03/24,SD,30,,,2,,1,,,0,,3/26/2020 16:22,N/A,Agree
2020/03/25,SD,41,,,11,,1,,,0,,3/26/2020 16:22,N/A,Agree
2020/03/26,SD,46,,,5,,1,,,0,,3/26/2020 16:22,N/A,Agree
2020/03/27,SD,58,,,12,,1,,,0,,3/26/2020 16:22,N/A,Agree
2020/03/28,SD,68,,,10,,1,,,0,,3/28/2020 16:22,N/A,Agree
2020/03/29,SD,90,,,22,,1,,,0,,3/28/2020 16:22,N/A,Agree
2020/03/30,SD,101,,,11,,1,,,0,,3/29/2020 16:22,N/A,Agree
2020/03/31,SD,108,,,7,,1,,,0,,3/30/2020 16:22,N/A,Agree
2020/04/01,SD,129,,,21,,2,,,1,,3/31/2020 16:22,N/A,Agree
2020/04/02,SD,165,,,36,,2,,,0,,4/1/2020 16:22,N/A,Agree
2020/04/03,SD,187,,,22,,2,,,0,,4/3/2020 16:22,N/A,Agree
2020/04/04,SD,212,,,25,,2,,,0,,4/3/2020 16:22,N/A,Agree
2020/04/05,SD,240,,,28,,2,,,0,,4/4/2020 16:22,N/A,Agree
2020/04/06,SD,288,,,48,,4,,,2,,4/5/2020 16:22,N/A,Agree
2020/04/07,SD,320,,,32,,6,,,2,,4/7/2020 16:22,N/A,Agree
2020/04/08,SD,393,,,73,,6,,,0,,4/7/2020 16:22,N/A,Agree
2020/04/09,SD,447,,,54,,6,,,0,,4/8/2020 16:22,N/A,Agree
2020/04/10,SD,536,,,89,,6,,,0,,4/9/2020 16:22,N/A,Agree
2020/04/11,SD,626,,,90,,6,,,0,,4/10/2020 16:22,N/A,Agree
2020/04/12,SD,730,,,104,,6,,,0,,4/11/2020 16:22,N/A,Agree
2020/04/13,SD,868,,,138,,6,,,0,,4/12/2020 16:22,N/A,Agree
2020/04/14,SD,1168,,,300,,6,,,0,,4/13/2020 16:22,N/A,Agree
2020/04/15,SD,1168,,,0,,6,,,0,,4/15/2020 16:22,N/A,Agree
2020/04/16,SD,1311,,,143,,7,,,1,,4/16/2020 16:22,N/A,Agree
2020/04/17,SD,1411,,,100,,7,,,0,,4/17/2020 16:22,N/A,Agree
2020/04/18,SD,1542,,,131,,7,,,0,,4/18/2020 16:22,N/A,Agree
2020/04/19,SD,1635,,,93,0,7,7,0,0,0,4/19/2020 16:22,N/A,Agree
2020/04/20,SD,1685,,,50,0,7,7,0,0,0,4/20/2020 16:22,N/A,Agree
2020/04/21,SD,1754,,,69,0,8,8,0,1,0,4/21/2020 16:22,N/A,Agree
2020/04/22,SD,1858,,,104,0,9,9,0,1,0,4/22/2020 16:22,N/A,Agree
2020/04/23,SD,1956,,,98,0,9,9,0,0,0,5/25/2020 15:38,N/A,Agree
2020/04/24,SD,2040,,,84,0,10,10,0,1,0,5/25/2020 15:38,N/A,Agree
2020/04/25,SD,2147,,,107,0,10,10,0,0,0,5/25/2020 15:38,N/A,Agree
2020/04/26,SD,2212,,,65,0,11,11,0,1,0,5/25/2020 15:38,N/A,Agree
2020/04/27,SD,2245,,,33,0,11,11,0,0,0,5/25/2020 15:38,N/A,Agree
2020/04/28,SD,2313,,,68,0,11,11,0,0,0,4/29/2020 18:12,N/A,Agree
2020/04/29,SD,2373,,,60,0,13,13,0,2,0,4/30/2020 16:07,N/A,Agree
2020/04/30,SD,2449,,,76,0,17,17,0,4,0,5/1/2020 21:00,N/A,Agree
2020/05/01,SD,2525,,,76,0,21,21,0,4,0,5/2/2020 15:47,N/A,Agree
2020/05/02,SD,2588,,,63,0,21,21,0,0,0,5/3/2020 15:36,N/A,Agree
2020/05/03,SD,2631,,,43,2,21,21,0,0,0,5/4/2020 22:49,N/A,Agree
2020/05/04,SD,2668,,,37,0,21,21,0,0,0,5/5/2020 17:25,N/A,Agree
2020/05/05,SD,2721,,,53,0,24,24,0,3,0,5/6/2020 16:23,N/A,Agree
2020/05/06,SD,2779,,,58,-2,29,29,0,5,0,5/7/2020 22:59,N/A,Agree
2020/05/07,SD,2905,,,126,2,31,31,0,2,0,5/8/2020 21:26,N/A,Agree
2020/05/08,SD,3144,,,239,-2,31,31,0,0,0,5/9/2020 21:26,N/A,Agree
2020/05/09,SD,3393,,,249,2,34,34,0,3,0,5/10/2020 21:26,N/A,Agree
2020/05/10,SD,3517,,,124,0,34,34,0,0,0,5/11/2020 21:26,N/A,Agree
2020/05/11,SD,3614,,,97,-2,34,34,0,0,0,5/12/2020 17:26,N/A,Agree
2020/05/12,SD,3663,,,49,0,39,39,0,5,0,5/13/2020 15:26,N/A,Agree
2020/05/13,SD,3732,,,69,0,39,39,0,0,0,5/14/2020 17:25,N/A,Agree
2020/05/14,SD,3792,,,60,2,43,43,0,4,0,5/15/2020 16:11,N/A,Agree
2020/05/15,SD,3887,,,95,0,44,44,0,1,0,5/16/2020 15:46,N/A,Agree
2020/05/16,SD,3959,,,72,-2,44,44,0,0,0,5/17/2020 15:27,N/A,Agree
2020/05/17,SD,3987,,,28,1,44,44,0,0,0,5/18/2020 16:01,N/A,Agree
2020/05/18,SD,4027,,,40,-1,44,44,0,0,0,5/19/2020 15:45,N/A,Agree
2020/05/19,SD,4085,,,58,0,46,46,0,2,0,5/20/2020 15:28,N/A,Agree
2020/05/20,SD,4177,,,92,1,46,46,0,0,0,5/21/2020 15:41,N/A,Agree
2020/05/21,SD,4250,,,73,-1,48,48,0,2,0,5/22/2020 15:31,N/A,Agree
2020/05/22,SD,4356,,,106,0,50,50,0,2,0,5/23/2020 17:58,N/A,Agree
2020/05/23,SD,4468,,,112,1,50,50,0,0,0,5/24/2020 14:15,N/A,Agree
2020/05/24,SD,4563,,,95,0,50,50,0,0,0,5/25/2020 14:12,N/A,Agree
2020/05/25,SD,4586,,,23,0,50,50,0,0,0,5/26/2020 14:23,N/A,Agree
2020/05/26,SD,4653,,,67,-1,50,50,0,0,0,5/27/2020 15:37,N/A,Agree
2020/05/27,SD,4710,,,57,0,54,54,0,4,0,5/28/2020 15:12,N/A,Agree
2020/05/28,SD,4793,,,83,0,54,54,0,0,0,5/29/2020 14:19,N/A,Agree
2020/05/29,SD,4866,,,73,0,59,59,0,5,0,5/30/2020 15:47,N/A,Agree
2020/05/30,SD,4960,,,94,0,62,61,1,3,1,5/31/2020 14:43,N/A,Agree
2020/05/31,SD,4993,,,33,0,62,62,0,0,-1,6/1/2020 14:17,N/A,Agree
2020/06/01,SD,5034,,,41,0,62,61,1,0,1,6/2/2020 14:16,N/A,Agree
2020/06/02,SD,5067,,,33,0,62,61,1,0,0,6/3/2020 14:11,N/A,Agree
2020/06/03,SD,5162,,,95,0,62,62,0,0,-1,6/4/2020 15:03,N/A,Agree
2020/06/04,SD,5247,,,85,0,64,64,0,2,0,6/5/2020 15:17,N/A,Agree
2020/06/05,SD,5277,,,30,0,65,65,0,1,0,6/6/2020 14:31,N/A,Agree
2020/06/06,SD,5367,,,90,0,65,65,0,0,0,6/7/2020 14:23,N/A,Agree
2020/06/07,SD,5438,,,71,0,65,64,1,0,1,6/8/2020 14:55,N/A,Agree
2020/06/08,SD,5471,,,33,0,65,64,1,0,0,6/9/2020 16:49,N/A,Agree
2020/06/09,SD,5523,,,52,0,68,67,1,3,0,6/10/2020 20:56,N/A,Agree
2020/06/10,SD,5604,,,81,0,69,68,1,1,0,6/11/2020 14:48,N/A,Agree
2020/06/11,SD,5665,,,61,0,73,72,1,4,0,6/12/2020 14:17,N/A,Agree
2020/06/12,SD,5742,,,77,0,74,74,0,1,-1,6/13/2020 17:46,N/A,Agree
2020/06/13,SD,5833,,,91,0,75,74,1,1,1,6/14/2020 14:19,N/A,Agree
2020/06/14,SD,5898,,,65,0,75,74,1,0,0,6/15/2020 14:33,N/A,Agree
2020/06/15,SD,5928,,,30,0,75,74,1,0,0,6/16/2020 14:10,N/A,Agree
2020/06/16,SD,5966,,,38,0,77,77,0,2,-1,6/17/2020 15:06,N/A,Agree
2020/06/17,SD,6050,,,84,0,78,77,1,1,1,6/18/2020 17:16,N/A,Agree
2020/06/18,SD,6109,,,59,0,78,78,0,0,-1,6/19/2020 15:01,N/A,Agree
2020/06/19,SD,6158,,,49,0,81,81,0,3,0,6/20/2020 14:15,N/A,Agree
2020/06/20,SD,6225,,,67,0,81,80,1,0,1,6/21/2020 14:32,N/A,Agree
2020/06/21,SD,6297,,,72,0,81,80,1,0,0,6/22/2020 15:24,N/A,Agree
2020/06/22,SD,6326,,,29,0,81,80,1,0,0,6/23/2020 14:28,N/A,Agree
2020/06/23,SD,6353,,,27,0,83,83,0,2,-1,6/24/2020 15:03,N/A,Agree
2020/06/24,SD,6419,,,66,0,84,84,0,1,0,6/25/2020 14:07,N/A,Agree
2020/06/25,SD,6479,,,60,0,87,86,1,3,1,6/26/2020 19:18,N/A,Agree
2020/06/26,SD,6535,,,56,0,88,87,1,1,0,6/27/2020 17:51,N/A,Agree
2020/06/27,SD,6626,,,91,0,91,90,1,3,0,6/28/2020 14:59,N/A,Agree
2020/06/28,SD,6681,,,55,0,91,90,1,0,0,6/29/2020 14:37,N/A,Agree
2020/06/29,SD,6716,,,35,0,91,90,1,0,0,6/30/2020 15:27,N/A,Agree
2020/06/30,SD,6764,,,48,0,91,90,1,0,0,7/1/2020 15:45,N/A,Agree
2020/07/01,SD,6826,,,62,0,93,92,1,2,0,7/2/2020 15:10,N/A,Agree
2020/07/02,SD,6893,,,67,0,97,96,1,4,0,7/3/2020 15:01,N/A,Agree
2020/07/03,SD,6978,,,85,0,97,97,0,0,-1,7/4/2020 15:30,N/A,Agree
2020/07/04,SD,7028,,,50,0,97,96,1,0,1,7/5/2020 15:00,N/A,Agree
2020/07/05,SD,7063,,,35,0,97,97,0,0,-1,7/6/2020 15:16,N/A,Agree
2020/07/06,SD,7105,,,42,0,97,97,0,0,0,7/7/2020 14:58,N/A,Agree
2020/07/07,SD,7163,,,58,0,98,97,1,1,1,7/8/2020 14:12,N/A,Agree
2020/07/08,SD,7242,,,79,0,98,97,1,0,0,7/9/2020 15:14,N/A,Agree
2020/07/09,SD,7336,,,94,0,101,101,0,3,-1,7/10/2020 15:35,N/A,Agree
2020/07/10,SD,7401,,,65,0,107,106,1,6,1,7/11/2020 18:25,N/A,Agree
2020/07/11,SD,7454,,,53,0,109,109,0,2,-1,7/12/2020 15:13,N/A,Agree
2020/07/12,SD,7499,,,45,0,109,108,1,0,1,7/13/2020 15:19,N/A,Agree
2020/07/13,SD,7524,,,25,0,109,108,1,0,0,7/14/2020 15:13,N/A,Agree
2020/07/14,SD,7572,,,48,0,109,108,1,0,0,7/15/2020 15:05,N/A,Agree
2020/07/15,SD,7652,,,80,0,111,110,1,2,0,7/16/2020 14:22,N/A,Agree
2020/07/16,SD,7694,,,42,0,115,114,1,4,0,7/17/2020 14:31,N/A,Agree
2020/07/17,SD,7789,,,95,0,116,115,1,1,0,7/18/2020 16:14,N/A,Agree
2020/07/18,SD,7862,,,73,0,116,115,1,0,0,7/19/2020 15:05,N/A,Agree
2020/07/19,SD,7906,,,44,0,118,117,1,2,0,7/20/2020 14:35,N/A,Agree
2020/07/20,SD,7943,,,37,0,118,117,1,0,0,7/21/2020 14:50,N/A,Agree
2020/07/21,SD,8019,,,76,0,118,117,1,0,0,7/22/2020 14:51,N/A,Agree
2020/07/22,SD,8077,,,58,0,119,119,0,1,-1,7/23/2020 14:48,N/A,Agree
2020/07/23,SD,8143,,,66,0,121,119,2,2,2,7/24/2020 14:18,N/A,Agree
2020/07/24,SD,8200,,,57,0,122,122,0,1,-2,7/25/2020 17:40,N/A,Agree
2020/07/25,SD,8305,,,105,0,122,120,2,0,2,7/26/2020 15:17,N/A,Agree
2020/07/26,SD,8395,,,90,0,123,121,2,1,0,7/27/2020 14:16,N/A,Agree
2020/07/27,SD,8444,,,49,0,123,121,2,0,0,7/28/2020 14:21,N/A,Agree
2020/07/28,SD,8492,,,48,0,123,123,0,0,-2,7/29/2020 14:34,N/A,Agree
2020/07/29,SD,8641,,,149,0,129,129,0,6,0,7/30/2020 14:42,N/A,Agree
2020/07/30,SD,8685,,,44,0,129,127,2,0,2,7/31/2020 14:35,N/A,Agree
2020/07/31,SD,8764,,,79,0,130,130,0,1,-2,8/1/2020 14:38,N/A,Agree
2020/08/01,SD,8867,,,103,0,134,132,2,4,2,8/2/2020 14:54,N/A,Agree
2020/08/02,SD,8955,,,88,0,135,133,2,1,0,8/3/2020 14:31,N/A,Agree
2020/08/03,SD,9020,,,65,0,135,133,2,0,0,8/4/2020 14:09,N/A,Agree
2020/08/04,SD,9079,,,59,0,136,136,0,1,-2,8/5/2020 14:13,N/A,Agree
2020/08/05,SD,9168,,,89,0,137,135,2,1,2,8/6/2020 14:12,N/A,Agree
2020/08/06,SD,9273,,,105,0,141,139,2,4,0,8/7/2020 23:57,N/A,Agree
2020/08/07,SD,9371,,,98,0,144,144,0,3,-2,8/8/2020 14:58,N/A,Agree
2020/08/08,SD,9477,,,106,0,146,144,2,2,2,8/9/2020 14:03,N/A,Agree
2020/08/09,SD,9605,,,128,0,146,144,2,0,0,8/10/2020 14:23,N/A,Agree
2020/08/10,SD,9663,,,58,0,146,144,2,0,0,8/11/2020 14:16,N/A,Agree
2020/08/11,SD,9713,,,50,0,146,144,2,0,0,8/12/2020 13:50,N/A,Agree
2020/08/12,SD,9815,,,102,0,147,145,2,1,0,8/13/2020 14:12,N/A,Agree
2020/08/13,SD,9897,,,82,0,148,146,2,1,0,8/14/2020 14:30,N/A,Agree
2020/08/14,SD,10024,,,127,0,150,150,0,2,-2,8/15/2020 14:02,N/A,Agree
2020/08/15,SD,10118,,,94,0,152,150,2,2,2,8/16/2020 14:57,N/A,Agree
2020/08/16,SD,10274,,,156,0,153,151,2,1,0,8/17/2020 14:26,N/A,Agree
2020/08/17,SD,10360,,,86,0,153,151,2,0,0,8/18/2020 14:26,N/A,Agree
2020/08/18,SD,10443,,,83,0,154,152,2,1,0,8/19/2020 14:23,N/A,Agree
2020/08/19,SD,10566,,,123,0,155,153,2,1,0,8/20/2020 15:11,N/A,Agree
2020/08/20,SD,10691,,,125,0,157,155,2,2,0,8/21/2020 14:27,N/A,Agree
2020/08/21,SD,10884,,,193,0,159,159,0,2,-2,8/22/2020 14:21,N/A,Agree
2020/08/22,SD,11135,,,251,0,160,160,0,1,0,8/23/2020 14:15,N/A,Agree
2020/08/23,SD,11276,,,141,0,161,159,2,1,2,8/24/2020 13:54,N/A,Agree
2020/08/24,SD,11425,,,149,0,161,159,2,0,0,8/25/2020 14:02,N/A,Agree
2020/08/25,SD,11505,,,80,0,161,159,2,0,0,8/26/2020 13:51,N/A,Agree
2020/08/26,SD,11571,,,66,0,162,160,2,1,0,8/27/2020 13:42,N/A,Agree
2020/08/27,SD,12194,,,623,0,162,160,2,0,0,8/28/2020 13:43,N/A,Agree
2020/08/28,SD,12517,,,323,0,165,163,2,3,0,8/29/2020 13:42,N/A,Agree
2020/08/29,SD,12942,,,425,0,167,165,2,2,0,8/30/2020 14:49,N/A,Agree
2020/08/30,SD,13322,,,380,0,167,165,2,0,0,8/31/2020 14:05,N/A,Agree
2020/08/31,SD,13509,,,187,0,167,165,2,0,0,9/1/2020 14:09,N/A,Agree
2020/09/01,SD,13749,,,240,0,167,165,2,0,0,9/2/2020 13:49,N/A,Agree
2020/09/02,SD,14003,,,254,0,169,167,2,2,0,9/3/2020 14:18,N/A,Agree
2020/09/03,SD,14337,,,334,0,169,167,2,0,0,9/4/2020 13:36,N/A,Agree
2020/09/04,SD,14596,,,259,0,170,168,2,1,0,9/5/2020 14:09,N/A,Agree
2020/09/05,SD,14889,,,293,0,173,171,2,3,0,9/6/2020 14:09,N/A,Agree
2020/09/06,SD,15109,,,220,0,173,171,2,0,0,9/7/2020 13:37,N/A,Agree
2020/09/07,SD,15300,,,191,0,173,171,2,0,0,9/8/2020 14:47,N/A,Agree
2020/09/08,SD,15403,,,103,0,173,171,2,0,0,9/9/2020 13:47,N/A,Agree
2020/09/09,SD,15571,,,168,0,173,171,2,0,0,9/10/2020 14:02,N/A,Agree
2020/09/10,SD,15834,,,263,0,177,175,2,4,0,9/11/2020 13:51,N/A,Agree
2020/09/11,SD,16117,,,283,0,177,175,2,0,0,9/12/2020 14:12,N/A,Agree
2020/09/12,SD,16437,,,320,0,183,181,2,6,0,9/13/2020 16:17,N/A,Agree
2020/09/13,SD,16638,,,201,0,184,182,2,1,0,9/14/2020 14:01,N/A,Agree
2020/09/14,SD,16801,,,163,0,184,182,2,0,0,9/15/2020 14:03,N/A,Agree
2020/09/15,SD,16994,,,193,0,184,182,2,0,0,9/16/2020 13:53,N/A,Agree
2020/09/16,SD,17291,,,297,0,192,190,2,8,0,9/17/2020 13:45,N/A,Agree
2020/09/17,SD,17686,,,395,0,193,191,2,1,0,9/18/2020 13:48,N/A,Agree
2020/09/18,SD,18075,,,389,0,198,196,2,5,0,9/19/2020 14:00,N/A,Agree
2020/09/19,SD,18444,,,369,0,200,198,2,2,0,9/20/2020 13:53,N/A,Agree
2020/09/20,SD,18696,,,252,0,202,200,2,2,0,9/21/2020 13:47,N/A,Agree
2020/09/21,SD,18869,,,173,0,202,200,2,0,0,9/22/2020 13:51,N/A,Agree
2020/09/22,SD,19189,,,320,0,202,200,2,0,0,9/23/2020 13:51,N/A,Agree
2020/09/23,SD,19634,,,445,0,202,200,2,0,0,9/24/2020 13:54,N/A,Agree
2020/09/24,SD,20097,,,463,0,210,208,2,8,0,9/25/2020 13:54,N/A,Agree
2020/09/25,SD,20554,,,457,0,216,214,2,6,0,9/26/2020 13:46,N/A,Agree
2020/01/22,NH,0,,,0,,0,,,0,,3/26/2020 16:22,Not agree,Not agree
2020/01/23,NH,0,,,0,,0,,,0,,3/26/2020 16:22,Not agree,Not agree
2020/01/24,NH,0,,,0,,0,,,0,,3/26/2020 16:22,Not agree,Not agree
2020/01/25,NH,0,,,0,,0,,,0,,3/26/2020 16:22,Not agree,Not agree
2020/01/26,NH,0,,,0,,0,,,0,,3/26/2020 16:22,Not agree,Not agree
2020/01/27,NH,0,,,0,,0,,,0,,3/26/2020 16:22,Not agree,Not agree
2020/01/28,NH,0,,,0,,0,,,0,,3/26/2020 16:22,Not agree,Not agree
2020/01/29,NH,0,,,0,,0,,,0,,3/26/2020 16:22,Not agree,Not agree
2020/01/30,NH,0,,,0,,0,,,0,,3/26/2020 16:22,Not agree,Not agree
2020/01/31,NH,0,,,0,,0,,,0,,3/26/2020 16:22,Not agree,Not agree
2020/02/01,NH,0,,,0,,0,,,0,,3/26/2020 16:22,Not agree,Not agree
2020/02/02,NH,0,,,0,,0,,,0,,3/26/2020 16:22,Not agree,Not agree
2020/02/03,NH,0,,,0,,0,,,0,,3/26/2020 16:22,Not agree,Not agree
2020/02/04,NH,0,,,0,,0,,,0,,3/26/2020 16:22,Not agree,Not agree
2020/02/05,NH,0,,,0,,0,,,0,,3/26/2020 16:22,Not agree,Not agree
2020/02/06,NH,0,,,0,,0,,,0,,3/26/2020 16:22,Not agree,Not agree
2020/02/07,NH,0,,,0,,0,,,0,,3/26/2020 16:22,Not agree,Not agree
2020/02/08,NH,0,,,0,,0,,,0,,3/26/2020 16:22,Not agree,Not agree
2020/02/09,NH,0,,,0,,0,,,0,,3/26/2020 16:22,Not agree,Not agree
2020/02/10,NH,0,,,0,,0,,,0,,3/26/2020 16:22,Not agree,Not agree
2020/02/11,NH,0,,,0,,0,,,0,,3/26/2020 16:22,Not agree,Not agree
2020/02/12,NH,0,,,0,,0,,,0,,3/26/2020 16:22,Not agree,Not agree
2020/02/13,NH,0,,,0,,0,,,0,,3/26/2020 16:22,Not agree,Not agree
2020/02/14,NH,0,,,0,,0,,,0,,3/26/2020 16:22,Not agree,Not agree
2020/02/15,NH,0,,,0,,0,,,0,,3/26/2020 16:22,Not agree,Not agree
2020/02/16,NH,0,,,0,,0,,,0,,3/26/2020 16:22,Not agree,Not agree
2020/02/17,NH,0,,,0,,0,,,0,,3/26/2020 16:22,Not agree,Not agree
2020/02/18,NH,0,,,0,,0,,,0,,3/26/2020 16:22,Not agree,Not agree
2020/02/19,NH,0,,,0,,0,,,0,,3/26/2020 16:22,Not agree,Not agree
2020/02/20,NH,0,,,0,,0,,,0,,3/26/2020 16:22,Not agree,Not agree
2020/02/21,NH,0,,,0,,0,,,0,,3/26/2020 16:22,Not agree,Not agree
2020/02/22,NH,0,,,0,,0,,,0,,3/26/2020 16:22,Not agree,Not agree
2020/02/23,NH,0,,,0,,0,,,0,,3/26/2020 16:22,Not agree,Not agree
2020/02/24,NH,0,,,0,,0,,,0,,3/26/2020 16:22,Not agree,Not agree
2020/02/25,NH,0,,,0,,0,,,0,,3/26/2020 16:22,Not agree,Not agree
2020/02/26,NH,0,,,0,,0,,,0,,3/26/2020 16:22,Not agree,Not agree
2020/02/27,NH,0,,,0,,0,,,0,,3/26/2020 16:22,Not agree,Not agree
2020/02/28,NH,0,,,0,,0,,,0,,3/26/2020 16:22,Not agree,Not agree
2020/02/29,NH,0,,,0,,0,,,0,,3/26/2020 16:22,Not agree,Not agree
2020/03/01,NH,0,,,0,,0,,,0,,3/26/2020 16:22,Not agree,Not agree
2020/03/02,NH,1,,,1,,0,,,0,,3/26/2020 16:22,Not agree,Not agree
2020/03/03,NH,2,,,1,,0,,,0,,3/26/2020 16:22,Not agree,Not agree
2020/03/04,NH,2,,,0,,0,,,0,,3/26/2020 16:22,Not agree,Not agree
2020/03/05,NH,2,,,0,,0,,,0,,3/26/2020 16:22,Not agree,Not agree
2020/03/06,NH,2,,,0,,0,,,0,,3/26/2020 16:22,Not agree,Not agree
2020/03/07,NH,2,,,0,,0,,,0,,3/26/2020 16:22,Not agree,Not agree
2020/03/08,NH,4,,,2,,0,,,0,,3/26/2020 16:22,Not agree,Not agree
2020/03/09,NH,4,,,0,,0,,,0,,3/26/2020 16:22,Not agree,Not agree
2020/03/10,NH,5,,,1,,0,,,0,,3/26/2020 16:22,Not agree,Not agree
2020/03/11,NH,5,,,0,,0,,,0,,3/26/2020 16:22,Not agree,Not agree
2020/03/12,NH,6,,,1,,0,,,0,,3/26/2020 16:22,Not agree,Not agree
2020/03/13,NH,6,,,0,,0,,,0,,3/26/2020 16:22,Not agree,Not agree
2020/03/14,NH,6,,,0,,0,,,0,,3/26/2020 16:22,Not agree,Not agree
2020/03/15,NH,13,,,7,,0,,,0,,3/26/2020 16:22,Not agree,Not agree
2020/03/16,NH,17,,,4,,0,,,0,,3/26/2020 16:22,Not agree,Not agree
2020/03/17,NH,26,,,9,,0,,,0,,3/26/2020 16:22,Not agree,Not agree
2020/03/18,NH,39,,,13,,0,,,0,,3/26/2020 16:22,Not agree,Not agree
2020/03/19,NH,44,,,5,,0,,,0,,3/26/2020 16:22,Not agree,Not agree
2020/03/20,NH,55,,,11,,0,,,0,,3/26/2020 16:22,Not agree,Not agree
2020/03/21,NH,65,,,10,,0,,,0,,3/26/2020 16:22,Not agree,Not agree
2020/03/22,NH,78,,,13,,0,,,0,,3/26/2020 16:22,Not agree,Not agree
2020/03/23,NH,101,,,23,,1,,,1,,3/26/2020 16:22,Not agree,Not agree
2020/03/24,NH,108,,,7,,1,,,0,,3/26/2020 16:22,Not agree,Not agree
2020/03/25,NH,137,,,29,,1,,,0,,3/26/2020 16:22,Not agree,Not agree
2020/03/26,NH,158,,,21,,1,,,0,,3/26/2020 16:22,Not agree,Not agree
2020/03/27,NH,187,,,29,,2,,,1,,3/26/2020 16:22,Not agree,Not agree
2020/03/28,NH,214,,,27,,2,,,0,,3/28/2020 16:22,Not agree,Not agree
2020/03/29,NH,258,,,44,,3,,,1,,3/28/2020 16:22,Not agree,Not agree
2020/03/30,NH,314,,,56,,3,,,0,,3/29/2020 16:22,Not agree,Not agree
2020/03/31,NH,367,,,53,,3,,,0,,3/30/2020 16:22,Not agree,Not agree
2020/04/01,NH,415,,,48,,4,,,1,,3/31/2020 16:22,Not agree,Not agree
2020/04/02,NH,479,,,64,,5,,,1,,4/1/2020 16:22,Not agree,Not agree
2020/04/03,NH,540,,,61,,7,,,2,,4/3/2020 16:22,Not agree,Not agree
2020/04/04,NH,621,,,81,,9,,,2,,4/3/2020 16:22,Not agree,Not agree
2020/04/05,NH,669,,,48,,9,,,0,,4/4/2020 16:22,Not agree,Not agree
2020/04/06,NH,715,,,46,,9,,,0,,4/5/2020 16:22,Not agree,Not agree
2020/04/07,NH,747,,,32,,13,,,4,,4/7/2020 16:22,Not agree,Not agree
2020/04/08,NH,788,,,41,,18,,,5,,4/7/2020 16:22,Not agree,Not agree
2020/04/09,NH,819,,,31,,21,,,3,,4/8/2020 16:22,Not agree,Not agree
2020/04/10,NH,885,,,66,,22,,,1,,4/9/2020 16:22,Not agree,Not agree
2020/04/11,NH,929,,,44,,23,,,1,,4/10/2020 16:22,Not agree,Not agree
2020/04/12,NH,985,,,56,,23,,,0,,4/11/2020 16:22,Not agree,Not agree
2020/04/13,NH,1020,,,35,,23,,,0,,4/12/2020 16:22,Not agree,Not agree
2020/04/14,NH,1091,,,71,,27,,,4,,4/13/2020 16:22,Not agree,Not agree
2020/04/15,NH,1139,,,48,,32,,,5,,4/15/2020 16:22,Not agree,Not agree
2020/04/16,NH,1211,,,72,,34,,,2,,4/16/2020 16:22,Not agree,Not agree
2020/04/17,NH,1287,,,76,,37,,,3,,4/17/2020 16:22,Not agree,Not agree
2020/04/18,NH,1342,,,55,,38,,,1,,4/18/2020 16:22,Not agree,Not agree
2020/04/19,NH,1392,,,50,0,41,,,3,0,4/19/2020 16:22,Not agree,Not agree
2020/04/20,NH,1447,,,55,0,42,,,1,0,4/20/2020 16:22,Not agree,Not agree
2020/04/21,NH,1491,,,44,0,42,,,0,0,4/21/2020 16:22,Not agree,Not agree
2020/04/22,NH,1588,,,97,0,48,,,6,0,4/22/2020 16:22,Not agree,Not agree
2020/04/23,NH,1670,,,82,0,51,,,3,0,5/25/2020 15:38,Not agree,Not agree
2020/04/24,NH,1720,,,50,0,53,,,2,0,5/25/2020 15:38,Not agree,Not agree
2020/04/25,NH,1787,,,67,0,60,,,7,0,5/25/2020 15:38,Not agree,Not agree
2020/04/26,NH,1864,,,77,0,60,,,0,0,5/25/2020 15:38,Not agree,Not agree
2020/04/27,NH,1938,,,74,0,60,,,0,0,5/25/2020 15:38,Not agree,Not agree
2020/04/28,NH,2010,,,72,0,60,,,0,0,4/29/2020 18:12,Not agree,Not agree
2020/04/29,NH,2054,,,44,0,66,,,6,0,4/30/2020 16:07,Not agree,Not agree
2020/04/30,NH,2146,,,92,0,72,,,6,0,5/1/2020 21:00,Not agree,Not agree
2020/05/01,NH,2310,,,164,0,81,,,9,0,5/2/2020 15:47,Not agree,Not agree
2020/05/02,NH,2429,,,119,0,84,,,3,0,5/3/2020 15:36,Not agree,Not agree
2020/05/03,NH,2518,,,89,0,86,,,2,0,5/4/2020 22:49,Not agree,Not agree
2020/05/04,NH,2588,,,70,0,86,,,0,0,5/5/2020 17:25,Not agree,Not agree
2020/05/05,NH,2636,,,48,0,92,,,6,0,5/6/2020 16:23,Not agree,Not agree
2020/05/06,NH,2740,,,104,0,111,,,19,0,5/7/2020 22:59,Not agree,Not agree
2020/05/07,NH,2843,,,103,0,114,,,3,0,5/8/2020 21:26,Not agree,Not agree
2020/05/08,NH,2947,,,104,0,121,,,7,0,5/9/2020 21:26,Not agree,Not agree
2020/05/09,NH,3011,,,64,0,131,,,10,0,5/10/2020 21:26,Not agree,Not agree
2020/05/10,NH,3071,,,60,0,133,,,2,0,5/11/2020 21:26,Not agree,Not agree
2020/05/11,NH,3160,,,89,0,133,,,0,0,5/12/2020 17:26,Not agree,Not agree
2020/05/12,NH,3239,,,79,0,142,,,9,0,5/13/2020 15:26,Not agree,Not agree
2020/05/13,NH,3299,,,60,0,150,,,8,0,5/14/2020 17:25,Not agree,Not agree
2020/05/14,NH,3382,,,83,0,151,,,1,0,5/15/2020 16:11,Not agree,Not agree
2020/05/15,NH,3464,,,82,0,159,,,8,0,5/16/2020 15:46,Not agree,Not agree
2020/05/16,NH,3556,,,92,0,171,,,12,0,5/17/2020 15:27,Not agree,Not agree
2020/05/17,NH,3596,,,40,0,172,,,1,0,5/18/2020 16:01,Not agree,Not agree
2020/05/18,NH,3652,,,56,0,172,,,0,0,5/19/2020 15:45,Not agree,Not agree
2020/05/19,NH,3721,,,69,0,182,,,10,0,5/20/2020 15:28,Not agree,Not agree
2020/05/20,NH,3868,,,147,0,190,,,8,0,5/21/2020 15:41,Not agree,Not agree
2020/05/21,NH,3935,,,67,0,199,,,9,0,5/22/2020 15:31,Not agree,Not agree
2020/05/22,NH,4014,,,79,0,204,,,5,0,5/23/2020 17:58,Not agree,Not agree
2020/05/23,NH,4089,,,75,0,208,,,4,0,5/24/2020 14:15,Not agree,Not agree
2020/05/24,NH,4149,,,60,0,209,,,1,0,5/25/2020 14:12,Not agree,Not agree
2020/05/25,NH,4197,,,48,0,210,,,1,0,5/26/2020 14:23,Not agree,Not agree
2020/05/26,NH,4231,,,34,0,214,,,4,0,5/27/2020 15:37,Not agree,Not agree
2020/05/27,NH,4286,,,55,0,223,,,9,0,5/28/2020 15:12,Not agree,Not agree
2020/05/28,NH,4386,,,100,0,232,,,9,0,5/29/2020 14:19,Not agree,Not agree
2020/05/29,NH,4492,,,106,0,238,,,6,0,5/30/2020 15:47,Not agree,Not agree
2020/05/30,NH,4545,,,53,0,242,,,4,0,5/31/2020 14:43,Not agree,Not agree
2020/05/31,NH,4651,,,106,0,245,,,3,0,6/1/2020 14:17,Not agree,Not agree
2020/06/01,NH,4685,,,34,0,245,,,0,0,6/2/2020 14:16,Not agree,Not agree
2020/06/02,NH,4749,,,64,0,256,,,11,0,6/3/2020 14:11,Not agree,Not agree
2020/06/03,NH,4795,,,46,0,265,,,9,0,6/4/2020 15:03,Not agree,Not agree
2020/06/04,NH,4876,,,81,0,273,,,8,0,6/5/2020 15:17,Not agree,Not agree
2020/06/05,NH,4953,,,77,0,278,,,5,0,6/6/2020 14:31,Not agree,Not agree
2020/06/06,NH,5019,,,66,0,283,,,5,0,6/7/2020 14:23,Not agree,Not agree
2020/06/07,NH,5043,,,24,0,286,,,3,0,6/8/2020 14:55,Not agree,Not agree
2020/06/08,NH,5079,,,36,0,286,,,0,0,6/9/2020 16:49,Not agree,Not agree
2020/06/09,NH,5132,,,53,0,294,,,8,0,6/10/2020 20:56,Not agree,Not agree
2020/06/10,NH,5178,,,46,0,301,,,7,0,6/11/2020 14:48,Not agree,Not agree
2020/06/11,NH,5209,,,31,0,308,,,7,0,6/12/2020 14:17,Not agree,Not agree
2020/06/12,NH,5251,,,42,0,315,,,7,0,6/13/2020 17:46,Not agree,Not agree
2020/06/13,NH,5299,,,48,0,318,,,3,0,6/14/2020 14:19,Not agree,Not agree
2020/06/14,NH,5318,,,19,0,320,,,2,0,6/15/2020 14:33,Not agree,Not agree
2020/06/15,NH,5345,,,27,0,320,,,0,0,6/16/2020 14:10,Not agree,Not agree
2020/06/16,NH,5364,,,19,0,326,,,6,0,6/17/2020 15:06,Not agree,Not agree
2020/06/17,NH,5436,,,72,0,330,,,4,0,6/18/2020 17:16,Not agree,Not agree
2020/06/18,NH,5450,,,14,0,331,,,1,0,6/19/2020 15:01,Not agree,Not agree
2020/06/19,NH,5450,,,0,0,331,,,0,0,6/20/2020 14:15,Not agree,Not agree
2020/06/20,NH,5518,,,68,0,339,,,8,0,6/21/2020 14:32,Not agree,Not agree
2020/06/21,NH,5544,,,26,0,339,,,0,0,6/22/2020 15:24,Not agree,Not agree
2020/06/22,NH,5558,,,14,0,339,,,0,0,6/23/2020 14:28,Not agree,Not agree
2020/06/23,NH,5571,,,13,0,343,,,4,0,6/24/2020 15:03,Not agree,Not agree
2020/06/24,NH,5598,,,27,0,347,,,4,0,6/25/2020 14:07,Not agree,Not agree
2020/06/25,NH,5638,,,40,0,357,,,10,0,6/26/2020 19:18,Not agree,Not agree
2020/06/26,NH,5638,,,0,0,357,,,0,0,6/27/2020 17:51,Not agree,Not agree
2020/06/27,NH,5671,,,33,0,365,,,8,0,6/28/2020 14:59,Not agree,Not agree
2020/06/28,NH,5747,,,76,0,367,,,2,0,6/29/2020 14:37,Not agree,Not agree
2020/06/29,NH,5760,,,13,0,367,,,0,0,6/30/2020 15:27,Not agree,Not agree
2020/06/30,NH,5782,,,22,0,371,,,4,0,7/1/2020 15:45,Not agree,Not agree
2020/07/01,NH,5802,,,20,0,373,,,2,0,7/2/2020 15:10,Not agree,Not agree
2020/07/02,NH,5822,,,20,0,375,,,2,0,7/3/2020 15:01,Not agree,Not agree
2020/07/03,NH,5822,,,0,0,375,,,0,0,7/4/2020 15:30,Not agree,Not agree
2020/07/04,NH,5857,,,35,0,376,,,1,0,7/5/2020 15:00,Not agree,Not agree
2020/07/05,NH,5897,,,40,0,381,,,5,0,7/6/2020 15:16,Not agree,Not agree
2020/07/06,NH,5914,,,17,0,382,,,1,0,7/7/2020 14:58,Not agree,Not agree
2020/07/07,NH,5932,,,18,0,384,,,2,0,7/8/2020 14:12,Not agree,Not agree
2020/07/08,NH,5952,,,20,0,386,,,2,0,7/9/2020 15:14,Not agree,Not agree
2020/07/09,NH,5973,,,21,0,387,,,1,0,7/10/2020 15:35,Not agree,Not agree
2020/07/10,NH,5991,,,18,0,390,,,3,0,7/11/2020 18:25,Not agree,Not agree
2020/07/11,NH,6024,,,33,0,391,,,1,0,7/12/2020 15:13,Not agree,Not agree
2020/07/12,NH,6054,,,30,0,391,,,0,0,7/13/2020 15:19,Not agree,Not agree
2020/07/13,NH,6068,,,14,0,391,,,0,0,7/14/2020 15:13,Not agree,Not agree
2020/07/14,NH,6091,,,23,0,392,,,1,0,7/15/2020 15:05,Not agree,Not agree
2020/07/15,NH,6113,,,22,0,394,,,2,0,7/16/2020 14:22,Not agree,Not agree
2020/07/16,NH,6139,,,26,0,395,,,1,0,7/17/2020 14:31,Not agree,Not agree
2020/07/17,NH,6165,,,26,0,395,,,0,0,7/18/2020 16:14,Not agree,Not agree
2020/07/18,NH,6188,,,23,0,396,,,1,0,7/19/2020 15:05,Not agree,Not agree
2020/07/19,NH,6203,,,15,0,398,,,2,0,7/20/2020 14:35,Not agree,Not agree
2020/07/20,NH,6249,,,46,0,398,,,0,0,7/21/2020 14:50,Not agree,Not agree
2020/07/21,NH,6262,,,13,0,400,,,2,0,7/22/2020 14:51,Not agree,Not agree
2020/07/22,NH,6295,,,33,0,402,,,2,0,7/23/2020 14:48,Not agree,Not agree
2020/07/23,NH,6318,,,23,0,405,,,3,0,7/24/2020 14:18,Not agree,Not agree
2020/07/24,NH,6375,,,57,0,407,,,2,0,7/25/2020 17:40,Not agree,Not agree
2020/07/25,NH,6415,,,40,0,409,,,2,0,7/26/2020 15:17,Not agree,Not agree
2020/07/26,NH,6436,,,21,0,409,,,0,0,7/27/2020 14:16,Not agree,Not agree
2020/07/27,NH,6441,,,5,0,409,,,0,0,7/28/2020 14:21,Not agree,Not agree
2020/07/28,NH,6500,,,59,0,409,,,0,0,7/29/2020 14:34,Not agree,Not agree
2020/07/29,NH,6513,,,13,0,411,,,2,0,7/30/2020 14:42,Not agree,Not agree
2020/07/30,NH,6544,,,31,0,415,,,4,0,7/31/2020 14:35,Not agree,Not agree
2020/07/31,NH,6583,,,39,0,415,,,0,0,8/1/2020 14:38,Not agree,Not agree
2020/08/01,NH,6613,,,30,0,416,,,1,0,8/2/2020 14:54,Not agree,Not agree
2020/08/02,NH,6634,,,21,0,417,,,1,0,8/3/2020 14:31,Not agree,Not agree
2020/08/03,NH,6660,,,26,0,417,,,0,0,8/4/2020 14:09,Not agree,Not agree
2020/08/04,NH,6693,,,33,0,418,,,1,0,8/5/2020 14:13,Not agree,Not agree
2020/08/05,NH,6719,,,26,0,418,,,0,0,8/6/2020 14:12,Not agree,Not agree
2020/08/06,NH,6742,,,23,0,419,,,1,0,8/7/2020 23:57,Not agree,Not agree
2020/08/07,NH,6779,,,37,0,419,,,0,0,8/8/2020 14:58,Not agree,Not agree
2020/08/08,NH,6818,,,39,0,419,,,0,0,8/9/2020 14:03,Not agree,Not agree
2020/08/09,NH,6831,,,13,0,419,,,0,0,8/10/2020 14:23,Not agree,Not agree
2020/08/10,NH,6840,,,9,0,419,,,0,0,8/11/2020 14:16,Not agree,Not agree
2020/08/11,NH,6861,,,21,0,419,,,0,0,8/12/2020 13:50,Not agree,Not agree
2020/08/12,NH,6887,,,26,0,420,,,1,0,8/13/2020 14:12,Not agree,Not agree
2020/08/13,NH,6921,,,34,0,422,,,2,0,8/14/2020 14:30,Not agree,Not agree
2020/08/14,NH,6964,,,43,0,423,,,1,0,8/15/2020 14:02,Not agree,Not agree
2020/08/15,NH,6980,,,16,0,423,,,0,0,8/16/2020 14:57,Not agree,Not agree
2020/08/16,NH,6988,,,8,0,423,,,0,0,8/17/2020 14:26,Not agree,Not agree
2020/08/17,NH,7004,,,16,0,423,,,0,0,8/18/2020 14:26,Not agree,Not agree
2020/08/18,NH,7017,,,13,0,424,,,1,0,8/19/2020 14:23,Not agree,Not agree
2020/08/19,NH,7036,,,19,0,427,,,3,0,8/20/2020 15:11,Not agree,Not agree
2020/08/20,NH,7050,,,14,0,428,,,1,0,8/21/2020 14:27,Not agree,Not agree
2020/08/21,NH,7071,,,21,0,428,,,0,0,8/22/2020 14:21,Not agree,Not agree
2020/08/22,NH,7092,,,21,0,429,,,1,0,8/23/2020 14:15,Not agree,Not agree
2020/08/23,NH,7107,,,15,0,429,,,0,0,8/24/2020 13:54,Not agree,Not agree
2020/08/24,NH,7134,,,27,0,429,,,0,0,8/25/2020 14:02,Not agree,Not agree
2020/08/25,NH,7150,,,16,0,429,,,0,0,8/26/2020 13:51,Not agree,Not agree
2020/08/26,NH,7159,,,9,0,430,,,1,0,8/27/2020 13:42,Not agree,Not agree
2020/08/27,NH,7194,,,35,0,431,,,1,0,8/28/2020 13:43,Not agree,Not agree
2020/08/28,NH,7216,,,22,0,432,,,1,0,8/29/2020 13:42,Not agree,Not agree
2020/08/29,NH,7246,,,30,0,432,,,0,0,8/30/2020 14:49,Not agree,Not agree
2020/08/30,NH,7254,,,8,0,432,,,0,0,8/31/2020 14:05,Not agree,Not agree
2020/08/31,NH,7275,,,21,0,432,,,0,0,9/1/2020 14:09,Not agree,Not agree
2020/09/01,NH,7297,,,22,0,432,,,0,0,9/2/2020 13:49,Not agree,Not agree
2020/09/02,NH,7309,,,12,0,432,,,0,0,9/3/2020 14:18,Not agree,Not agree
2020/09/03,NH,7347,,,38,0,432,,,0,0,9/4/2020 13:36,Not agree,Not agree
2020/09/04,NH,7368,,,21,0,432,,,0,0,9/5/2020 14:09,Not agree,Not agree
2020/09/05,NH,7424,,,56,0,432,,,0,0,9/6/2020 14:09,Not agree,Not agree
2020/09/06,NH,7447,,,23,0,433,,,1,0,9/7/2020 13:37,Not agree,Not agree
2020/09/07,NH,7476,,,29,0,433,,,0,0,9/8/2020 14:47,Not agree,Not agree
2020/09/08,NH,7494,,,18,0,433,,,0,0,9/9/2020 13:47,Not agree,Not agree
2020/09/09,NH,7517,,,23,0,433,,,0,0,9/10/2020 14:02,Not agree,Not agree
2020/09/10,NH,7573,,,56,0,434,,,1,0,9/11/2020 13:51,Not agree,Not agree
2020/09/11,NH,7620,,,47,0,434,,,0,0,9/12/2020 14:12,Not agree,Not agree
2020/09/12,NH,7652,,,32,0,435,,,1,0,9/13/2020 16:17,Not agree,Not agree
2020/09/13,NH,7696,,,44,0,436,,,1,0,9/14/2020 14:01,Not agree,Not agree
2020/09/14,NH,7714,,,18,0,436,,,0,0,9/15/2020 14:03,Not agree,Not agree
2020/09/15,NH,7748,,,34,0,438,,,2,0,9/16/2020 13:53,Not agree,Not agree
2020/09/16,NH,7780,,,32,0,438,,,0,0,9/17/2020 13:45,Not agree,Not agree
2020/09/17,NH,7814,,,34,0,438,,,0,0,9/18/2020 13:48,Not agree,Not agree
2020/09/18,NH,7861,,,47,0,438,,,0,0,9/19/2020 14:00,Not agree,Not agree
2020/09/19,NH,7920,,,59,0,438,,,0,0,9/20/2020 13:53,Not agree,Not agree
2020/09/20,NH,7947,,,27,0,438,,,0,0,9/21/2020 13:47,Not agree,Not agree
2020/09/21,NH,7952,,,5,0,438,,,0,0,9/22/2020 13:51,Not agree,Not agree
2020/09/22,NH,7990,,,38,0,438,,,0,0,9/23/2020 13:51,Not agree,Not agree
2020/09/23,NH,8007,,,17,0,438,,,0,0,9/24/2020 13:54,Not agree,Not agree
2020/09/24,NH,8044,,,37,0,438,,,0,0,9/25/2020 13:54,Not agree,Not agree
2020/09/25,NH,8085,,,41,0,438,,,0,0,9/26/2020 13:46,Not agree,Not agree
2020/01/22,HI,0,,,0,,0,,,0,,3/26/2020 16:22,Not agree,Not agree
2020/01/23,HI,0,,,0,,0,,,0,,3/26/2020 16:22,Not agree,Not agree
2020/01/24,HI,0,,,0,,0,,,0,,3/26/2020 16:22,Not agree,Not agree
2020/01/25,HI,0,,,0,,0,,,0,,3/26/2020 16:22,Not agree,Not agree
2020/01/26,HI,0,,,0,,0,,,0,,3/26/2020 16:22,Not agree,Not agree
2020/01/27,HI,0,,,0,,0,,,0,,3/26/2020 16:22,Not agree,Not agree
2020/01/28,HI,0,,,0,,0,,,0,,3/26/2020 16:22,Not agree,Not agree
2020/01/29,HI,0,,,0,,0,,,0,,3/26/2020 16:22,Not agree,Not agree
2020/01/30,HI,0,,,0,,0,,,0,,3/26/2020 16:22,Not agree,Not agree
2020/01/31,HI,0,,,0,,0,,,0,,3/26/2020 16:22,Not agree,Not agree
2020/02/01,HI,0,,,0,,0,,,0,,3/26/2020 16:22,Not agree,Not agree
2020/02/02,HI,0,,,0,,0,,,0,,3/26/2020 16:22,Not agree,Not agree
2020/02/03,HI,0,,,0,,0,,,0,,3/26/2020 16:22,Not agree,Not agree
2020/02/04,HI,0,,,0,,0,,,0,,3/26/2020 16:22,Not agree,Not agree
2020/02/05,HI,0,,,0,,0,,,0,,3/26/2020 16:22,Not agree,Not agree
2020/02/06,HI,0,,,0,,0,,,0,,3/26/2020 16:22,Not agree,Not agree
2020/02/07,HI,0,,,0,,0,,,0,,3/26/2020 16:22,Not agree,Not agree
2020/02/08,HI,0,,,0,,0,,,0,,3/26/2020 16:22,Not agree,Not agree
2020/02/09,HI,0,,,0,,0,,,0,,3/26/2020 16:22,Not agree,Not agree
2020/02/10,HI,0,,,0,,0,,,0,,3/26/2020 16:22,Not agree,Not agree
2020/02/11,HI,0,,,0,,0,,,0,,3/26/2020 16:22,Not agree,Not agree
2020/02/12,HI,0,,,0,,0,,,0,,3/26/2020 16:22,Not agree,Not agree
2020/02/13,HI,0,,,0,,0,,,0,,3/26/2020 16:22,Not agree,Not agree
2020/02/14,HI,0,,,0,,0,,,0,,3/26/2020 16:22,Not agree,Not agree
2020/02/15,HI,0,,,0,,0,,,0,,3/26/2020 16:22,Not agree,Not agree
2020/02/16,HI,0,,,0,,0,,,0,,3/26/2020 16:22,Not agree,Not agree
2020/02/17,HI,0,,,0,,0,,,0,,3/26/2020 16:22,Not agree,Not agree
2020/02/18,HI,0,,,0,,0,,,0,,3/26/2020 16:22,Not agree,Not agree
2020/02/19,HI,0,,,0,,0,,,0,,3/26/2020 16:22,Not agree,Not agree
2020/02/20,HI,0,,,0,,0,,,0,,3/26/2020 16:22,Not agree,Not agree
2020/02/21,HI,0,,,0,,0,,,0,,3/26/2020 16:22,Not agree,Not agree
2020/02/22,HI,0,,,0,,0,,,0,,3/26/2020 16:22,Not agree,Not agree
2020/02/23,HI,0,,,0,,0,,,0,,3/26/2020 16:22,Not agree,Not agree
2020/02/24,HI,0,,,0,,0,,,0,,3/26/2020 16:22,Not agree,Not agree
2020/02/25,HI,0,,,0,,0,,,0,,3/26/2020 16:22,Not agree,Not agree
2020/02/26,HI,0,,,0,,0,,,0,,3/26/2020 16:22,Not agree,Not agree
2020/02/27,HI,0,,,0,,0,,,0,,3/26/2020 16:22,Not agree,Not agree
2020/02/28,HI,0,,,0,,0,,,0,,3/26/2020 16:22,Not agree,Not agree
2020/02/29,HI,0,,,0,,0,,,0,,3/26/2020 16:22,Not agree,Not agree
2020/03/01,HI,0,,,0,,0,,,0,,3/26/2020 16:22,Not agree,Not agree
2020/03/02,HI,0,,,0,,0,,,0,,3/26/2020 16:22,Not agree,Not agree
2020/03/03,HI,0,,,0,,0,,,0,,3/26/2020 16:22,Not agree,Not agree
2020/03/04,HI,0,,,0,,0,,,0,,3/26/2020 16:22,Not agree,Not agree
2020/03/05,HI,0,,,0,,0,,,0,,3/26/2020 16:22,Not agree,Not agree
2020/03/06,HI,0,,,0,,0,,,0,,3/26/2020 16:22,Not agree,Not agree
2020/03/07,HI,1,,,1,,0,,,0,,3/26/2020 16:22,Not agree,Not agree
2020/03/08,HI,1,,,0,,0,,,0,,3/26/2020 16:22,Not agree,Not agree
2020/03/09,HI,1,,,0,,0,,,0,,3/26/2020 16:22,Not agree,Not agree
2020/03/10,HI,1,,,0,,0,,,0,,3/26/2020 16:22,Not agree,Not agree
2020/03/11,HI,1,,,0,,0,,,0,,3/26/2020 16:22,Not agree,Not agree
2020/03/12,HI,1,,,0,,0,,,0,,3/26/2020 16:22,Not agree,Not agree
2020/03/13,HI,2,,,1,,0,,,0,,3/26/2020 16:22,Not agree,Not agree
2020/03/14,HI,2,,,0,,0,,,0,,3/26/2020 16:22,Not agree,Not agree
2020/03/15,HI,7,,,5,,0,,,0,,3/26/2020 16:22,Not agree,Not agree
2020/03/16,HI,10,,,3,,0,,,0,,3/26/2020 16:22,Not agree,Not agree
2020/03/17,HI,10,,,0,,0,,,0,,3/26/2020 16:22,Not agree,Not agree
2020/03/18,HI,10,,,0,,0,,,0,,3/26/2020 16:22,Not agree,Not agree
2020/03/19,HI,20,,,10,,0,,,0,,3/26/2020 16:22,Not agree,Not agree
2020/03/20,HI,37,,,17,,0,,,0,,3/26/2020 16:22,Not agree,Not agree
2020/03/21,HI,48,,,11,,0,,,0,,3/26/2020 16:22,Not agree,Not agree
2020/03/22,HI,48,,,0,,0,,,0,,3/26/2020 16:22,Not agree,Not agree
2020/03/23,HI,66,,,18,,0,,,0,,3/26/2020 16:22,Not agree,Not agree
2020/03/24,HI,70,,,4,,0,,,0,,3/26/2020 16:22,Not agree,Not agree
2020/03/25,HI,76,,,6,,0,,,0,,3/26/2020 16:22,Not agree,Not agree
2020/03/26,HI,86,,,10,,0,,,0,,3/26/2020 16:22,Not agree,Not agree
2020/03/27,HI,98,,,12,,0,,,0,,3/26/2020 16:22,Not agree,Not agree
2020/03/28,HI,126,,,28,,0,,,0,,3/28/2020 16:22,Not agree,Not agree
2020/03/29,HI,141,,,15,,0,,,0,,3/28/2020 16:22,Not agree,Not agree
2020/03/30,HI,163,,,22,,0,,,0,,3/29/2020 16:22,Not agree,Not agree
2020/03/31,HI,185,,,22,,1,,,1,,3/30/2020 16:22,Not agree,Not agree
2020/04/01,HI,205,,,20,,1,,,0,,3/31/2020 16:22,Not agree,Not agree
2020/04/02,HI,225,,,20,,2,,,1,,4/1/2020 16:22,Not agree,Not agree
2020/04/03,HI,270,,,45,,3,,,1,,4/3/2020 16:22,Not agree,Not agree
2020/04/04,HI,310,,,40,,4,,,1,,4/3/2020 16:22,Not agree,Not agree
2020/04/05,HI,324,,,14,,4,,,0,,4/4/2020 16:22,Not agree,Not agree
2020/04/06,HI,332,,,8,,5,,,1,,4/5/2020 16:22,Not agree,Not agree
2020/04/07,HI,362,,,30,,5,,,0,,4/7/2020 16:22,Not agree,Not agree
2020/04/08,HI,377,,,15,,5,,,0,,4/7/2020 16:22,Not agree,Not agree
2020/04/09,HI,386,,,9,,6,,,1,,4/8/2020 16:22,Not agree,Not agree
2020/04/10,HI,409,,,23,,8,,,2,,4/9/2020 16:22,Not agree,Not agree
2020/04/11,HI,452,,,43,,9,,,1,,4/10/2020 16:22,Not agree,Not agree
2020/04/12,HI,465,,,13,,9,,,0,,4/11/2020 16:22,Not agree,Not agree
2020/04/13,HI,504,,,39,,9,,,0,,4/12/2020 16:22,Not agree,Not agree
2020/04/14,HI,517,,,13,,9,,,0,,4/13/2020 16:22,Not agree,Not agree
2020/04/15,HI,517,,,0,,9,,,0,,4/15/2020 16:22,Not agree,Not agree
2020/04/16,HI,541,,,24,,9,,,0,,4/16/2020 16:22,Not agree,Not agree
2020/04/17,HI,553,,,12,,9,,,0,,4/17/2020 16:22,Not agree,Not agree
2020/04/18,HI,574,,,21,,9,,,0,,4/18/2020 16:22,Not agree,Not agree
2020/04/19,HI,580,,,6,0,10,,,1,0,4/19/2020 16:22,Not agree,Not agree
2020/04/20,HI,584,,,4,0,10,,,0,0,4/20/2020 16:22,Not agree,Not agree
2020/04/21,HI,547,,,-37,0,12,,,2,0,4/21/2020 16:22,Not agree,Not agree
2020/04/22,HI,537,,,-10,0,12,,,0,0,4/22/2020 16:22,Not agree,Not agree
2020/04/23,HI,540,,,3,0,12,,,0,0,5/25/2020 15:38,Not agree,Not agree
2020/04/24,HI,601,,,61,0,13,,,1,0,5/25/2020 15:38,Not agree,Not agree
2020/04/25,HI,604,,,3,0,14,,,1,0,5/25/2020 15:38,Not agree,Not agree
2020/04/26,HI,550,,,-54,0,14,,,0,0,5/25/2020 15:38,Not agree,Not agree
2020/04/27,HI,607,,,57,0,16,,,2,0,5/25/2020 15:38,Not agree,Not agree
2020/04/28,HI,553,,,-54,0,16,,,0,0,4/29/2020 18:12,Not agree,Not agree
2020/04/29,HI,557,,,4,0,16,,,0,0,4/30/2020 16:07,Not agree,Not agree
2020/04/30,HI,562,,,5,0,16,,,0,0,5/1/2020 21:00,Not agree,Not agree
2020/05/01,HI,619,,,57,0,16,,,0,0,5/2/2020 15:47,Not agree,Not agree
2020/05/02,HI,620,,,1,0,16,,,0,0,5/3/2020 15:36,Not agree,Not agree
2020/05/03,HI,557,,,-63,0,17,,,1,0,5/4/2020 22:49,Not agree,Not agree
2020/05/04,HI,558,,,1,0,17,,,0,0,5/5/2020 17:25,Not agree,Not agree
2020/05/05,HI,570,,,12,7,17,,,0,0,5/6/2020 16:23,Not agree,Not agree
2020/05/06,HI,626,,,56,-7,17,,,0,0,5/7/2020 22:59,Not agree,Not agree
2020/05/07,HI,576,,,-50,7,17,,,0,0,5/8/2020 21:26,Not agree,Not agree
2020/05/08,HI,576,,,0,0,17,,,0,0,5/9/2020 21:26,Not agree,Not agree
2020/05/09,HI,579,,,3,1,17,,,0,0,5/10/2020 21:26,Not agree,Not agree
2020/05/10,HI,580,,,1,0,17,,,0,0,5/11/2020 21:26,Not agree,Not agree
2020/05/11,HI,582,,,2,0,17,,,0,0,5/12/2020 17:26,Not agree,Not agree
2020/05/12,HI,583,,,1,1,17,,,0,0,5/13/2020 15:26,Not agree,Not agree
2020/05/13,HI,587,,,4,1,17,,,0,0,5/14/2020 17:25,Not agree,Not agree
2020/05/14,HI,586,,,-1,0,17,,,0,0,5/15/2020 16:11,Not agree,Not agree
2020/05/15,HI,587,,,1,0,17,,,0,0,5/16/2020 15:46,Not agree,Not agree
2020/05/16,HI,588,,,1,0,17,,,0,0,5/17/2020 15:27,Not agree,Not agree
2020/05/17,HI,589,,,1,0,17,,,0,0,5/18/2020 16:01,Not agree,Not agree
2020/05/18,HI,589,,,0,0,17,,,0,0,5/19/2020 15:45,Not agree,Not agree
2020/05/19,HI,591,,,2,0,17,,,0,0,5/20/2020 15:28,Not agree,Not agree
2020/05/20,HI,593,,,2,0,17,,,0,0,5/21/2020 15:41,Not agree,Not agree
2020/05/21,HI,596,,,3,0,17,,,0,0,5/22/2020 15:31,Not agree,Not agree
2020/05/22,HI,594,,,-2,3,17,,,0,0,5/23/2020 17:58,Not agree,Not agree
2020/05/23,HI,595,,,1,0,17,,,0,0,5/24/2020 14:15,Not agree,Not agree
2020/05/24,HI,595,,,0,0,17,,,0,0,5/25/2020 14:12,Not agree,Not agree
2020/05/25,HI,595,,,0,0,17,,,0,0,5/26/2020 14:23,Not agree,Not agree
2020/05/26,HI,595,,,0,0,17,,,0,0,5/27/2020 15:37,Not agree,Not agree
2020/05/27,HI,596,,,1,0,17,,,0,0,5/28/2020 15:12,Not agree,Not agree
2020/05/28,HI,601,,,5,2,17,,,0,0,5/29/2020 14:19,Not agree,Not agree
2020/05/29,HI,603,,,2,0,17,,,0,0,5/30/2020 15:47,Not agree,Not agree
2020/05/30,HI,606,,,3,1,17,,,0,0,5/31/2020 14:43,Not agree,Not agree
2020/05/31,HI,607,,,1,0,17,,,0,0,6/1/2020 14:17,Not agree,Not agree
2020/06/01,HI,607,,,0,0,17,,,0,0,6/2/2020 14:16,Not agree,Not agree
2020/06/02,HI,610,,,3,2,17,,,0,0,6/3/2020 14:11,Not agree,Not agree
2020/06/03,HI,616,,,6,8,17,,,0,0,6/4/2020 15:03,Not agree,Not agree
2020/06/04,HI,619,,,3,1,17,,,0,0,6/5/2020 15:17,Not agree,Not agree
2020/06/05,HI,625,,,6,-3,17,,,0,0,6/6/2020 14:31,Not agree,Not agree
2020/06/06,HI,634,,,9,0,17,,,0,0,6/7/2020 14:23,Not agree,Not agree
2020/06/07,HI,636,,,2,0,17,,,0,0,6/8/2020 14:55,Not agree,Not agree
2020/06/08,HI,637,,,1,0,17,,,0,0,6/9/2020 16:49,Not agree,Not agree
2020/06/09,HI,644,,,7,1,17,,,0,0,6/10/2020 20:56,Not agree,Not agree
2020/06/10,HI,647,,,3,0,17,,,0,0,6/11/2020 14:48,Not agree,Not agree
2020/06/11,HI,654,,,7,0,17,,,0,0,6/12/2020 14:17,Not agree,Not agree
2020/06/12,HI,663,,,9,-5,17,,,0,0,6/13/2020 17:46,Not agree,Not agree
2020/06/13,HI,680,,,17,0,17,,,0,0,6/14/2020 14:19,Not agree,Not agree
2020/06/14,HI,688,,,8,5,17,,,0,0,6/15/2020 14:33,Not agree,Not agree
2020/06/15,HI,696,,,8,0,17,,,0,0,6/16/2020 14:10,Not agree,Not agree
2020/06/16,HI,674,,,-22,-25,17,,,0,0,6/17/2020 15:06,Not agree,Not agree
2020/06/17,HI,678,,,4,0,17,,,0,0,6/18/2020 17:16,Not agree,Not agree
2020/06/18,HI,718,,,40,25,17,,,0,0,6/19/2020 15:01,Not agree,Not agree
2020/06/19,HI,746,,,28,0,17,,,0,0,6/20/2020 14:15,Not agree,Not agree
2020/06/20,HI,760,,,14,0,17,,,0,0,6/21/2020 14:32,Not agree,Not agree
2020/06/21,HI,769,,,9,0,17,,,0,0,6/22/2020 15:24,Not agree,Not agree
2020/06/22,HI,771,,,2,0,17,,,0,0,6/23/2020 14:28,Not agree,Not agree
2020/06/23,HI,775,,,4,0,17,,,0,0,6/24/2020 15:03,Not agree,Not agree
2020/06/24,HI,766,,,-9,-25,17,,,0,0,6/25/2020 14:07,Not agree,Not agree
2020/06/25,HI,782,,,16,0,17,,,0,0,6/26/2020 19:18,Not agree,Not agree
2020/06/26,HI,796,,,14,0,17,,,0,0,6/27/2020 17:51,Not agree,Not agree
2020/06/27,HI,802,,,6,0,17,,,0,0,6/28/2020 14:59,Not agree,Not agree
2020/06/28,HI,828,,,26,0,18,,,1,0,6/29/2020 14:37,Not agree,Not agree
2020/06/29,HI,829,,,1,0,18,,,0,0,6/30/2020 15:27,Not agree,Not agree
2020/06/30,HI,842,,,13,0,18,,,0,0,7/1/2020 15:45,Not agree,Not agree
2020/07/01,HI,851,,,9,0,18,,,0,0,7/2/2020 15:10,Not agree,Not agree
2020/07/02,HI,870,,,19,0,18,,,0,0,7/3/2020 15:01,Not agree,Not agree
2020/07/03,HI,894,,,24,0,19,,,1,0,7/4/2020 15:30,Not agree,Not agree
2020/07/04,HI,915,,,21,0,19,,,0,0,7/5/2020 15:00,Not agree,Not agree
2020/07/05,HI,939,,,24,0,19,,,0,0,7/6/2020 15:16,Not agree,Not agree
2020/07/06,HI,946,,,7,0,19,,,0,0,7/7/2020 14:58,Not agree,Not agree
2020/07/07,HI,980,,,34,0,19,,,0,0,7/8/2020 14:12,Not agree,Not agree
2020/07/08,HI,1001,,,21,0,19,,,0,0,7/9/2020 15:14,Not agree,Not agree
2020/07/09,HI,1036,,,35,0,19,,,0,0,7/10/2020 15:35,Not agree,Not agree
2020/07/10,HI,1058,,,22,0,19,,,0,0,7/11/2020 18:25,Not agree,Not agree
2020/07/11,HI,1097,,,39,0,19,,,0,0,7/12/2020 15:13,Not agree,Not agree
2020/07/12,HI,1115,,,18,0,19,,,0,0,7/13/2020 15:19,Not agree,Not agree
2020/07/13,HI,1138,,,23,0,22,,,3,0,7/14/2020 15:13,Not agree,Not agree
2020/07/14,HI,1158,,,20,0,22,,,0,0,7/15/2020 15:05,Not agree,Not agree
2020/07/15,HI,1190,,,32,0,22,,,0,0,7/16/2020 14:22,Not agree,Not agree
2020/07/16,HI,1209,,,19,0,22,,,0,0,7/17/2020 14:31,Not agree,Not agree
2020/07/17,HI,1232,,,23,0,23,,,1,0,7/18/2020 16:14,Not agree,Not agree
2020/07/18,HI,1245,,,13,0,24,,,1,0,7/19/2020 15:05,Not agree,Not agree
2020/07/19,HI,1273,,,28,0,24,,,0,0,7/20/2020 14:35,Not agree,Not agree
2020/07/20,HI,1287,,,14,0,24,,,0,0,7/21/2020 14:50,Not agree,Not agree
2020/07/21,HI,1310,,,23,0,24,,,0,0,7/22/2020 14:51,Not agree,Not agree
2020/07/22,HI,1339,,,29,0,25,,,1,0,7/23/2020 14:48,Not agree,Not agree
2020/07/23,HI,1389,,,50,0,26,,,1,0,7/24/2020 14:18,Not agree,Not agree
2020/07/24,HI,1449,,,60,0,26,,,0,0,7/25/2020 17:40,Not agree,Not agree
2020/07/25,HI,1516,,,67,0,26,,,0,0,7/26/2020 15:17,Not agree,Not agree
2020/07/26,HI,1576,,,60,0,26,,,0,0,7/27/2020 14:16,Not agree,Not agree
2020/07/27,HI,1603,,,27,0,26,,,0,0,7/28/2020 14:21,Not agree,Not agree
2020/07/28,HI,1647,,,44,0,26,,,0,0,7/29/2020 14:34,Not agree,Not agree
2020/07/29,HI,1750,,,103,0,26,,,0,0,7/30/2020 14:42,Not agree,Not agree
2020/07/30,HI,1871,,,121,0,26,,,0,0,7/31/2020 14:35,Not agree,Not agree
2020/07/31,HI,1989,,,118,0,26,,,0,0,8/1/2020 14:38,Not agree,Not agree
2020/08/01,HI,2067,,,78,0,26,,,0,0,8/2/2020 14:54,Not agree,Not agree
2020/08/02,HI,2110,,,43,0,26,,,0,0,8/3/2020 14:31,Not agree,Not agree
2020/08/03,HI,2311,,,201,0,26,,,0,0,8/4/2020 14:09,Not agree,Not agree
2020/08/04,HI,2442,,,131,0,27,,,1,0,8/5/2020 14:13,Not agree,Not agree
2020/08/05,HI,2603,,,161,0,27,,,0,0,8/6/2020 14:12,Not agree,Not agree
2020/08/06,HI,2741,,,138,0,29,,,2,0,8/7/2020 23:57,Not agree,Not agree
2020/08/07,HI,2919,,,178,0,30,,,1,0,8/8/2020 14:58,Not agree,Not agree
2020/08/08,HI,3138,,,219,0,31,,,1,0,8/9/2020 14:03,Not agree,Not agree
2020/08/09,HI,3270,,,132,0,31,,,0,0,8/10/2020 14:23,Not agree,Not agree
2020/08/10,HI,3408,,,138,0,34,,,3,0,8/11/2020 14:16,Not agree,Not agree
2020/08/11,HI,3523,,,115,0,34,,,0,0,8/12/2020 13:50,Not agree,Not agree
2020/08/12,HI,3699,,,176,0,38,,,4,0,8/13/2020 14:12,Not agree,Not agree
2020/08/13,HI,4022,,,323,0,38,,,0,0,8/14/2020 14:30,Not agree,Not agree
2020/08/14,HI,4241,,,219,0,40,,,2,0,8/15/2020 14:02,Not agree,Not agree
2020/08/15,HI,4510,,,269,0,40,,,0,0,8/16/2020 14:57,Not agree,Not agree
2020/08/16,HI,4697,,,187,0,40,,,0,0,8/17/2020 14:26,Not agree,Not agree
2020/08/17,HI,4839,,,142,0,40,,,0,0,8/18/2020 14:26,Not agree,Not agree
2020/08/18,HI,4965,,,126,0,41,,,1,0,8/19/2020 14:23,Not agree,Not agree
2020/08/19,HI,5176,,,211,0,43,,,2,0,8/20/2020 15:11,Not agree,Not agree
2020/08/20,HI,5372,,,196,0,45,,,2,0,8/21/2020 14:27,Not agree,Not agree
2020/08/21,HI,5587,,,215,0,46,,,1,0,8/22/2020 14:21,Not agree,Not agree
2020/08/22,HI,5864,,,277,0,47,,,1,0,8/23/2020 14:15,Not agree,Not agree
2020/08/23,HI,6111,,,247,0,47,,,0,0,8/24/2020 13:54,Not agree,Not agree
2020/08/24,HI,6268,,,157,0,49,,,2,0,8/25/2020 14:02,Not agree,Not agree
2020/08/25,HI,6476,,,208,0,49,,,0,0,8/26/2020 13:51,Not agree,Not agree
2020/08/26,HI,6738,,,262,0,51,,,2,0,8/27/2020 13:42,Not agree,Not agree
2020/08/27,HI,7016,,,278,0,55,,,4,0,8/28/2020 13:43,Not agree,Not agree
2020/08/28,HI,7258,,,242,0,59,,,4,0,8/29/2020 13:42,Not agree,Not agree
2020/08/29,HI,7527,,,269,0,62,,,3,0,8/30/2020 14:49,Not agree,Not agree
2020/08/30,HI,7712,,,185,0,63,,,1,0,8/31/2020 14:05,Not agree,Not agree
2020/08/31,HI,7835,,,123,0,70,,,7,0,9/1/2020 14:09,Not agree,Not agree
2020/09/01,HI,8012,,,177,0,74,,,4,0,9/2/2020 13:49,Not agree,Not agree
2020/09/02,HI,8310,,,298,0,75,,,1,0,9/3/2020 14:18,Not agree,Not agree
2020/09/03,HI,8532,,,222,0,79,,,4,0,9/4/2020 13:36,Not agree,Not agree
2020/09/04,HI,8773,,,241,0,81,,,2,0,9/5/2020 14:09,Not agree,Not agree
2020/09/05,HI,8972,,,199,0,84,,,3,0,9/6/2020 14:09,Not agree,Not agree
2020/09/06,HI,9119,,,147,0,85,,,1,0,9/7/2020 13:37,Not agree,Not agree
2020/09/07,HI,9224,,,105,0,86,,,1,0,9/8/2020 14:47,Not agree,Not agree
2020/09/08,HI,9422,,,198,131,88,,,2,0,9/9/2020 13:47,Not agree,Not agree
2020/09/09,HI,9519,,,97,0,91,,,3,0,9/10/2020 14:02,Not agree,Not agree
2020/09/10,HI,9682,,,163,0,94,,,3,0,9/11/2020 13:51,Not agree,Not agree
2020/09/11,HI,9838,,,156,3,96,,,2,0,9/12/2020 14:12,Not agree,Not agree
2020/09/12,HI,9957,,,119,0,97,,,1,0,9/13/2020 16:17,Not agree,Not agree
2020/09/13,HI,10122,,,165,0,99,,,2,0,9/14/2020 14:01,Not agree,Not agree
2020/09/14,HI,10913,,,791,0,99,,,0,0,9/15/2020 14:03,Not agree,Not agree
2020/09/15,HI,10978,,,65,0,99,,,0,0,9/16/2020 13:53,Not agree,Not agree
2020/09/16,HI,11080,,,102,0,99,,,0,0,9/17/2020 13:45,Not agree,Not agree
2020/09/17,HI,11239,,,159,0,107,,,8,0,9/18/2020 13:48,Not agree,Not agree
2020/09/18,HI,11376,,,137,25,120,,,13,0,9/19/2020 14:00,Not agree,Not agree
2020/09/19,HI,11485,,,109,0,120,,,0,0,9/20/2020 13:53,Not agree,Not agree
2020/09/20,HI,11562,,,77,0,120,,,0,0,9/21/2020 13:47,Not agree,Not agree
2020/09/21,HI,11618,,,56,0,120,,,0,0,9/22/2020 13:51,Not agree,Not agree
2020/09/22,HI,11681,,,63,0,120,,,0,0,9/23/2020 13:51,Not agree,Not agree
2020/09/23,HI,11848,,,167,0,122,,,2,0,9/24/2020 13:54,Not agree,Not agree
2020/09/24,HI,11938,,,90,0,124,,,2,0,9/25/2020 13:54,Not agree,Not agree
2020/09/25,HI,12070,,,132,20,127,,,3,0,9/26/2020 13:46,Not agree,Not agree
2020/01/22,MT,0,,,0,,0,,,0,,3/26/2020 16:22,Agree,Agree
2020/01/23,MT,0,,,0,,0,,,0,,3/26/2020 16:22,Agree,Agree
2020/01/24,MT,0,,,0,,0,,,0,,3/26/2020 16:22,Agree,Agree
2020/01/25,MT,0,,,0,,0,,,0,,3/26/2020 16:22,Agree,Agree
2020/01/26,MT,0,,,0,,0,,,0,,3/26/2020 16:22,Agree,Agree
2020/01/27,MT,0,,,0,,0,,,0,,3/26/2020 16:22,Agree,Agree
2020/01/28,MT,0,,,0,,0,,,0,,3/26/2020 16:22,Agree,Agree
2020/01/29,MT,0,,,0,,0,,,0,,3/26/2020 16:22,Agree,Agree
2020/01/30,MT,0,,,0,,0,,,0,,3/26/2020 16:22,Agree,Agree
2020/01/31,MT,0,,,0,,0,,,0,,3/26/2020 16:22,Agree,Agree
2020/02/01,MT,0,,,0,,0,,,0,,3/26/2020 16:22,Agree,Agree
2020/02/02,MT,0,,,0,,0,,,0,,3/26/2020 16:22,Agree,Agree
2020/02/03,MT,0,,,0,,0,,,0,,3/26/2020 16:22,Agree,Agree
2020/02/04,MT,0,,,0,,0,,,0,,3/26/2020 16:22,Agree,Agree
2020/02/05,MT,0,,,0,,0,,,0,,3/26/2020 16:22,Agree,Agree
2020/02/06,MT,0,,,0,,0,,,0,,3/26/2020 16:22,Agree,Agree
2020/02/07,MT,0,,,0,,0,,,0,,3/26/2020 16:22,Agree,Agree
2020/02/08,MT,0,,,0,,0,,,0,,3/26/2020 16:22,Agree,Agree
2020/02/09,MT,0,,,0,,0,,,0,,3/26/2020 16:22,Agree,Agree
2020/02/10,MT,0,,,0,,0,,,0,,3/26/2020 16:22,Agree,Agree
2020/02/11,MT,0,,,0,,0,,,0,,3/26/2020 16:22,Agree,Agree
2020/02/12,MT,0,,,0,,0,,,0,,3/26/2020 16:22,Agree,Agree
2020/02/13,MT,0,,,0,,0,,,0,,3/26/2020 16:22,Agree,Agree
2020/02/14,MT,0,,,0,,0,,,0,,3/26/2020 16:22,Agree,Agree
2020/02/15,MT,0,,,0,,0,,,0,,3/26/2020 16:22,Agree,Agree
2020/02/16,MT,0,,,0,,0,,,0,,3/26/2020 16:22,Agree,Agree
2020/02/17,MT,0,,,0,,0,,,0,,3/26/2020 16:22,Agree,Agree
2020/02/18,MT,0,,,0,,0,,,0,,3/26/2020 16:22,Agree,Agree
2020/02/19,MT,0,,,0,,0,,,0,,3/26/2020 16:22,Agree,Agree
2020/02/20,MT,0,,,0,,0,,,0,,3/26/2020 16:22,Agree,Agree
2020/02/21,MT,0,,,0,,0,,,0,,3/26/2020 16:22,Agree,Agree
2020/02/22,MT,0,,,0,,0,,,0,,3/26/2020 16:22,Agree,Agree
2020/02/23,MT,0,,,0,,0,,,0,,3/26/2020 16:22,Agree,Agree
2020/02/24,MT,0,,,0,,0,,,0,,3/26/2020 16:22,Agree,Agree
2020/02/25,MT,0,,,0,,0,,,0,,3/26/2020 16:22,Agree,Agree
2020/02/26,MT,0,,,0,,0,,,0,,3/26/2020 16:22,Agree,Agree
2020/02/27,MT,0,,,0,,0,,,0,,3/26/2020 16:22,Agree,Agree
2020/02/28,MT,0,,,0,,0,,,0,,3/26/2020 16:22,Agree,Agree
2020/02/29,MT,0,,,0,,0,,,0,,3/26/2020 16:22,Agree,Agree
2020/03/01,MT,0,,,0,,0,,,0,,3/26/2020 16:22,Agree,Agree
2020/03/02,MT,0,,,0,,0,,,0,,3/26/2020 16:22,Agree,Agree
2020/03/03,MT,0,,,0,,0,,,0,,3/26/2020 16:22,Agree,Agree
2020/03/04,MT,0,,,0,,0,,,0,,3/26/2020 16:22,Agree,Agree
2020/03/05,MT,0,,,0,,0,,,0,,3/26/2020 16:22,Agree,Agree
2020/03/06,MT,0,,,0,,0,,,0,,3/26/2020 16:22,Agree,Agree
2020/03/07,MT,0,,,0,,0,,,0,,3/26/2020 16:22,Agree,Agree
2020/03/08,MT,0,,,0,,0,,,0,,3/26/2020 16:22,Agree,Agree
2020/03/09,MT,0,,,0,,0,,,0,,3/26/2020 16:22,Agree,Agree
2020/03/10,MT,0,,,0,,0,,,0,,3/26/2020 16:22,Agree,Agree
2020/03/11,MT,1,,,1,,0,,,0,,3/26/2020 16:22,Agree,Agree
2020/03/12,MT,1,,,0,,0,,,0,,3/26/2020 16:22,Agree,Agree
2020/03/13,MT,1,,,0,,0,,,0,,3/26/2020 16:22,Agree,Agree
2020/03/14,MT,1,,,0,,0,,,0,,3/26/2020 16:22,Agree,Agree
2020/03/15,MT,7,,,6,,0,,,0,,3/26/2020 16:22,Agree,Agree
2020/03/16,MT,7,,,0,,0,,,0,,3/26/2020 16:22,Agree,Agree
2020/03/17,MT,11,,,4,,0,,,0,,3/26/2020 16:22,Agree,Agree
2020/03/18,MT,12,,,1,,0,,,0,,3/26/2020 16:22,Agree,Agree
2020/03/19,MT,15,,,3,,0,,,0,,3/26/2020 16:22,Agree,Agree
2020/03/20,MT,21,,,6,,0,,,0,,3/26/2020 16:22,Agree,Agree
2020/03/21,MT,27,,,6,,0,,,0,,3/26/2020 16:22,Agree,Agree
2020/03/22,MT,34,,,7,,0,,,0,,3/26/2020 16:22,Agree,Agree
2020/03/23,MT,37,,,3,,0,,,0,,3/26/2020 16:22,Agree,Agree
2020/03/24,MT,48,,,11,,0,,,0,,3/26/2020 16:22,Agree,Agree
2020/03/25,MT,65,,,17,,0,,,0,,3/26/2020 16:22,Agree,Agree
2020/03/26,MT,90,,,25,,1,,,1,,3/26/2020 16:22,Agree,Agree
2020/03/27,MT,121,,,31,,1,,,0,,3/26/2020 16:22,Agree,Agree
2020/03/28,MT,147,,,26,,1,,,0,,3/28/2020 16:22,Agree,Agree
2020/03/29,MT,173,,,26,,2,,,1,,3/28/2020 16:22,Agree,Agree
2020/03/30,MT,184,,,11,,4,,,2,,3/29/2020 16:22,Agree,Agree
2020/03/31,MT,203,,,19,,5,,,1,,3/30/2020 16:22,Agree,Agree
2020/04/01,MT,228,,,25,,5,,,0,,3/31/2020 16:22,Agree,Agree
2020/04/02,MT,244,,,16,,5,,,0,,4/1/2020 16:22,Agree,Agree
2020/04/03,MT,262,,,18,,5,,,0,,4/3/2020 16:22,Agree,Agree
2020/04/04,MT,281,,,19,,6,,,1,,4/3/2020 16:22,Agree,Agree
2020/04/05,MT,300,,,19,,6,,,0,,4/4/2020 16:22,Agree,Agree
2020/04/06,MT,320,,,20,,6,,,0,,4/5/2020 16:22,Agree,Agree
2020/04/07,MT,332,,,12,,6,,,0,,4/7/2020 16:22,Agree,Agree
2020/04/08,MT,352,,,20,,6,,,0,,4/7/2020 16:22,Agree,Agree
2020/04/09,MT,365,,,13,,6,,,0,,4/8/2020 16:22,Agree,Agree
2020/04/10,MT,365,,,0,,6,,,0,,4/9/2020 16:22,Agree,Agree
2020/04/11,MT,377,,,12,,6,,,0,,4/10/2020 16:22,Agree,Agree
2020/04/12,MT,394,,,17,,6,,,0,,4/11/2020 16:22,Agree,Agree
2020/04/13,MT,398,,,4,,7,,,1,,4/12/2020 16:22,Agree,Agree
2020/04/14,MT,404,,,6,,7,,,0,,4/13/2020 16:22,Agree,Agree
2020/04/15,MT,415,,,11,,7,,,0,,4/15/2020 16:22,Agree,Agree
2020/04/16,MT,422,,,7,,8,,,1,,4/16/2020 16:22,Agree,Agree
2020/04/17,MT,422,,,0,,8,,,0,,4/17/2020 16:22,Agree,Agree
2020/04/18,MT,426,,,4,,10,,,2,,4/18/2020 16:22,Agree,Agree
2020/04/19,MT,433,433,0,7,0,10,10,0,0,0,4/19/2020 16:22,Agree,Agree
2020/04/20,MT,437,437,0,4,0,12,12,0,2,0,4/20/2020 16:22,Agree,Agree
2020/04/21,MT,439,439,0,2,0,13,13,0,1,0,4/21/2020 16:22,Agree,Agree
2020/04/22,MT,442,442,0,3,0,14,14,0,1,0,4/22/2020 16:22,Agree,Agree
2020/04/23,MT,444,444,0,2,0,14,14,0,0,0,5/25/2020 15:38,Agree,Agree
2020/04/24,MT,444,444,0,0,0,14,14,0,0,0,5/25/2020 15:38,Agree,Agree
2020/04/25,MT,445,445,0,1,0,14,14,0,0,0,5/25/2020 15:38,Agree,Agree
2020/04/26,MT,449,449,0,4,0,14,14,0,0,0,5/25/2020 15:38,Agree,Agree
2020/04/27,MT,451,451,0,2,0,16,16,0,2,0,5/25/2020 15:38,Agree,Agree
2020/04/28,MT,451,451,0,0,0,15,15,0,-1,0,4/29/2020 18:12,Agree,Agree
2020/04/29,MT,451,451,0,0,0,16,16,0,1,0,4/30/2020 16:07,Agree,Agree
2020/04/30,MT,453,453,0,2,0,16,16,0,0,0,5/1/2020 21:00,Agree,Agree
2020/05/01,MT,453,453,0,0,0,16,16,0,0,0,5/2/2020 15:47,Agree,Agree
2020/05/02,MT,455,455,0,2,0,16,16,0,0,0,5/3/2020 15:36,Agree,Agree
2020/05/03,MT,457,457,0,2,0,16,16,0,0,0,5/4/2020 22:49,Agree,Agree
2020/05/04,MT,457,457,0,0,0,16,16,0,0,0,5/5/2020 17:25,Agree,Agree
2020/05/05,MT,456,456,0,-1,0,16,16,0,0,0,5/6/2020 16:23,Agree,Agree
2020/05/06,MT,456,456,0,0,0,16,16,0,0,0,5/7/2020 22:59,Agree,Agree
2020/05/07,MT,459,459,0,3,0,16,16,0,0,0,5/8/2020 21:26,Agree,Agree
2020/05/08,MT,458,458,0,-1,0,16,16,0,0,0,5/9/2020 21:26,Agree,Agree
2020/05/09,MT,458,458,0,0,0,16,16,0,0,0,5/10/2020 21:26,Agree,Agree
2020/05/10,MT,458,458,0,0,0,16,16,0,0,0,5/11/2020 21:26,Agree,Agree
2020/05/11,MT,459,459,0,1,0,16,16,0,0,0,5/12/2020 17:26,Agree,Agree
2020/05/12,MT,459,459,0,0,0,16,16,0,0,0,5/13/2020 15:26,Agree,Agree
2020/05/13,MT,462,462,0,3,0,16,16,0,0,0,5/14/2020 17:25,Agree,Agree
2020/05/14,MT,466,466,0,4,0,16,16,0,0,0,5/15/2020 16:11,Agree,Agree
2020/05/15,MT,466,466,0,0,0,16,16,0,0,0,5/16/2020 15:46,Agree,Agree
2020/05/16,MT,468,468,0,2,0,16,16,0,0,0,5/17/2020 15:27,Agree,Agree
2020/05/17,MT,470,470,0,2,0,16,16,0,0,0,5/18/2020 16:01,Agree,Agree
2020/05/18,MT,470,470,0,0,0,16,16,0,0,0,5/19/2020 15:45,Agree,Agree
2020/05/19,MT,478,478,0,8,0,16,16,0,0,0,5/20/2020 15:28,Agree,Agree
2020/05/20,MT,478,478,0,0,0,16,16,0,0,0,5/21/2020 15:41,Agree,Agree
2020/05/21,MT,479,479,0,1,0,16,16,0,0,0,5/22/2020 15:31,Agree,Agree
2020/05/22,MT,479,479,0,0,0,16,16,0,0,0,5/23/2020 17:58,Agree,Agree
2020/05/23,MT,479,479,0,0,0,16,16,0,0,0,5/24/2020 14:15,Agree,Agree
2020/05/24,MT,479,479,0,0,0,16,16,0,0,0,5/25/2020 14:12,Agree,Agree
2020/05/25,MT,479,479,0,0,0,16,16,0,0,0,5/26/2020 14:23,Agree,Agree
2020/05/26,MT,479,479,0,0,0,17,17,0,1,0,5/27/2020 15:37,Agree,Agree
2020/05/27,MT,485,485,0,6,0,17,17,0,0,0,5/28/2020 15:12,Agree,Agree
2020/05/28,MT,493,493,0,8,0,17,17,0,0,0,5/29/2020 14:19,Agree,Agree
2020/05/29,MT,505,505,0,12,0,17,17,0,0,0,5/30/2020 15:47,Agree,Agree
2020/05/30,MT,505,505,0,0,0,17,17,0,0,0,5/31/2020 14:43,Agree,Agree
2020/05/31,MT,515,515,0,10,0,17,17,0,0,0,6/1/2020 14:17,Agree,Agree
2020/06/01,MT,523,523,0,8,0,17,17,0,0,0,6/2/2020 14:16,Agree,Agree
2020/06/02,MT,525,525,0,2,0,17,17,0,0,0,6/3/2020 14:11,Agree,Agree
2020/06/03,MT,539,539,0,14,0,17,17,0,0,0,6/4/2020 15:03,Agree,Agree
2020/06/04,MT,539,539,0,0,0,17,17,0,0,0,6/5/2020 15:17,Agree,Agree
2020/06/05,MT,540,540,0,1,0,18,18,0,1,0,6/6/2020 14:31,Agree,Agree
2020/06/06,MT,540,540,0,0,0,18,18,0,0,0,6/7/2020 14:23,Agree,Agree
2020/06/07,MT,548,548,0,8,0,18,18,0,0,0,6/8/2020 14:55,Agree,Agree
2020/06/08,MT,548,548,0,0,0,18,18,0,0,0,6/9/2020 16:49,Agree,Agree
2020/06/09,MT,554,554,0,6,0,18,18,0,0,0,6/10/2020 20:56,Agree,Agree
2020/06/10,MT,561,561,0,7,0,18,18,0,0,0,6/11/2020 14:48,Agree,Agree
2020/06/11,MT,573,573,0,12,0,18,18,0,0,0,6/12/2020 14:17,Agree,Agree
2020/06/12,MT,588,588,0,15,0,18,18,0,0,0,6/13/2020 17:46,Agree,Agree
2020/06/13,MT,588,588,0,0,0,18,18,0,0,0,6/14/2020 14:19,Agree,Agree
2020/06/14,MT,609,609,0,21,0,19,19,0,1,0,6/15/2020 14:33,Agree,Agree
2020/06/15,MT,612,612,0,3,0,19,19,0,0,0,6/16/2020 14:10,Agree,Agree
2020/06/16,MT,630,630,0,18,0,20,20,0,1,0,6/17/2020 15:06,Agree,Agree
2020/06/17,MT,630,630,0,0,0,20,20,0,0,0,6/18/2020 17:16,Agree,Agree
2020/06/18,MT,666,666,0,36,0,20,20,0,0,0,6/19/2020 15:01,Agree,Agree
2020/06/19,MT,698,698,0,32,0,20,20,0,0,0,6/20/2020 14:15,Agree,Agree
2020/06/20,MT,716,716,0,18,0,20,20,0,0,0,6/21/2020 14:32,Agree,Agree
2020/06/21,MT,717,717,0,1,0,20,20,0,0,0,6/22/2020 15:24,Agree,Agree
2020/06/22,MT,734,734,0,17,0,21,21,0,1,0,6/23/2020 14:28,Agree,Agree
2020/06/23,MT,766,766,0,32,0,21,21,0,0,0,6/24/2020 15:03,Agree,Agree
2020/06/24,MT,803,803,0,37,0,21,21,0,0,0,6/25/2020 14:07,Agree,Agree
2020/06/25,MT,829,829,0,26,0,22,22,0,1,0,6/26/2020 19:18,Agree,Agree
2020/06/26,MT,852,852,0,23,0,22,22,0,0,0,6/27/2020 17:51,Agree,Agree
2020/06/27,MT,852,852,0,0,0,22,22,0,0,0,6/28/2020 14:59,Agree,Agree
2020/06/28,MT,919,919,0,67,0,22,22,0,0,0,6/29/2020 14:37,Agree,Agree
2020/06/29,MT,967,967,0,48,0,22,22,0,0,0,6/30/2020 15:27,Agree,Agree
2020/06/30,MT,1018,1018,0,51,0,22,22,0,0,0,7/1/2020 15:45,Agree,Agree
2020/07/01,MT,1083,1083,0,65,0,22,22,0,0,0,7/2/2020 15:10,Agree,Agree
2020/07/02,MT,1123,1123,0,40,0,23,23,0,1,0,7/3/2020 15:01,Agree,Agree
2020/07/03,MT,1128,1128,0,5,0,23,23,0,0,0,7/4/2020 15:30,Agree,Agree
2020/07/04,MT,1167,1167,0,39,0,23,23,0,0,0,7/5/2020 15:00,Agree,Agree
2020/07/05,MT,1249,1249,0,82,0,23,23,0,0,0,7/6/2020 15:16,Agree,Agree
2020/07/06,MT,1249,1249,0,0,0,23,23,0,0,0,7/7/2020 14:58,Agree,Agree
2020/07/07,MT,1371,1371,0,122,0,23,23,0,0,0,7/8/2020 14:12,Agree,Agree
2020/07/08,MT,1466,1466,0,95,0,25,25,0,2,0,7/9/2020 15:14,Agree,Agree
2020/07/09,MT,1569,1569,0,103,0,27,27,0,2,0,7/10/2020 15:35,Agree,Agree
2020/07/10,MT,1593,1593,0,24,0,28,28,0,1,0,7/11/2020 18:25,Agree,Agree
2020/07/11,MT,1677,1677,0,84,0,29,29,0,1,0,7/12/2020 15:13,Agree,Agree
2020/07/12,MT,1841,1841,0,164,0,31,31,0,2,0,7/13/2020 15:19,Agree,Agree
2020/07/13,MT,1843,1843,0,2,0,32,32,0,1,0,7/14/2020 15:13,Agree,Agree
2020/07/14,MT,1952,1952,0,109,0,34,34,0,2,0,7/15/2020 15:05,Agree,Agree
2020/07/15,MT,2218,2218,0,266,0,34,34,0,0,0,7/16/2020 14:22,Agree,Agree
2020/07/16,MT,2342,2342,0,124,0,37,37,0,3,0,7/17/2020 14:31,Agree,Agree
2020/07/17,MT,2366,2366,0,24,0,37,37,0,0,0,7/18/2020 16:14,Agree,Agree
2020/07/18,MT,2471,2471,0,105,0,37,37,0,0,0,7/19/2020 15:05,Agree,Agree
2020/07/19,MT,2533,2533,0,62,0,37,37,0,0,0,7/20/2020 14:35,Agree,Agree
2020/07/20,MT,2621,2621,0,88,0,39,39,0,2,0,7/21/2020 14:50,Agree,Agree
2020/07/21,MT,2712,2712,0,91,0,40,40,0,1,0,7/22/2020 14:51,Agree,Agree
2020/07/22,MT,2909,2909,0,197,0,42,42,0,2,0,7/23/2020 14:48,Agree,Agree
2020/07/23,MT,3037,3037,0,128,0,45,45,0,3,0,7/24/2020 14:18,Agree,Agree
2020/07/24,MT,3247,3247,0,210,0,46,46,0,1,0,7/25/2020 17:40,Agree,Agree
2020/07/25,MT,3342,3342,0,95,0,46,46,0,0,0,7/26/2020 15:17,Agree,Agree
2020/07/26,MT,3381,3381,0,39,0,47,47,0,1,0,7/27/2020 14:16,Agree,Agree
2020/07/27,MT,3381,3381,0,0,0,47,47,0,0,0,7/28/2020 14:21,Agree,Agree
2020/07/28,MT,3667,3667,0,286,0,52,52,0,5,0,7/29/2020 14:34,Agree,Agree
2020/07/29,MT,3780,3780,0,113,0,55,55,0,3,0,7/30/2020 14:42,Agree,Agree
2020/07/30,MT,3954,3954,0,174,0,58,58,0,3,0,7/31/2020 14:35,Agree,Agree
2020/07/31,MT,3965,3965,0,11,0,60,60,0,2,0,8/1/2020 14:38,Agree,Agree
2020/08/01,MT,4081,4081,0,116,0,61,61,0,1,0,8/2/2020 14:54,Agree,Agree
2020/08/02,MT,4193,4193,0,112,0,61,61,0,0,0,8/3/2020 14:31,Agree,Agree
2020/08/03,MT,4314,4314,0,121,0,64,64,0,3,0,8/4/2020 14:09,Agree,Agree
2020/08/04,MT,4429,4429,0,115,0,65,65,0,1,0,8/5/2020 14:13,Agree,Agree
2020/08/05,MT,4593,4593,0,164,0,66,66,0,1,0,8/6/2020 14:12,Agree,Agree
2020/08/06,MT,4744,4744,0,151,0,70,70,0,4,0,8/7/2020 23:57,Agree,Agree
2020/08/07,MT,4888,4888,0,144,0,74,74,0,4,0,8/8/2020 14:58,Agree,Agree
2020/08/08,MT,4952,4952,0,64,0,75,75,0,1,0,8/9/2020 14:03,Agree,Agree
2020/08/09,MT,5017,5017,0,65,0,75,75,0,0,0,8/10/2020 14:23,Agree,Agree
2020/08/10,MT,5017,5017,0,0,0,75,75,0,0,0,8/11/2020 14:16,Agree,Agree
2020/08/11,MT,5289,5289,0,272,0,79,79,0,4,0,8/12/2020 13:50,Agree,Agree
2020/08/12,MT,5403,5403,0,114,0,79,79,0,0,0,8/13/2020 14:12,Agree,Agree
2020/08/13,MT,5539,5539,0,136,0,81,81,0,2,0,8/14/2020 14:30,Agree,Agree
2020/08/14,MT,5541,5541,0,2,0,81,81,0,0,0,8/15/2020 14:02,Agree,Agree
2020/08/15,MT,5659,5659,0,118,0,82,82,0,1,0,8/16/2020 14:57,Agree,Agree
2020/08/16,MT,5779,5779,0,120,0,82,82,0,0,0,8/17/2020 14:26,Agree,Agree
2020/08/17,MT,5847,5847,0,68,0,84,84,0,2,0,8/18/2020 14:26,Agree,Agree
2020/08/18,MT,5847,5847,0,0,0,84,84,0,0,0,8/19/2020 14:23,Agree,Agree
2020/08/19,MT,5956,5956,0,109,0,84,84,0,0,0,8/20/2020 15:11,Agree,Agree
2020/08/20,MT,6214,6214,0,258,0,89,89,0,5,0,8/21/2020 14:27,Agree,Agree
2020/08/21,MT,6216,6216,0,2,0,89,89,0,0,0,8/22/2020 14:21,Agree,Agree
2020/08/22,MT,6376,6376,0,160,0,90,90,0,1,0,8/23/2020 14:15,Agree,Agree
2020/08/23,MT,6490,6490,0,114,0,91,91,0,1,0,8/24/2020 13:54,Agree,Agree
2020/08/24,MT,6623,6623,0,133,0,97,97,0,6,0,8/25/2020 14:02,Agree,Agree
2020/08/25,MT,6785,6785,0,162,0,97,97,0,0,0,8/26/2020 13:51,Agree,Agree
2020/08/26,MT,6785,6785,0,0,0,98,98,0,1,0,8/27/2020 13:42,Agree,Agree
2020/08/27,MT,6929,6929,0,144,0,98,98,0,0,0,8/28/2020 13:43,Agree,Agree
2020/08/28,MT,7063,7063,0,134,0,100,100,0,2,0,8/29/2020 13:42,Agree,Agree
2020/08/29,MT,7251,7251,0,188,0,104,104,0,4,0,8/30/2020 14:49,Agree,Agree
2020/08/30,MT,7340,7340,0,89,0,104,104,0,0,0,8/31/2020 14:05,Agree,Agree
2020/08/31,MT,7493,7493,0,153,0,105,105,0,1,0,9/1/2020 14:09,Agree,Agree
2020/09/01,MT,7689,7689,0,196,0,108,108,0,3,0,9/2/2020 13:49,Agree,Agree
2020/09/02,MT,7867,7867,0,178,0,111,111,0,3,0,9/3/2020 14:18,Agree,Agree
2020/09/03,MT,8000,8000,0,133,0,111,111,0,0,0,9/4/2020 13:36,Agree,Agree
2020/09/04,MT,8019,8019,0,19,0,114,114,0,3,0,9/5/2020 14:09,Agree,Agree
2020/09/05,MT,8164,8164,0,145,0,116,116,0,2,0,9/6/2020 14:09,Agree,Agree
2020/09/06,MT,8264,8264,0,100,0,117,117,0,1,0,9/7/2020 13:37,Agree,Agree
2020/09/07,MT,8379,8379,0,115,0,118,118,0,1,0,9/8/2020 14:47,Agree,Agree
2020/09/08,MT,8381,8381,0,2,0,119,119,0,1,0,9/9/2020 13:47,Agree,Agree
2020/09/09,MT,8659,8659,0,278,0,119,119,0,0,0,9/10/2020 14:02,Agree,Agree
2020/09/10,MT,8663,8663,0,4,0,123,123,0,4,0,9/11/2020 13:51,Agree,Agree
2020/09/11,MT,8925,8925,0,262,0,133,133,0,10,0,9/12/2020 14:12,Agree,Agree
2020/09/12,MT,8925,8925,0,0,0,133,133,0,0,0,9/13/2020 16:17,Agree,Agree
2020/09/13,MT,9021,9021,0,96,0,135,135,0,2,0,9/14/2020 14:01,Agree,Agree
2020/09/14,MT,9107,9107,0,86,0,138,138,0,3,0,9/15/2020 14:03,Agree,Agree
2020/09/15,MT,9244,9244,0,137,0,140,140,0,2,0,9/16/2020 13:53,Agree,Agree
2020/09/16,MT,9431,9431,0,187,0,141,141,0,1,0,9/17/2020 13:45,Agree,Agree
2020/09/17,MT,9872,9872,0,441,0,144,144,0,3,0,9/18/2020 13:48,Agree,Agree
2020/09/18,MT,10164,10164,0,292,0,156,156,0,12,0,9/19/2020 14:00,Agree,Agree
2020/09/19,MT,10300,10300,0,136,0,157,157,0,1,0,9/20/2020 13:53,Agree,Agree
2020/09/20,MT,10427,10427,0,127,0,159,159,0,2,0,9/21/2020 13:47,Agree,Agree
2020/09/21,MT,10696,10696,0,269,0,162,162,0,3,0,9/22/2020 13:51,Agree,Agree
2020/09/22,MT,10900,10900,0,204,0,163,163,0,1,0,9/23/2020 13:51,Agree,Agree
2020/09/23,MT,11220,11220,0,320,0,165,165,0,2,0,9/24/2020 13:54,Agree,Agree
2020/09/24,MT,11548,11548,0,328,0,167,167,0,2,0,9/25/2020 13:54,Agree,Agree
2020/09/25,MT,11905,11905,0,357,0,168,168,0,1,0,9/26/2020 13:46,Agree,Agree
2020/01/22,AK,0,,,0,,0,,,0,,3/26/2020 16:22,N/A,N/A
2020/01/23,AK,0,,,0,,0,,,0,,3/26/2020 16:22,N/A,N/A
2020/01/24,AK,0,,,0,,0,,,0,,3/26/2020 16:22,N/A,N/A
2020/01/25,AK,0,,,0,,0,,,0,,3/26/2020 16:22,N/A,N/A
2020/01/26,AK,0,,,0,,0,,,0,,3/26/2020 16:22,N/A,N/A
2020/01/27,AK,0,,,0,,0,,,0,,3/26/2020 16:22,N/A,N/A
2020/01/28,AK,0,,,0,,0,,,0,,3/26/2020 16:22,N/A,N/A
2020/01/29,AK,0,,,0,,0,,,0,,3/26/2020 16:22,N/A,N/A
2020/01/30,AK,0,,,0,,0,,,0,,3/26/2020 16:22,N/A,N/A
2020/01/31,AK,0,,,0,,0,,,0,,3/26/2020 16:22,N/A,N/A
2020/02/01,AK,0,,,0,,0,,,0,,3/26/2020 16:22,N/A,N/A
2020/02/02,AK,0,,,0,,0,,,0,,3/26/2020 16:22,N/A,N/A
2020/02/03,AK,0,,,0,,0,,,0,,3/26/2020 16:22,N/A,N/A
2020/02/04,AK,0,,,0,,0,,,0,,3/26/2020 16:22,N/A,N/A
2020/02/05,AK,0,,,0,,0,,,0,,3/26/2020 16:22,N/A,N/A
2020/02/06,AK,0,,,0,,0,,,0,,3/26/2020 16:22,N/A,N/A
2020/02/07,AK,0,,,0,,0,,,0,,3/26/2020 16:22,N/A,N/A
2020/02/08,AK,0,,,0,,0,,,0,,3/26/2020 16:22,N/A,N/A
2020/02/09,AK,0,,,0,,0,,,0,,3/26/2020 16:22,N/A,N/A
2020/02/10,AK,0,,,0,,0,,,0,,3/26/2020 16:22,N/A,N/A
2020/02/11,AK,0,,,0,,0,,,0,,3/26/2020 16:22,N/A,N/A
2020/02/12,AK,0,,,0,,0,,,0,,3/26/2020 16:22,N/A,N/A
2020/02/13,AK,0,,,0,,0,,,0,,3/26/2020 16:22,N/A,N/A
2020/02/14,AK,0,,,0,,0,,,0,,3/26/2020 16:22,N/A,N/A
2020/02/15,AK,0,,,0,,0,,,0,,3/26/2020 16:22,N/A,N/A
2020/02/16,AK,0,,,0,,0,,,0,,3/26/2020 16:22,N/A,N/A
2020/02/17,AK,0,,,0,,0,,,0,,3/26/2020 16:22,N/A,N/A
2020/02/18,AK,0,,,0,,0,,,0,,3/26/2020 16:22,N/A,N/A
2020/02/19,AK,0,,,0,,0,,,0,,3/26/2020 16:22,N/A,N/A
2020/02/20,AK,0,,,0,,0,,,0,,3/26/2020 16:22,N/A,N/A
2020/02/21,AK,0,,,0,,0,,,0,,3/26/2020 16:22,N/A,N/A
2020/02/22,AK,0,,,0,,0,,,0,,3/26/2020 16:22,N/A,N/A
2020/02/23,AK,0,,,0,,0,,,0,,3/26/2020 16:22,N/A,N/A
2020/02/24,AK,0,,,0,,0,,,0,,3/26/2020 16:22,N/A,N/A
2020/02/25,AK,0,,,0,,0,,,0,,3/26/2020 16:22,N/A,N/A
2020/02/26,AK,0,,,0,,0,,,0,,3/26/2020 16:22,N/A,N/A
2020/02/27,AK,0,,,0,,0,,,0,,3/26/2020 16:22,N/A,N/A
2020/02/28,AK,0,,,0,,0,,,0,,3/26/2020 16:22,N/A,N/A
2020/02/29,AK,0,,,0,,0,,,0,,3/26/2020 16:22,N/A,N/A
2020/03/01,AK,0,,,0,,0,,,0,,3/26/2020 16:22,N/A,N/A
2020/03/02,AK,0,,,0,,0,,,0,,3/26/2020 16:22,N/A,N/A
2020/03/03,AK,0,,,0,,0,,,0,,3/26/2020 16:22,N/A,N/A
2020/03/04,AK,0,,,0,,0,,,0,,3/26/2020 16:22,N/A,N/A
2020/03/05,AK,0,,,0,,0,,,0,,3/26/2020 16:22,N/A,N/A
2020/03/06,AK,0,,,0,,0,,,0,,3/26/2020 16:22,N/A,N/A
2020/03/07,AK,0,,,0,,0,,,0,,3/26/2020 16:22,N/A,N/A
2020/03/08,AK,0,,,0,,0,,,0,,3/26/2020 16:22,N/A,N/A
2020/03/09,AK,0,,,0,,0,,,0,,3/26/2020 16:22,N/A,N/A
2020/03/10,AK,0,,,0,,0,,,0,,3/26/2020 16:22,N/A,N/A
2020/03/11,AK,0,,,0,,0,,,0,,3/26/2020 16:22,N/A,N/A
2020/03/12,AK,0,,,0,,0,,,0,,3/26/2020 16:22,N/A,N/A
2020/03/13,AK,1,,,1,,0,,,0,,3/26/2020 16:22,N/A,N/A
2020/03/14,AK,1,,,0,,0,,,0,,3/26/2020 16:22,N/A,N/A
2020/03/15,AK,1,,,0,,0,,,0,,3/26/2020 16:22,N/A,N/A
2020/03/16,AK,1,,,0,,0,,,0,,3/26/2020 16:22,N/A,N/A
2020/03/17,AK,3,,,2,,0,,,0,,3/26/2020 16:22,N/A,N/A
2020/03/18,AK,6,,,3,,0,,,0,,3/26/2020 16:22,N/A,N/A
2020/03/19,AK,9,,,3,,0,,,0,,3/26/2020 16:22,N/A,N/A
2020/03/20,AK,12,,,3,,0,,,0,,3/26/2020 16:22,N/A,N/A
2020/03/21,AK,14,,,2,,0,,,0,,3/26/2020 16:22,N/A,N/A
2020/03/22,AK,22,,,8,,0,,,0,,3/26/2020 16:22,N/A,N/A
2020/03/23,AK,36,,,14,,0,,,0,,3/26/2020 16:22,N/A,N/A
2020/03/24,AK,42,,,6,,1,,,1,,3/26/2020 16:22,N/A,N/A
2020/03/25,AK,59,,,17,,1,,,0,,3/26/2020 16:22,N/A,N/A
2020/03/26,AK,69,,,10,,1,,,0,,3/26/2020 16:22,N/A,N/A
2020/03/27,AK,85,,,16,,2,,,1,,3/26/2020 16:22,N/A,N/A
2020/03/28,AK,102,,,17,,2,,,0,,3/28/2020 16:22,N/A,N/A
2020/03/29,AK,114,,,12,,3,,,1,,3/28/2020 16:22,N/A,N/A
2020/03/30,AK,119,,,5,,3,,,0,,3/29/2020 16:22,N/A,N/A
2020/03/31,AK,133,,,14,,3,,,0,,3/30/2020 16:22,N/A,N/A
2020/04/01,AK,143,,,10,,3,,,0,,3/31/2020 16:22,N/A,N/A
2020/04/02,AK,147,,,4,,3,,,0,,4/1/2020 16:22,N/A,N/A
2020/04/03,AK,157,,,10,,3,,,0,,4/3/2020 16:22,N/A,N/A
2020/04/04,AK,171,,,14,,5,,,2,,4/3/2020 16:22,N/A,N/A
2020/04/05,AK,185,,,14,,6,,,1,,4/4/2020 16:22,N/A,N/A
2020/04/06,AK,191,,,6,,6,,,0,,4/5/2020 16:22,N/A,N/A
2020/04/07,AK,213,,,22,,6,,,0,,4/7/2020 16:22,N/A,N/A
2020/04/08,AK,226,,,13,,7,,,1,,4/7/2020 16:22,N/A,N/A
2020/04/09,AK,235,,,9,,7,,,0,,4/8/2020 16:22,N/A,N/A
2020/04/10,AK,246,,,11,,7,,,0,,4/9/2020 16:22,N/A,N/A
2020/04/11,AK,257,,,11,,8,,,1,,4/10/2020 16:22,N/A,N/A
2020/04/12,AK,272,,,15,,8,,,0,,4/11/2020 16:22,N/A,N/A
2020/04/13,AK,277,,,5,,8,,,0,,4/12/2020 16:22,N/A,N/A
2020/04/14,AK,285,,,8,,9,,,1,,4/13/2020 16:22,N/A,N/A
2020/04/15,AK,293,,,8,,9,,,0,,4/15/2020 16:22,N/A,N/A
2020/04/16,AK,300,,,7,,9,,,0,,4/16/2020 16:22,N/A,N/A
2020/04/17,AK,309,,,9,,9,,,0,,4/17/2020 16:22,N/A,N/A
2020/04/18,AK,314,,,5,,9,,,0,,4/18/2020 16:22,N/A,N/A
2020/04/19,AK,319,,,5,0,9,,,0,0,4/19/2020 16:22,N/A,N/A
2020/04/20,AK,321,,,2,0,9,,,0,0,4/20/2020 16:22,N/A,N/A
2020/04/21,AK,329,,,8,0,9,,,0,0,4/21/2020 16:22,N/A,N/A
2020/04/22,AK,335,,,6,0,9,,,0,0,4/22/2020 16:22,N/A,N/A
2020/04/23,AK,337,,,2,0,9,,,0,0,5/25/2020 15:38,N/A,N/A
2020/04/24,AK,339,,,2,0,9,,,0,0,5/25/2020 15:38,N/A,N/A
2020/04/25,AK,339,,,0,0,9,,,0,0,5/25/2020 15:38,N/A,N/A
2020/04/26,AK,341,,,2,0,9,,,0,0,5/25/2020 15:38,N/A,N/A
2020/04/27,AK,345,,,4,0,9,,,0,0,5/25/2020 15:38,N/A,N/A
2020/04/28,AK,351,,,6,0,9,,,0,0,4/29/2020 18:12,N/A,N/A
2020/04/29,AK,355,,,4,0,9,,,0,0,4/30/2020 16:07,N/A,N/A
2020/04/30,AK,355,,,0,0,9,,,0,0,5/1/2020 21:00,N/A,N/A
2020/05/01,AK,364,,,9,0,9,,,0,0,5/2/2020 15:47,N/A,N/A
2020/05/02,AK,365,,,1,0,9,,,0,0,5/3/2020 15:36,N/A,N/A
2020/05/03,AK,368,,,3,0,9,,,0,0,5/4/2020 22:49,N/A,N/A
2020/05/04,AK,370,,,2,0,9,,,0,0,5/5/2020 17:25,N/A,N/A
2020/05/05,AK,371,,,1,0,9,,,0,0,5/6/2020 16:23,N/A,N/A
2020/05/06,AK,372,,,1,0,10,,,1,0,5/7/2020 22:59,N/A,N/A
2020/05/07,AK,374,,,2,0,10,,,0,0,5/8/2020 21:26,N/A,N/A
2020/05/08,AK,377,,,3,0,10,,,0,0,5/9/2020 21:26,N/A,N/A
2020/05/09,AK,378,,,1,0,10,,,0,0,5/10/2020 21:26,N/A,N/A
2020/05/10,AK,379,,,1,0,10,,,0,0,5/11/2020 21:26,N/A,N/A
2020/05/11,AK,381,,,2,0,10,,,0,0,5/12/2020 17:26,N/A,N/A
2020/05/12,AK,383,,,2,0,10,,,0,0,5/13/2020 15:26,N/A,N/A
2020/05/13,AK,383,,,0,0,10,,,0,0,5/14/2020 17:25,N/A,N/A
2020/05/14,AK,387,,,4,0,10,,,0,0,5/15/2020 16:11,N/A,N/A
2020/05/15,AK,388,,,1,0,10,,,0,0,5/16/2020 15:46,N/A,N/A
2020/05/16,AK,392,,,4,0,10,,,0,0,5/17/2020 15:27,N/A,N/A
2020/05/17,AK,396,,,4,0,10,,,0,0,5/18/2020 16:01,N/A,N/A
2020/05/18,AK,399,,,3,0,10,,,0,0,5/19/2020 15:45,N/A,N/A
2020/05/19,AK,399,,,0,0,10,,,0,0,5/20/2020 15:28,N/A,N/A
2020/05/20,AK,402,,,3,0,10,,,0,0,5/21/2020 15:41,N/A,N/A
2020/05/21,AK,402,,,0,0,10,,,0,0,5/22/2020 15:31,N/A,N/A
2020/05/22,AK,404,,,2,0,10,,,0,0,5/23/2020 17:58,N/A,N/A
2020/05/23,AK,408,,,4,0,10,,,0,0,5/24/2020 14:15,N/A,N/A
2020/05/24,AK,408,,,0,0,10,,,0,0,5/25/2020 14:12,N/A,N/A
2020/05/25,AK,409,,,1,0,10,,,0,0,5/26/2020 14:23,N/A,N/A
2020/05/26,AK,411,,,2,0,10,,,0,0,5/27/2020 15:37,N/A,N/A
2020/05/27,AK,412,,,1,0,10,,,0,0,5/28/2020 15:12,N/A,N/A
2020/05/28,AK,425,,,13,0,10,,,0,0,5/29/2020 14:19,N/A,N/A
2020/05/29,AK,430,,,5,0,10,,,0,0,5/30/2020 15:47,N/A,N/A
2020/05/30,AK,434,,,4,0,10,,,0,0,5/31/2020 14:43,N/A,N/A
2020/05/31,AK,460,,,26,0,10,,,0,0,6/1/2020 14:17,N/A,N/A
2020/06/01,AK,467,,,7,0,10,,,0,0,6/2/2020 14:16,N/A,N/A
2020/06/02,AK,487,,,20,0,10,,,0,0,6/3/2020 14:11,N/A,N/A
2020/06/03,AK,505,,,18,0,10,,,0,0,6/4/2020 15:03,N/A,N/A
2020/06/04,AK,513,,,8,0,10,,,0,0,6/5/2020 15:17,N/A,N/A
2020/06/05,AK,524,,,11,0,10,,,0,0,6/6/2020 14:31,N/A,N/A
2020/06/06,AK,536,,,12,0,10,,,0,0,6/7/2020 14:23,N/A,N/A
2020/06/07,AK,544,,,8,0,10,,,0,0,6/8/2020 14:55,N/A,N/A
2020/06/08,AK,563,,,19,0,10,,,0,0,6/9/2020 16:49,N/A,N/A
2020/06/09,AK,573,,,10,0,11,,,1,0,6/10/2020 20:56,N/A,N/A
2020/06/10,AK,593,,,20,0,11,,,0,0,6/11/2020 14:48,N/A,N/A
2020/06/11,AK,610,,,17,0,11,,,0,0,6/12/2020 14:17,N/A,N/A
2020/06/12,AK,625,,,15,0,12,,,1,0,6/13/2020 17:46,N/A,N/A
2020/06/13,AK,654,,,29,0,12,,,0,0,6/14/2020 14:19,N/A,N/A
2020/06/14,AK,661,,,7,0,12,,,0,0,6/15/2020 14:33,N/A,N/A
2020/06/15,AK,664,,,3,0,12,,,0,0,6/16/2020 14:10,N/A,N/A
2020/06/16,AK,676,,,12,0,12,,,0,0,6/17/2020 15:06,N/A,N/A
2020/06/17,AK,696,,,20,0,12,,,0,0,6/18/2020 17:16,N/A,N/A
2020/06/18,AK,708,,,12,0,12,,,0,0,6/19/2020 15:01,N/A,N/A
2020/06/19,AK,723,,,15,0,12,,,0,0,6/20/2020 14:15,N/A,N/A
2020/06/20,AK,743,,,20,0,12,,,0,0,6/21/2020 14:32,N/A,N/A
2020/06/21,AK,755,,,12,0,12,,,0,0,6/22/2020 15:24,N/A,N/A
2020/06/22,AK,761,,,6,0,12,,,0,0,6/23/2020 14:28,N/A,N/A
2020/06/23,AK,778,,,17,0,12,,,0,0,6/24/2020 15:03,N/A,N/A
2020/06/24,AK,792,,,14,0,12,,,0,0,6/25/2020 14:07,N/A,N/A
2020/06/25,AK,816,,,24,0,12,,,0,0,6/26/2020 19:18,N/A,N/A
2020/06/26,AK,836,,,20,0,14,,,2,0,6/27/2020 17:51,N/A,N/A
2020/06/27,AK,854,,,18,0,14,,,0,0,6/28/2020 14:59,N/A,N/A
2020/06/28,AK,883,,,29,0,14,,,0,0,6/29/2020 14:37,N/A,N/A
2020/06/29,AK,904,,,21,0,14,,,0,0,6/30/2020 15:27,N/A,N/A
2020/06/30,AK,940,,,36,0,14,,,0,0,7/1/2020 15:45,N/A,N/A
2020/07/01,AK,978,,,38,0,14,,,0,0,7/2/2020 15:10,N/A,N/A
2020/07/02,AK,1017,,,39,0,14,,,0,0,7/3/2020 15:01,N/A,N/A
2020/07/03,AK,1063,,,46,0,15,,,1,0,7/4/2020 15:30,N/A,N/A
2020/07/04,AK,1111,,,48,0,16,,,1,0,7/5/2020 15:00,N/A,N/A
2020/07/05,AK,1138,,,27,0,16,,,0,0,7/6/2020 15:16,N/A,N/A
2020/07/06,AK,1166,,,28,0,16,,,0,0,7/7/2020 14:58,N/A,N/A
2020/07/07,AK,1184,,,18,0,17,,,1,0,7/8/2020 14:12,N/A,N/A
2020/07/08,AK,1226,,,42,0,17,,,0,0,7/9/2020 15:14,N/A,N/A
2020/07/09,AK,1272,,,46,0,17,,,0,0,7/10/2020 15:35,N/A,N/A
2020/07/10,AK,1323,,,51,0,17,,,0,0,7/11/2020 18:25,N/A,N/A
2020/07/11,AK,1385,,,62,0,17,,,0,0,7/12/2020 15:13,N/A,N/A
2020/07/12,AK,1479,,,94,0,17,,,0,0,7/13/2020 15:19,N/A,N/A
2020/07/13,AK,1539,,,60,0,17,,,0,0,7/14/2020 15:13,N/A,N/A
2020/07/14,AK,1579,,,40,0,17,,,0,0,7/15/2020 15:05,N/A,N/A
2020/07/15,AK,1631,,,52,0,17,,,0,0,7/16/2020 14:22,N/A,N/A
2020/07/16,AK,1693,,,62,0,17,,,0,0,7/17/2020 14:31,N/A,N/A
2020/07/17,AK,1733,,,40,0,17,,,0,0,7/18/2020 16:14,N/A,N/A
2020/07/18,AK,1795,,,62,0,18,,,1,0,7/19/2020 15:05,N/A,N/A
2020/07/19,AK,1874,,,79,0,18,,,0,0,7/20/2020 14:35,N/A,N/A
2020/07/20,AK,1949,,,75,0,18,,,0,0,7/21/2020 14:50,N/A,N/A
2020/07/21,AK,2041,,,92,0,18,,,0,0,7/22/2020 14:51,N/A,N/A
2020/07/22,AK,2132,,,91,0,19,,,1,0,7/23/2020 14:48,N/A,N/A
2020/07/23,AK,2192,,,60,0,19,,,0,0,7/24/2020 14:18,N/A,N/A
2020/07/24,AK,2249,,,57,0,19,,,0,0,7/25/2020 17:40,N/A,N/A
2020/07/25,AK,2338,,,89,0,20,,,1,0,7/26/2020 15:17,N/A,N/A
2020/07/26,AK,2524,,,186,0,20,,,0,0,7/27/2020 14:16,N/A,N/A
2020/07/27,AK,2622,,,98,0,21,,,1,0,7/28/2020 14:21,N/A,N/A
2020/07/28,AK,2729,,,107,0,22,,,1,0,7/29/2020 14:34,N/A,N/A
2020/07/29,AK,2797,,,68,0,22,,,0,0,7/30/2020 14:42,N/A,N/A
2020/07/30,AK,2878,,,81,0,23,,,1,0,7/31/2020 14:35,N/A,N/A
2020/07/31,AK,2990,,,112,0,23,,,0,0,8/1/2020 14:38,N/A,N/A
2020/08/01,AK,3136,,,146,0,24,,,1,0,8/2/2020 14:54,N/A,N/A
2020/08/02,AK,3280,,,144,0,24,,,0,0,8/3/2020 14:31,N/A,N/A
2020/08/03,AK,3341,,,61,0,25,,,1,0,8/4/2020 14:09,N/A,N/A
2020/08/04,AK,3394,,,53,0,25,,,0,0,8/5/2020 14:13,N/A,N/A
2020/08/05,AK,3449,,,55,0,25,,,0,0,8/6/2020 14:12,N/A,N/A
2020/08/06,AK,3484,,,35,0,25,,,0,0,8/7/2020 23:57,N/A,N/A
2020/08/07,AK,3536,,,52,0,25,,,0,0,8/8/2020 14:58,N/A,N/A
2020/08/08,AK,3613,,,77,0,26,,,1,0,8/9/2020 14:03,N/A,N/A
2020/08/09,AK,3711,,,98,0,26,,,0,0,8/10/2020 14:23,N/A,N/A
2020/08/10,AK,3775,,,64,0,26,,,0,0,8/11/2020 14:16,N/A,N/A
2020/08/11,AK,3821,,,46,0,26,,,0,0,8/12/2020 13:50,N/A,N/A
2020/08/12,AK,3881,,,60,0,27,,,1,0,8/13/2020 14:12,N/A,N/A
2020/08/13,AK,3963,,,82,0,27,,,0,0,8/14/2020 14:30,N/A,N/A
2020/08/14,AK,4073,,,110,0,27,,,0,0,8/15/2020 14:02,N/A,N/A
2020/08/15,AK,4156,,,83,0,28,,,1,0,8/16/2020 14:57,N/A,N/A
2020/08/16,AK,4259,,,103,0,28,,,0,0,8/17/2020 14:26,N/A,N/A
2020/08/17,AK,4309,,,50,0,28,,,0,0,8/18/2020 14:26,N/A,N/A
2020/08/18,AK,4371,,,62,0,29,,,1,0,8/19/2020 14:23,N/A,N/A
2020/08/19,AK,4438,,,67,0,29,,,0,0,8/20/2020 15:11,N/A,N/A
2020/08/20,AK,4520,,,82,0,29,,,0,0,8/21/2020 14:27,N/A,N/A
2020/08/21,AK,4588,,,68,0,30,,,1,0,8/22/2020 14:21,N/A,N/A
2020/08/22,AK,4677,,,89,0,31,,,1,0,8/23/2020 14:15,N/A,N/A
2020/08/23,AK,4741,,,64,0,32,,,1,0,8/24/2020 13:54,N/A,N/A
2020/08/24,AK,4810,,,69,0,32,,,0,0,8/25/2020 14:02,N/A,N/A
2020/08/25,AK,4843,,,33,0,36,,,4,0,8/26/2020 13:51,N/A,N/A
2020/08/26,AK,4895,,,52,0,37,,,1,0,8/27/2020 13:42,N/A,N/A
2020/08/27,AK,4975,,,80,0,37,,,0,0,8/28/2020 13:43,N/A,N/A
2020/08/28,AK,5092,,,117,0,37,,,0,0,8/29/2020 13:42,N/A,N/A
2020/08/29,AK,5182,,,90,0,37,,,0,0,8/30/2020 14:49,N/A,N/A
2020/08/30,AK,5226,,,44,0,37,,,0,0,8/31/2020 14:05,N/A,N/A
2020/08/31,AK,5263,,,37,0,37,,,0,0,9/1/2020 14:09,N/A,N/A
2020/09/01,AK,5298,,,35,0,39,,,2,0,9/2/2020 13:49,N/A,N/A
2020/09/02,AK,5364,,,66,0,39,,,0,0,9/3/2020 14:18,N/A,N/A
2020/09/03,AK,5466,,,102,0,40,,,1,0,9/4/2020 13:36,N/A,N/A
2020/09/04,AK,5586,,,120,0,40,,,0,0,9/5/2020 14:09,N/A,N/A
2020/09/05,AK,5679,,,93,0,42,,,2,0,9/6/2020 14:09,N/A,N/A
2020/09/06,AK,5765,,,86,0,42,,,0,0,9/7/2020 13:37,N/A,N/A
2020/09/07,AK,5798,,,33,0,42,,,0,0,9/8/2020 14:47,N/A,N/A
2020/09/08,AK,5833,,,35,0,42,,,0,0,9/9/2020 13:47,N/A,N/A
2020/09/09,AK,5896,,,63,0,42,,,0,0,9/10/2020 14:02,N/A,N/A
2020/09/10,AK,6020,,,124,0,42,,,0,0,9/11/2020 13:51,N/A,N/A
2020/09/11,AK,6113,,,93,0,43,,,1,0,9/12/2020 14:12,N/A,N/A
2020/09/12,AK,6216,,,103,0,44,,,1,0,9/13/2020 16:17,N/A,N/A
2020/09/13,AK,6278,,,62,0,44,,,0,0,9/14/2020 14:01,N/A,N/A
2020/09/14,AK,6353,,,75,0,44,,,0,0,9/15/2020 14:03,N/A,N/A
2020/09/15,AK,6395,,,42,0,44,,,0,0,9/16/2020 13:53,N/A,N/A
2020/09/16,AK,6444,,,49,0,44,,,0,0,9/17/2020 13:45,N/A,N/A
2020/09/17,AK,6549,,,105,0,44,,,0,0,9/18/2020 13:48,N/A,N/A
2020/09/18,AK,6658,,,109,0,45,,,1,0,9/19/2020 14:00,N/A,N/A
2020/09/19,AK,6743,,,85,0,45,,,0,0,9/20/2020 13:53,N/A,N/A
2020/09/20,AK,6836,,,93,0,45,,,0,0,9/21/2020 13:47,N/A,N/A
2020/09/21,AK,6906,,,70,0,45,,,0,0,9/22/2020 13:51,N/A,N/A
2020/09/22,AK,6950,,,44,0,45,,,0,0,9/23/2020 13:51,N/A,N/A
2020/09/23,AK,7004,,,54,0,45,,,0,0,9/24/2020 13:54,N/A,N/A
2020/09/24,AK,7132,,,128,0,46,,,1,0,9/25/2020 13:54,N/A,N/A
2020/09/25,AK,7254,,,122,0,52,,,6,0,9/26/2020 13:46,N/A,N/A
2020/01/22,VT,0,,,0,,0,,,0,,3/26/2020 16:22,Not agree,Not agree
2020/01/23,VT,0,,,0,,0,,,0,,3/26/2020 16:22,Not agree,Not agree
2020/01/24,VT,0,,,0,,0,,,0,,3/26/2020 16:22,Not agree,Not agree
2020/01/25,VT,0,,,0,,0,,,0,,3/26/2020 16:22,Not agree,Not agree
2020/01/26,VT,0,,,0,,0,,,0,,3/26/2020 16:22,Not agree,Not agree
2020/01/27,VT,0,,,0,,0,,,0,,3/26/2020 16:22,Not agree,Not agree
2020/01/28,VT,0,,,0,,0,,,0,,3/26/2020 16:22,Not agree,Not agree
2020/01/29,VT,0,,,0,,0,,,0,,3/26/2020 16:22,Not agree,Not agree
2020/01/30,VT,0,,,0,,0,,,0,,3/26/2020 16:22,Not agree,Not agree
2020/01/31,VT,0,,,0,,0,,,0,,3/26/2020 16:22,Not agree,Not agree
2020/02/01,VT,0,,,0,,0,,,0,,3/26/2020 16:22,Not agree,Not agree
2020/02/02,VT,0,,,0,,0,,,0,,3/26/2020 16:22,Not agree,Not agree
2020/02/03,VT,0,,,0,,0,,,0,,3/26/2020 16:22,Not agree,Not agree
2020/02/04,VT,0,,,0,,0,,,0,,3/26/2020 16:22,Not agree,Not agree
2020/02/05,VT,0,,,0,,0,,,0,,3/26/2020 16:22,Not agree,Not agree
2020/02/06,VT,0,,,0,,0,,,0,,3/26/2020 16:22,Not agree,Not agree
2020/02/07,VT,0,,,0,,0,,,0,,3/26/2020 16:22,Not agree,Not agree
2020/02/08,VT,0,,,0,,0,,,0,,3/26/2020 16:22,Not agree,Not agree
2020/02/09,VT,0,,,0,,0,,,0,,3/26/2020 16:22,Not agree,Not agree
2020/02/10,VT,0,,,0,,0,,,0,,3/26/2020 16:22,Not agree,Not agree
2020/02/11,VT,0,,,0,,0,,,0,,3/26/2020 16:22,Not agree,Not agree
2020/02/12,VT,0,,,0,,0,,,0,,3/26/2020 16:22,Not agree,Not agree
2020/02/13,VT,0,,,0,,0,,,0,,3/26/2020 16:22,Not agree,Not agree
2020/02/14,VT,0,,,0,,0,,,0,,3/26/2020 16:22,Not agree,Not agree
2020/02/15,VT,0,,,0,,0,,,0,,3/26/2020 16:22,Not agree,Not agree
2020/02/16,VT,0,,,0,,0,,,0,,3/26/2020 16:22,Not agree,Not agree
2020/02/17,VT,0,,,0,,0,,,0,,3/26/2020 16:22,Not agree,Not agree
2020/02/18,VT,0,,,0,,0,,,0,,3/26/2020 16:22,Not agree,Not agree
2020/02/19,VT,0,,,0,,0,,,0,,3/26/2020 16:22,Not agree,Not agree
2020/02/20,VT,0,,,0,,0,,,0,,3/26/2020 16:22,Not agree,Not agree
2020/02/21,VT,0,,,0,,0,,,0,,3/26/2020 16:22,Not agree,Not agree
2020/02/22,VT,0,,,0,,0,,,0,,3/26/2020 16:22,Not agree,Not agree
2020/02/23,VT,0,,,0,,0,,,0,,3/26/2020 16:22,Not agree,Not agree
2020/02/24,VT,0,,,0,,0,,,0,,3/26/2020 16:22,Not agree,Not agree
2020/02/25,VT,0,,,0,,0,,,0,,3/26/2020 16:22,Not agree,Not agree
2020/02/26,VT,0,,,0,,0,,,0,,3/26/2020 16:22,Not agree,Not agree
2020/02/27,VT,0,,,0,,0,,,0,,3/26/2020 16:22,Not agree,Not agree
2020/02/28,VT,0,,,0,,0,,,0,,3/26/2020 16:22,Not agree,Not agree
2020/02/29,VT,0,,,0,,0,,,0,,3/26/2020 16:22,Not agree,Not agree
2020/03/01,VT,0,,,0,,0,,,0,,3/26/2020 16:22,Not agree,Not agree
2020/03/02,VT,0,,,0,,0,,,0,,3/26/2020 16:22,Not agree,Not agree
2020/03/03,VT,0,,,0,,0,,,0,,3/26/2020 16:22,Not agree,Not agree
2020/03/04,VT,0,,,0,,0,,,0,,3/26/2020 16:22,Not agree,Not agree
2020/03/05,VT,0,,,0,,0,,,0,,3/26/2020 16:22,Not agree,Not agree
2020/03/06,VT,0,,,0,,0,,,0,,3/26/2020 16:22,Not agree,Not agree
2020/03/07,VT,0,,,0,,0,,,0,,3/26/2020 16:22,Not agree,Not agree
2020/03/08,VT,1,,,1,,0,,,0,,3/26/2020 16:22,Not agree,Not agree
2020/03/09,VT,1,,,0,,0,,,0,,3/26/2020 16:22,Not agree,Not agree
2020/03/10,VT,1,,,0,,0,,,0,,3/26/2020 16:22,Not agree,Not agree
2020/03/11,VT,1,,,0,,0,,,0,,3/26/2020 16:22,Not agree,Not agree
2020/03/12,VT,2,,,1,,0,,,0,,3/26/2020 16:22,Not agree,Not agree
2020/03/13,VT,2,,,0,,0,,,0,,3/26/2020 16:22,Not agree,Not agree
2020/03/14,VT,3,,,1,,0,,,0,,3/26/2020 16:22,Not agree,Not agree
2020/03/15,VT,4,,,1,,0,,,0,,3/26/2020 16:22,Not agree,Not agree
2020/03/16,VT,8,,,4,,0,,,0,,3/26/2020 16:22,Not agree,Not agree
2020/03/17,VT,10,,,2,,0,,,0,,3/26/2020 16:22,Not agree,Not agree
2020/03/18,VT,12,,,2,,0,,,0,,3/26/2020 16:22,Not agree,Not agree
2020/03/19,VT,16,,,4,,2,,,2,,3/26/2020 16:22,Not agree,Not agree
2020/03/20,VT,29,,,13,,2,,,0,,3/26/2020 16:22,Not agree,Not agree
2020/03/21,VT,49,,,20,,2,,,0,,3/26/2020 16:22,Not agree,Not agree
2020/03/22,VT,52,,,3,,2,,,0,,3/26/2020 16:22,Not agree,Not agree
2020/03/23,VT,75,,,23,,5,,,3,,3/26/2020 16:22,Not agree,Not agree
2020/03/24,VT,95,,,20,,7,,,2,,3/26/2020 16:22,Not agree,Not agree
2020/03/25,VT,123,,,28,,8,,,1,,3/26/2020 16:22,Not agree,Not agree
2020/03/26,VT,156,,,33,,8,,,0,,3/26/2020 16:22,Not agree,Not agree
2020/03/27,VT,184,,,28,,10,,,2,,3/26/2020 16:22,Not agree,Not agree
2020/03/28,VT,211,,,27,,12,,,2,,3/28/2020 16:22,Not agree,Not agree
2020/03/29,VT,235,,,24,,12,,,0,,3/28/2020 16:22,Not agree,Not agree
2020/03/30,VT,256,,,21,,12,,,0,,3/29/2020 16:22,Not agree,Not agree
2020/03/31,VT,293,,,37,,13,,,1,,3/30/2020 16:22,Not agree,Not agree
2020/04/01,VT,321,,,28,,16,,,3,,3/31/2020 16:22,Not agree,Not agree
2020/04/02,VT,338,,,17,,17,,,1,,4/1/2020 16:22,Not agree,Not agree
2020/04/03,VT,389,,,51,,17,,,0,,4/3/2020 16:22,Not agree,Not agree
2020/04/04,VT,461,,,72,,20,,,3,,4/3/2020 16:22,Not agree,Not agree
2020/04/05,VT,512,,,51,,22,,,2,,4/4/2020 16:22,Not agree,Not agree
2020/04/06,VT,543,,,31,,23,,,1,,4/5/2020 16:22,Not agree,Not agree
2020/04/07,VT,575,,,32,,23,,,0,,4/7/2020 16:22,Not agree,Not agree
2020/04/08,VT,605,,,30,,23,,,0,,4/7/2020 16:22,Not agree,Not agree
2020/04/09,VT,628,,,23,,23,,,0,,4/8/2020 16:22,Not agree,Not agree
2020/04/10,VT,679,,,51,,24,,,1,,4/9/2020 16:22,Not agree,Not agree
2020/04/11,VT,711,,,32,,25,,,1,,4/10/2020 16:22,Not agree,Not agree
2020/04/12,VT,727,,,16,,27,,,2,,4/11/2020 16:22,Not agree,Not agree
2020/04/13,VT,748,,,21,,28,,,1,,4/12/2020 16:22,Not agree,Not agree
2020/04/14,VT,750,,,2,,29,,,1,,4/13/2020 16:22,Not agree,Not agree
2020/04/15,VT,759,,,9,,30,,,1,,4/15/2020 16:22,Not agree,Not agree
2020/04/16,VT,768,,,9,,35,,,5,,4/16/2020 16:22,Not agree,Not agree
2020/04/17,VT,779,,,11,,35,,,0,,4/17/2020 16:22,Not agree,Not agree
2020/04/18,VT,803,,,24,,38,,,3,,4/18/2020 16:22,Not agree,Not agree
2020/04/19,VT,812,,,9,0,38,,,0,0,4/19/2020 16:22,Not agree,Not agree
2020/04/20,VT,816,,,4,0,38,,,0,0,4/20/2020 16:22,Not agree,Not agree
2020/04/21,VT,818,,,2,0,40,,,2,0,4/21/2020 16:22,Not agree,Not agree
2020/04/22,VT,823,,,5,0,40,,,0,0,4/22/2020 16:22,Not agree,Not agree
2020/04/23,VT,825,,,2,0,43,,,3,0,5/25/2020 15:38,Not agree,Not agree
2020/04/24,VT,827,,,2,0,44,,,1,0,5/25/2020 15:38,Not agree,Not agree
2020/04/25,VT,843,,,16,0,46,,,2,0,5/25/2020 15:38,Not agree,Not agree
2020/04/26,VT,851,,,8,0,46,,,0,0,5/25/2020 15:38,Not agree,Not agree
2020/04/27,VT,855,,,4,0,47,,,1,0,5/25/2020 15:38,Not agree,Not agree
2020/04/28,VT,862,,,7,0,47,,,0,0,4/29/2020 18:12,Not agree,Not agree
2020/04/29,VT,862,,,0,0,47,,,0,0,4/30/2020 16:07,Not agree,Not agree
2020/04/30,VT,866,,,4,0,49,,,2,0,5/1/2020 21:00,Not agree,Not agree
2020/05/01,VT,879,,,13,0,50,,,1,0,5/2/2020 15:47,Not agree,Not agree
2020/05/02,VT,886,,,7,0,51,,,1,0,5/3/2020 15:36,Not agree,Not agree
2020/05/03,VT,897,,,11,0,52,,,1,0,5/4/2020 22:49,Not agree,Not agree
2020/05/04,VT,902,,,5,0,52,,,0,0,5/5/2020 17:25,Not agree,Not agree
2020/05/05,VT,906,,,4,0,52,,,0,0,5/6/2020 16:23,Not agree,Not agree
2020/05/06,VT,908,,,2,0,52,,,0,0,5/7/2020 22:59,Not agree,Not agree
2020/05/07,VT,916,,,8,0,53,,,1,0,5/8/2020 21:26,Not agree,Not agree
2020/05/08,VT,918,,,2,0,53,,,0,0,5/9/2020 21:26,Not agree,Not agree
2020/05/09,VT,921,,,3,0,53,,,0,0,5/10/2020 21:26,Not agree,Not agree
2020/05/10,VT,927,,,6,0,53,,,0,0,5/11/2020 21:26,Not agree,Not agree
2020/05/11,VT,926,,,-1,0,53,,,0,0,5/12/2020 17:26,Not agree,Not agree
2020/05/12,VT,927,,,1,0,53,,,0,0,5/13/2020 15:26,Not agree,Not agree
2020/05/13,VT,929,,,2,0,53,,,0,0,5/14/2020 17:25,Not agree,Not agree
2020/05/14,VT,933,,,4,0,53,,,0,0,5/15/2020 16:11,Not agree,Not agree
2020/05/15,VT,933,,,0,0,53,,,0,0,5/16/2020 15:46,Not agree,Not agree
2020/05/16,VT,932,,,-1,0,53,,,0,0,5/17/2020 15:27,Not agree,Not agree
2020/05/17,VT,940,,,8,0,54,,,1,0,5/18/2020 16:01,Not agree,Not agree
2020/05/18,VT,940,,,0,0,54,,,0,0,5/19/2020 15:45,Not agree,Not agree
2020/05/19,VT,944,,,4,0,54,,,0,0,5/20/2020 15:28,Not agree,Not agree
2020/05/20,VT,945,,,1,0,54,,,0,0,5/21/2020 15:41,Not agree,Not agree
2020/05/21,VT,950,,,5,0,54,,,0,0,5/22/2020 15:31,Not agree,Not agree
2020/05/22,VT,952,,,2,0,54,,,0,0,5/23/2020 17:58,Not agree,Not agree
2020/05/23,VT,954,,,2,0,54,,,0,0,5/24/2020 14:15,Not agree,Not agree
2020/05/24,VT,956,,,2,0,54,,,0,0,5/25/2020 14:12,Not agree,Not agree
2020/05/25,VT,962,,,6,0,54,,,0,0,5/26/2020 14:23,Not agree,Not agree
2020/05/26,VT,967,,,5,0,54,,,0,0,5/27/2020 15:37,Not agree,Not agree
2020/05/27,VT,971,,,4,0,54,,,0,0,5/28/2020 15:12,Not agree,Not agree
2020/05/28,VT,974,,,3,0,55,,,1,0,5/29/2020 14:19,Not agree,Not agree
2020/05/29,VT,975,,,1,0,55,,,0,0,5/30/2020 15:47,Not agree,Not agree
2020/05/30,VT,977,,,2,0,55,,,0,0,5/31/2020 14:43,Not agree,Not agree
2020/05/31,VT,981,,,4,0,55,,,0,0,6/1/2020 14:17,Not agree,Not agree
2020/06/01,VT,983,,,2,0,55,,,0,0,6/2/2020 14:16,Not agree,Not agree
2020/06/02,VT,988,,,5,0,55,,,0,0,6/3/2020 14:11,Not agree,Not agree
2020/06/03,VT,990,,,2,0,55,,,0,0,6/4/2020 15:03,Not agree,Not agree
2020/06/04,VT,1025,,,35,0,55,,,0,0,6/5/2020 15:17,Not agree,Not agree
2020/06/05,VT,1027,,,2,0,55,,,0,0,6/6/2020 14:31,Not agree,Not agree
2020/06/06,VT,1045,,,18,0,55,,,0,0,6/7/2020 14:23,Not agree,Not agree
2020/06/07,VT,1063,,,18,0,55,,,0,0,6/8/2020 14:55,Not agree,Not agree
2020/06/08,VT,1075,,,12,0,55,,,0,0,6/9/2020 16:49,Not agree,Not agree
2020/06/09,VT,1084,,,9,0,55,,,0,0,6/10/2020 20:56,Not agree,Not agree
2020/06/10,VT,1094,,,10,0,55,,,0,0,6/11/2020 14:48,Not agree,Not agree
2020/06/11,VT,1109,,,15,0,55,,,0,0,6/12/2020 14:17,Not agree,Not agree
2020/06/12,VT,1119,,,10,0,55,,,0,0,6/13/2020 17:46,Not agree,Not agree
2020/06/13,VT,1125,,,6,0,55,,,0,0,6/14/2020 14:19,Not agree,Not agree
2020/06/14,VT,1127,,,2,0,55,,,0,0,6/15/2020 14:33,Not agree,Not agree
2020/06/15,VT,1128,,,1,0,55,,,0,0,6/16/2020 14:10,Not agree,Not agree
2020/06/16,VT,1130,,,2,0,55,,,0,0,6/17/2020 15:06,Not agree,Not agree
2020/06/17,VT,1129,,,-1,0,55,,,0,0,6/18/2020 17:16,Not agree,Not agree
2020/06/18,VT,1135,,,6,0,56,,,1,0,6/19/2020 15:01,Not agree,Not agree
2020/06/19,VT,1144,,,9,0,56,,,0,0,6/20/2020 14:15,Not agree,Not agree
2020/06/20,VT,1147,,,3,0,56,,,0,0,6/21/2020 14:32,Not agree,Not agree
2020/06/21,VT,1159,,,12,0,56,,,0,0,6/22/2020 15:24,Not agree,Not agree
2020/06/22,VT,1163,,,4,0,56,,,0,0,6/23/2020 14:28,Not agree,Not agree
2020/06/23,VT,1164,,,1,0,56,,,0,0,6/24/2020 15:03,Not agree,Not agree
2020/06/24,VT,1184,,,20,0,56,,,0,0,6/25/2020 14:07,Not agree,Not agree
2020/06/25,VT,1191,,,7,0,56,,,0,0,6/26/2020 19:18,Not agree,Not agree
2020/06/26,VT,1198,,,7,0,56,,,0,0,6/27/2020 17:51,Not agree,Not agree
2020/06/27,VT,1200,,,2,0,56,,,0,0,6/28/2020 14:59,Not agree,Not agree
2020/06/28,VT,1202,,,2,0,56,,,0,0,6/29/2020 14:37,Not agree,Not agree
2020/06/29,VT,1208,,,6,0,56,,,0,0,6/30/2020 15:27,Not agree,Not agree
2020/06/30,VT,1208,,,0,0,56,,,0,0,7/1/2020 15:45,Not agree,Not agree
2020/07/01,VT,1210,,,2,0,56,,,0,0,7/2/2020 15:10,Not agree,Not agree
2020/07/02,VT,1227,,,17,0,56,,,0,0,7/3/2020 15:01,Not agree,Not agree
2020/07/03,VT,1238,,,11,0,56,,,0,0,7/4/2020 15:30,Not agree,Not agree
2020/07/04,VT,1238,,,0,0,56,,,0,0,7/5/2020 15:00,Not agree,Not agree
2020/07/05,VT,1251,,,13,0,56,,,0,0,7/6/2020 15:16,Not agree,Not agree
2020/07/06,VT,1251,,,0,0,56,,,0,0,7/7/2020 14:58,Not agree,Not agree
2020/07/07,VT,1254,,,3,0,56,,,0,0,7/8/2020 14:12,Not agree,Not agree
2020/07/08,VT,1256,,,2,0,56,,,0,0,7/9/2020 15:14,Not agree,Not agree
2020/07/09,VT,1272,,,16,0,56,,,0,0,7/10/2020 15:35,Not agree,Not agree
2020/07/10,VT,1283,,,11,0,56,,,0,0,7/11/2020 18:25,Not agree,Not agree
2020/07/11,VT,1283,,,0,0,56,,,0,0,7/12/2020 15:13,Not agree,Not agree
2020/07/12,VT,1296,,,13,0,56,,,0,0,7/13/2020 15:19,Not agree,Not agree
2020/07/13,VT,1301,,,5,0,56,,,0,0,7/14/2020 15:13,Not agree,Not agree
2020/07/14,VT,1305,,,4,0,56,,,0,0,7/15/2020 15:05,Not agree,Not agree
2020/07/15,VT,1318,,,13,0,56,,,0,0,7/16/2020 14:22,Not agree,Not agree
2020/07/16,VT,1325,,,7,0,56,,,0,0,7/17/2020 14:31,Not agree,Not agree
2020/07/17,VT,1334,,,9,0,56,,,0,0,7/18/2020 16:14,Not agree,Not agree
2020/07/18,VT,1338,,,4,0,56,,,0,0,7/19/2020 15:05,Not agree,Not agree
2020/07/19,VT,1350,,,12,0,56,,,0,0,7/20/2020 14:35,Not agree,Not agree
2020/07/20,VT,1360,,,10,0,56,,,0,0,7/21/2020 14:50,Not agree,Not agree
2020/07/21,VT,1366,,,6,0,56,,,0,0,7/22/2020 14:51,Not agree,Not agree
2020/07/22,VT,1366,,,0,0,56,,,0,0,7/23/2020 14:48,Not agree,Not agree
2020/07/23,VT,1377,,,11,0,56,,,0,0,7/24/2020 14:18,Not agree,Not agree
2020/07/24,VT,1385,,,8,0,56,,,0,0,7/25/2020 17:40,Not agree,Not agree
2020/07/25,VT,1396,,,11,0,56,,,0,0,7/26/2020 15:17,Not agree,Not agree
2020/07/26,VT,1400,,,4,0,56,,,0,0,7/27/2020 14:16,Not agree,Not agree
2020/07/27,VT,1402,,,2,0,56,,,0,0,7/28/2020 14:21,Not agree,Not agree
2020/07/28,VT,1405,,,3,0,56,,,0,0,7/29/2020 14:34,Not agree,Not agree
2020/07/29,VT,1406,,,1,0,56,,,0,0,7/30/2020 14:42,Not agree,Not agree
2020/07/30,VT,1407,,,1,0,57,,,1,0,7/31/2020 14:35,Not agree,Not agree
2020/07/31,VT,1414,,,7,0,57,,,0,0,8/1/2020 14:38,Not agree,Not agree
2020/08/01,VT,1421,,,7,0,57,,,0,0,8/2/2020 14:54,Not agree,Not agree
2020/08/02,VT,1426,,,5,0,57,,,0,0,8/3/2020 14:31,Not agree,Not agree
2020/08/03,VT,1426,,,0,0,57,,,0,0,8/4/2020 14:09,Not agree,Not agree
2020/08/04,VT,1431,,,5,0,57,,,0,0,8/5/2020 14:13,Not agree,Not agree
2020/08/05,VT,1436,,,5,0,57,,,0,0,8/6/2020 14:12,Not agree,Not agree
2020/08/06,VT,1445,,,9,0,58,,,1,0,8/7/2020 23:57,Not agree,Not agree
2020/08/07,VT,1448,,,3,0,58,,,0,0,8/8/2020 14:58,Not agree,Not agree
2020/08/08,VT,1459,,,11,0,58,,,0,0,8/9/2020 14:03,Not agree,Not agree
2020/08/09,VT,1462,,,3,0,58,,,0,0,8/10/2020 14:23,Not agree,Not agree
2020/08/10,VT,1462,,,0,0,58,,,0,0,8/11/2020 14:16,Not agree,Not agree
2020/08/11,VT,1478,,,16,0,58,,,0,0,8/12/2020 13:50,Not agree,Not agree
2020/08/12,VT,1478,,,0,0,58,,,0,0,8/13/2020 14:12,Not agree,Not agree
2020/08/13,VT,1484,,,6,0,58,,,0,0,8/14/2020 14:30,Not agree,Not agree
2020/08/14,VT,1501,,,17,0,58,,,0,0,8/15/2020 14:02,Not agree,Not agree
2020/08/15,VT,1509,,,8,0,58,,,0,0,8/16/2020 14:57,Not agree,Not agree
2020/08/16,VT,1515,,,6,0,58,,,0,0,8/17/2020 14:26,Not agree,Not agree
2020/08/17,VT,1527,,,12,0,58,,,0,0,8/18/2020 14:26,Not agree,Not agree
2020/08/18,VT,1530,,,3,0,58,,,0,0,8/19/2020 14:23,Not agree,Not agree
2020/08/19,VT,1533,,,3,0,58,,,0,0,8/20/2020 15:11,Not agree,Not agree
2020/08/20,VT,1537,,,4,0,58,,,0,0,8/21/2020 14:27,Not agree,Not agree
2020/08/21,VT,1541,,,4,0,58,,,0,0,8/22/2020 14:21,Not agree,Not agree
2020/08/22,VT,1553,,,12,0,58,,,0,0,8/23/2020 14:15,Not agree,Not agree
2020/08/23,VT,1557,,,4,0,58,,,0,0,8/24/2020 13:54,Not agree,Not agree
2020/08/24,VT,1566,,,9,0,58,,,0,0,8/25/2020 14:02,Not agree,Not agree
2020/08/25,VT,1572,,,6,0,58,,,0,0,8/26/2020 13:51,Not agree,Not agree
2020/08/26,VT,1577,,,5,0,58,,,0,0,8/27/2020 13:42,Not agree,Not agree
2020/08/27,VT,1586,,,9,0,58,,,0,0,8/28/2020 13:43,Not agree,Not agree
2020/08/28,VT,1589,,,3,0,58,,,0,0,8/29/2020 13:42,Not agree,Not agree
2020/08/29,VT,1616,,,27,0,58,,,0,0,8/30/2020 14:49,Not agree,Not agree
2020/08/30,VT,1624,,,8,0,58,,,0,0,8/31/2020 14:05,Not agree,Not agree
2020/08/31,VT,1629,,,5,0,58,,,0,0,9/1/2020 14:09,Not agree,Not agree
2020/09/01,VT,1634,,,5,0,58,,,0,0,9/2/2020 13:49,Not agree,Not agree
2020/09/02,VT,1630,,,-4,0,58,,,0,0,9/3/2020 14:18,Not agree,Not agree
2020/09/03,VT,1632,,,2,0,58,,,0,0,9/4/2020 13:36,Not agree,Not agree
2020/09/04,VT,1642,,,10,0,58,,,0,0,9/5/2020 14:09,Not agree,Not agree
2020/09/05,VT,1647,,,5,0,58,,,0,0,9/6/2020 14:09,Not agree,Not agree
2020/09/06,VT,1648,,,1,0,58,,,0,0,9/7/2020 13:37,Not agree,Not agree
2020/09/07,VT,1651,,,3,0,58,,,0,0,9/8/2020 14:47,Not agree,Not agree
2020/09/08,VT,1654,,,3,0,58,,,0,0,9/9/2020 13:47,Not agree,Not agree
2020/09/09,VT,1661,,,7,0,58,,,0,0,9/10/2020 14:02,Not agree,Not agree
2020/09/10,VT,1661,,,0,0,58,,,0,0,9/11/2020 13:51,Not agree,Not agree
2020/09/11,VT,1681,,,20,0,58,,,0,0,9/12/2020 14:12,Not agree,Not agree
2020/09/12,VT,1677,,,-4,0,58,,,0,0,9/13/2020 16:17,Not agree,Not agree
2020/09/13,VT,1684,,,7,0,58,,,0,0,9/14/2020 14:01,Not agree,Not agree
2020/09/14,VT,1702,,,18,0,58,,,0,0,9/15/2020 14:03,Not agree,Not agree
2020/09/15,VT,1701,,,-1,0,58,,,0,0,9/16/2020 13:53,Not agree,Not agree
2020/09/16,VT,1702,,,1,0,58,,,0,0,9/17/2020 13:45,Not agree,Not agree
2020/09/17,VT,1704,,,2,0,58,,,0,0,9/18/2020 13:48,Not agree,Not agree
2020/09/18,VT,1706,,,2,0,58,,,0,0,9/19/2020 14:00,Not agree,Not agree
2020/09/19,VT,1710,,,4,0,58,,,0,0,9/20/2020 13:53,Not agree,Not agree
2020/09/20,VT,1715,,,5,0,58,,,0,0,9/21/2020 13:47,Not agree,Not agree
2020/09/21,VT,1721,,,6,0,58,,,0,0,9/22/2020 13:51,Not agree,Not agree
2020/09/22,VT,1721,,,0,0,58,,,0,0,9/23/2020 13:51,Not agree,Not agree
2020/09/23,VT,1722,,,1,0,58,,,0,0,9/24/2020 13:54,Not agree,Not agree
2020/09/24,VT,1731,,,9,0,58,,,0,0,9/25/2020 13:54,Not agree,Not agree
2020/09/25,VT,1739,,,8,0,58,,,0,0,9/26/2020 13:46,Not agree,Not agree
2020/01/22,GU,0,,,0,,0,,,0,,3/26/2020 16:22,Not agree,Not agree
2020/01/23,GU,0,,,0,,0,,,0,,3/26/2020 16:22,Not agree,Not agree
2020/01/24,GU,0,,,0,,0,,,0,,3/26/2020 16:22,Not agree,Not agree
2020/01/25,GU,0,,,0,,0,,,0,,3/26/2020 16:22,Not agree,Not agree
2020/01/26,GU,0,,,0,,0,,,0,,3/26/2020 16:22,Not agree,Not agree
2020/01/27,GU,0,,,0,,0,,,0,,3/26/2020 16:22,Not agree,Not agree
2020/01/28,GU,0,,,0,,0,,,0,,3/26/2020 16:22,Not agree,Not agree
2020/01/29,GU,0,,,0,,0,,,0,,3/26/2020 16:22,Not agree,Not agree
2020/01/30,GU,0,,,0,,0,,,0,,3/26/2020 16:22,Not agree,Not agree
2020/01/31,GU,0,,,0,,0,,,0,,3/26/2020 16:22,Not agree,Not agree
2020/02/01,GU,0,,,0,,0,,,0,,3/26/2020 16:22,Not agree,Not agree
2020/02/02,GU,0,,,0,,0,,,0,,3/26/2020 16:22,Not agree,Not agree
2020/02/03,GU,0,,,0,,0,,,0,,3/26/2020 16:22,Not agree,Not agree
2020/02/04,GU,0,,,0,,0,,,0,,3/26/2020 16:22,Not agree,Not agree
2020/02/05,GU,0,,,0,,0,,,0,,3/26/2020 16:22,Not agree,Not agree
2020/02/06,GU,0,,,0,,0,,,0,,3/26/2020 16:22,Not agree,Not agree
2020/02/07,GU,0,,,0,,0,,,0,,3/26/2020 16:22,Not agree,Not agree
2020/02/08,GU,0,,,0,,0,,,0,,3/26/2020 16:22,Not agree,Not agree
2020/02/09,GU,0,,,0,,0,,,0,,3/26/2020 16:22,Not agree,Not agree
2020/02/10,GU,0,,,0,,0,,,0,,3/26/2020 16:22,Not agree,Not agree
2020/02/11,GU,0,,,0,,0,,,0,,3/26/2020 16:22,Not agree,Not agree
2020/02/12,GU,0,,,0,,0,,,0,,3/26/2020 16:22,Not agree,Not agree
2020/02/13,GU,0,,,0,,0,,,0,,3/26/2020 16:22,Not agree,Not agree
2020/02/14,GU,0,,,0,,0,,,0,,3/26/2020 16:22,Not agree,Not agree
2020/02/15,GU,0,,,0,,0,,,0,,3/26/2020 16:22,Not agree,Not agree
2020/02/16,GU,0,,,0,,0,,,0,,3/26/2020 16:22,Not agree,Not agree
2020/02/17,GU,0,,,0,,0,,,0,,3/26/2020 16:22,Not agree,Not agree
2020/02/18,GU,0,,,0,,0,,,0,,3/26/2020 16:22,Not agree,Not agree
2020/02/19,GU,0,,,0,,0,,,0,,3/26/2020 16:22,Not agree,Not agree
2020/02/20,GU,0,,,0,,0,,,0,,3/26/2020 16:22,Not agree,Not agree
2020/02/21,GU,0,,,0,,0,,,0,,3/26/2020 16:22,Not agree,Not agree
2020/02/22,GU,0,,,0,,0,,,0,,3/26/2020 16:22,Not agree,Not agree
2020/02/23,GU,0,,,0,,0,,,0,,3/26/2020 16:22,Not agree,Not agree
2020/02/24,GU,0,,,0,,0,,,0,,3/26/2020 16:22,Not agree,Not agree
2020/02/25,GU,0,,,0,,0,,,0,,3/26/2020 16:22,Not agree,Not agree
2020/02/26,GU,0,,,0,,0,,,0,,3/26/2020 16:22,Not agree,Not agree
2020/02/27,GU,0,,,0,,0,,,0,,3/26/2020 16:22,Not agree,Not agree
2020/02/28,GU,0,,,0,,0,,,0,,3/26/2020 16:22,Not agree,Not agree
2020/02/29,GU,0,,,0,,0,,,0,,3/26/2020 16:22,Not agree,Not agree
2020/03/01,GU,0,,,0,,0,,,0,,3/26/2020 16:22,Not agree,Not agree
2020/03/02,GU,0,,,0,,0,,,0,,3/26/2020 16:22,Not agree,Not agree
2020/03/03,GU,0,,,0,,0,,,0,,3/26/2020 16:22,Not agree,Not agree
2020/03/04,GU,0,,,0,,0,,,0,,3/26/2020 16:22,Not agree,Not agree
2020/03/05,GU,0,,,0,,0,,,0,,3/26/2020 16:22,Not agree,Not agree
2020/03/06,GU,0,,,0,,0,,,0,,3/26/2020 16:22,Not agree,Not agree
2020/03/07,GU,0,,,0,,0,,,0,,3/26/2020 16:22,Not agree,Not agree
2020/03/08,GU,0,,,0,,0,,,0,,3/26/2020 16:22,Not agree,Not agree
2020/03/09,GU,0,,,0,,0,,,0,,3/26/2020 16:22,Not agree,Not agree
2020/03/10,GU,0,,,0,,0,,,0,,3/26/2020 16:22,Not agree,Not agree
2020/03/11,GU,0,,,0,,0,,,0,,3/26/2020 16:22,Not agree,Not agree
2020/03/12,GU,0,,,0,,0,,,0,,3/26/2020 16:22,Not agree,Not agree
2020/03/13,GU,0,,,0,,0,,,0,,3/26/2020 16:22,Not agree,Not agree
2020/03/14,GU,0,,,0,,0,,,0,,3/26/2020 16:22,Not agree,Not agree
2020/03/15,GU,3,,,3,,0,,,0,,3/26/2020 16:22,Not agree,Not agree
2020/03/16,GU,5,,,2,,0,,,0,,3/26/2020 16:22,Not agree,Not agree
2020/03/17,GU,5,,,0,,0,,,0,,3/26/2020 16:22,Not agree,Not agree
2020/03/18,GU,8,,,3,,0,,,0,,3/26/2020 16:22,Not agree,Not agree
2020/03/19,GU,12,,,4,,0,,,0,,3/26/2020 16:22,Not agree,Not agree
2020/03/20,GU,14,,,2,,0,,,0,,3/26/2020 16:22,Not agree,Not agree
2020/03/21,GU,14,,,0,,0,,,0,,3/26/2020 16:22,Not agree,Not agree
2020/03/22,GU,27,,,13,,1,,,1,,3/26/2020 16:22,Not agree,Not agree
2020/03/23,GU,30,,,3,,1,,,0,,3/26/2020 16:22,Not agree,Not agree
2020/03/24,GU,30,,,0,,1,,,0,,3/26/2020 16:22,Not agree,Not agree
2020/03/25,GU,38,,,8,,1,,,0,,3/26/2020 16:22,Not agree,Not agree
2020/03/26,GU,47,,,9,,1,,,0,,3/26/2020 16:22,Not agree,Not agree
2020/03/27,GU,51,,,4,,1,,,0,,3/26/2020 16:22,Not agree,Not agree
2020/03/28,GU,55,,,4,,1,,,0,,3/28/2020 16:22,Not agree,Not agree
2020/03/29,GU,58,,,3,,1,,,0,,3/28/2020 16:22,Not agree,Not agree
2020/03/30,GU,60,,,2,,1,,,0,,3/29/2020 16:22,Not agree,Not agree
2020/03/31,GU,71,,,11,,2,,,1,,3/30/2020 16:22,Not agree,Not agree
2020/04/01,GU,77,,,6,,3,,,1,,3/31/2020 16:22,Not agree,Not agree
2020/04/02,GU,82,,,5,,3,,,0,,4/1/2020 16:22,Not agree,Not agree
2020/04/03,GU,84,,,2,,4,,,1,,4/3/2020 16:22,Not agree,Not agree
2020/04/04,GU,93,,,9,,4,,,0,,4/3/2020 16:22,Not agree,Not agree
2020/04/05,GU,110,,,17,,4,,,0,,4/4/2020 16:22,Not agree,Not agree
2020/04/06,GU,111,,,1,,4,,,0,,4/5/2020 16:22,Not agree,Not agree
2020/04/07,GU,122,,,11,,4,,,0,,4/7/2020 16:22,Not agree,Not agree
2020/04/08,GU,123,,,1,,4,,,0,,4/7/2020 16:22,Not agree,Not agree
2020/04/09,GU,128,,,5,,4,,,0,,4/8/2020 16:22,Not agree,Not agree
2020/04/10,GU,130,,,2,,4,,,0,,4/9/2020 16:22,Not agree,Not agree
2020/04/11,GU,133,,,3,,5,,,1,,4/10/2020 16:22,Not agree,Not agree
2020/04/12,GU,133,,,0,,5,,,0,,4/11/2020 16:22,Not agree,Not agree
2020/04/13,GU,135,,,2,3,5,,,0,,4/12/2020 16:22,Not agree,Not agree
2020/04/14,GU,135,,,0,,5,,,0,,4/13/2020 16:22,Not agree,Not agree
2020/04/15,GU,135,,,0,,5,,,0,,4/15/2020 16:22,Not agree,Not agree
2020/04/16,GU,135,,,0,3,5,,,0,0,4/16/2020 16:22,Not agree,Not agree
2020/04/17,GU,136,,,1,0,5,,,0,0,4/17/2020 16:22,Not agree,Not agree
2020/04/18,GU,136,,,0,0,5,,,0,0,4/18/2020 16:22,Not agree,Not agree
2020/04/19,GU,136,,,0,0,5,,,0,0,4/19/2020 16:22,Not agree,Not agree
2020/04/20,GU,136,,,0,0,5,,,0,0,4/20/2020 16:22,Not agree,Not agree
2020/04/21,GU,136,,,0,0,5,,,0,0,4/21/2020 16:22,Not agree,Not agree
2020/04/22,GU,138,,,2,0,5,,,0,0,4/22/2020 16:22,Not agree,Not agree
2020/04/23,GU,140,,,2,1,5,,,0,0,5/25/2020 15:38,Not agree,Not agree
2020/04/24,GU,141,,,1,0,5,,,0,0,5/25/2020 15:38,Not agree,Not agree
2020/04/25,GU,141,,,0,0,5,,,0,0,5/25/2020 15:38,Not agree,Not agree
2020/04/26,GU,142,,,1,0,5,,,0,0,5/25/2020 15:38,Not agree,Not agree
2020/04/27,GU,144,,,2,0,5,,,0,0,5/25/2020 15:38,Not agree,Not agree
2020/04/28,GU,145,,,1,0,5,,,0,0,4/29/2020 18:12,Not agree,Not agree
2020/04/29,GU,145,,,0,0,5,,,0,0,4/30/2020 16:07,Not agree,Not agree
2020/04/30,GU,146,,,1,0,5,,,0,0,5/1/2020 21:00,Not agree,Not agree
2020/05/01,GU,146,,,0,0,5,,,0,0,5/2/2020 15:47,Not agree,Not agree
2020/05/02,GU,148,,,2,0,5,,,0,0,5/3/2020 15:36,Not agree,Not agree
2020/05/03,GU,149,,,1,0,5,,,0,0,5/4/2020 22:49,Not agree,Not agree
2020/05/04,GU,149,,,0,0,5,,,0,0,5/5/2020 17:25,Not agree,Not agree
2020/05/05,GU,149,,,0,0,5,,,0,0,5/6/2020 16:23,Not agree,Not agree
2020/05/06,GU,155,,,6,0,5,,,0,0,5/7/2020 22:59,Not agree,Not agree
2020/05/07,GU,151,,,-4,0,5,,,0,0,5/8/2020 21:26,Not agree,Not agree
2020/05/08,GU,151,,,0,0,5,,,0,0,5/9/2020 21:26,Not agree,Not agree
2020/05/09,GU,151,,,0,0,5,,,0,0,5/10/2020 21:26,Not agree,Not agree
2020/05/10,GU,151,,,0,0,5,,,0,0,5/11/2020 21:26,Not agree,Not agree
2020/05/11,GU,152,,,1,0,5,,,0,0,5/12/2020 17:26,Not agree,Not agree
2020/05/12,GU,152,,,0,0,5,,,0,0,5/13/2020 15:26,Not agree,Not agree
2020/05/13,GU,151,,,-1,0,5,,,0,0,5/14/2020 17:25,Not agree,Not agree
2020/05/14,GU,154,,,3,1,5,,,0,0,5/15/2020 16:11,Not agree,Not agree
2020/05/15,GU,154,,,0,0,5,,,0,0,5/16/2020 15:46,Not agree,Not agree
2020/05/16,GU,154,,,0,0,5,,,0,0,5/17/2020 15:27,Not agree,Not agree
2020/05/17,GU,154,,,0,0,5,,,0,0,5/18/2020 16:01,Not agree,Not agree
2020/05/18,GU,154,,,0,0,5,,,0,0,5/19/2020 15:45,Not agree,Not agree
2020/05/19,GU,154,,,0,0,5,,,0,0,5/20/2020 15:28,Not agree,Not agree
2020/05/20,GU,165,,,11,0,5,,,0,0,5/21/2020 15:41,Not agree,Not agree
2020/05/21,GU,165,,,0,0,5,,,0,0,5/22/2020 15:31,Not agree,Not agree
2020/05/22,GU,165,,,0,0,5,,,0,0,5/23/2020 17:58,Not agree,Not agree
2020/05/23,GU,166,,,1,0,5,,,0,0,5/24/2020 14:15,Not agree,Not agree
2020/05/24,GU,166,,,0,0,5,,,0,0,5/25/2020 14:12,Not agree,Not agree
2020/05/25,GU,167,,,1,1,5,,,0,0,5/26/2020 14:23,Not agree,Not agree
2020/05/26,GU,170,,,3,1,5,,,0,0,5/27/2020 15:37,Not agree,Not agree
2020/05/27,GU,171,,,1,0,5,,,0,0,5/28/2020 15:12,Not agree,Not agree
2020/05/28,GU,172,,,1,0,5,,,0,0,5/29/2020 14:19,Not agree,Not agree
2020/05/29,GU,172,,,0,0,5,,,0,0,5/30/2020 15:47,Not agree,Not agree
2020/05/30,GU,172,,,0,0,5,,,0,0,5/31/2020 14:43,Not agree,Not agree
2020/05/31,GU,175,,,3,1,5,,,0,0,6/1/2020 14:17,Not agree,Not agree
2020/06/01,GU,175,,,0,0,5,,,0,0,6/2/2020 14:16,Not agree,Not agree
2020/06/02,GU,177,,,2,0,5,,,0,0,6/3/2020 14:11,Not agree,Not agree
2020/06/03,GU,179,,,2,0,5,,,0,0,6/4/2020 15:03,Not agree,Not agree
2020/06/04,GU,179,,,0,0,5,,,0,0,6/5/2020 15:17,Not agree,Not agree
2020/06/05,GU,179,,,0,0,5,,,0,0,6/6/2020 14:31,Not agree,Not agree
2020/06/06,GU,179,,,0,0,5,,,0,0,6/7/2020 14:23,Not agree,Not agree
2020/06/07,GU,179,,,0,0,5,,,0,0,6/8/2020 14:55,Not agree,Not agree
2020/06/08,GU,180,,,1,0,5,,,0,0,6/9/2020 16:49,Not agree,Not agree
2020/06/09,GU,180,,,0,0,5,,,0,0,6/10/2020 20:56,Not agree,Not agree
2020/06/10,GU,183,,,3,0,5,,,0,0,6/11/2020 14:48,Not agree,Not agree
2020/06/11,GU,182,,,-1,0,5,,,0,0,6/12/2020 14:17,Not agree,Not agree
2020/06/12,GU,182,,,0,0,5,,,0,0,6/13/2020 17:46,Not agree,Not agree
2020/06/13,GU,182,,,0,0,5,,,0,0,6/14/2020 14:19,Not agree,Not agree
2020/06/14,GU,185,,,3,0,5,,,0,0,6/15/2020 14:33,Not agree,Not agree
2020/06/15,GU,186,,,1,0,5,,,0,0,6/16/2020 14:10,Not agree,Not agree
2020/06/16,GU,188,,,2,0,5,,,0,0,6/17/2020 15:06,Not agree,Not agree
2020/06/17,GU,192,,,4,0,5,,,0,0,6/18/2020 17:16,Not agree,Not agree
2020/06/18,GU,200,,,8,0,5,,,0,0,6/19/2020 15:01,Not agree,Not agree
2020/06/19,GU,222,,,22,0,5,,,0,0,6/20/2020 14:15,Not agree,Not agree
2020/06/20,GU,222,,,0,0,5,,,0,0,6/21/2020 14:32,Not agree,Not agree
2020/06/21,GU,222,,,0,0,5,,,0,0,6/22/2020 15:24,Not agree,Not agree
2020/06/22,GU,225,,,3,0,5,,,0,0,6/23/2020 14:28,Not agree,Not agree
2020/06/23,GU,226,,,1,0,5,,,0,0,6/24/2020 15:03,Not agree,Not agree
2020/06/24,GU,231,,,5,0,5,,,0,0,6/25/2020 14:07,Not agree,Not agree
2020/06/25,GU,247,,,16,0,5,,,0,0,6/26/2020 19:18,Not agree,Not agree
2020/06/26,GU,247,,,0,0,5,,,0,0,6/27/2020 17:51,Not agree,Not agree
2020/06/27,GU,247,,,0,0,5,,,0,0,6/28/2020 14:59,Not agree,Not agree
2020/06/28,GU,253,,,6,0,5,,,0,0,6/29/2020 14:37,Not agree,Not agree
2020/06/29,GU,257,,,4,0,5,,,0,0,6/30/2020 15:27,Not agree,Not agree
2020/06/30,GU,267,,,10,0,5,,,0,0,7/1/2020 15:45,Not agree,Not agree
2020/07/01,GU,280,,,13,0,5,,,0,0,7/2/2020 15:10,Not agree,Not agree
2020/07/02,GU,286,,,6,0,5,,,0,0,7/3/2020 15:01,Not agree,Not agree
2020/07/03,GU,286,,,0,0,5,,,0,0,7/4/2020 15:30,Not agree,Not agree
2020/07/04,GU,290,,,4,0,5,,,0,0,7/5/2020 15:00,Not agree,Not agree
2020/07/05,GU,301,,,11,0,5,,,0,0,7/6/2020 15:16,Not agree,Not agree
2020/07/06,GU,303,,,2,0,5,,,0,0,7/7/2020 14:58,Not agree,Not agree
2020/07/07,GU,307,,,4,0,5,,,0,0,7/8/2020 14:12,Not agree,Not agree
2020/07/08,GU,309,,,2,0,5,,,0,0,7/9/2020 15:14,Not agree,Not agree
2020/07/09,GU,310,,,1,0,5,,,0,0,7/10/2020 15:35,Not agree,Not agree
2020/07/10,GU,312,,,2,0,5,,,0,0,7/11/2020 18:25,Not agree,Not agree
2020/07/11,GU,312,,,0,0,5,,,0,0,7/12/2020 15:13,Not agree,Not agree
2020/07/12,GU,312,,,0,0,5,,,0,0,7/13/2020 15:19,Not agree,Not agree
2020/07/13,GU,312,,,0,0,5,,,0,0,7/14/2020 15:13,Not agree,Not agree
2020/07/14,GU,313,,,1,0,5,,,0,0,7/15/2020 15:05,Not agree,Not agree
2020/07/15,GU,314,,,1,0,5,,,0,0,7/16/2020 14:22,Not agree,Not agree
2020/07/16,GU,314,,,0,0,5,,,0,0,7/17/2020 14:31,Not agree,Not agree
2020/07/17,GU,317,,,3,0,5,,,0,0,7/18/2020 16:14,Not agree,Not agree
2020/07/18,GU,318,,,1,0,5,,,0,0,7/19/2020 15:05,Not agree,Not agree
2020/07/19,GU,319,,,1,0,5,,,0,0,7/20/2020 14:35,Not agree,Not agree
2020/07/20,GU,329,,,10,0,5,,,0,0,7/21/2020 14:50,Not agree,Not agree
2020/07/21,GU,330,,,1,0,5,,,0,0,7/22/2020 14:51,Not agree,Not agree
2020/07/22,GU,332,,,2,0,5,,,0,0,7/23/2020 14:48,Not agree,Not agree
2020/07/23,GU,337,,,5,0,5,,,0,0,7/24/2020 14:18,Not agree,Not agree
2020/07/24,GU,337,,,0,0,5,,,0,0,7/25/2020 17:40,Not agree,Not agree
2020/07/25,GU,337,,,0,0,5,,,0,0,7/26/2020 15:17,Not agree,Not agree
2020/07/26,GU,346,,,9,0,5,,,0,0,7/27/2020 14:16,Not agree,Not agree
2020/07/27,GU,349,,,3,0,5,,,0,0,7/28/2020 14:21,Not agree,Not agree
2020/07/28,GU,351,,,2,0,5,,,0,0,7/29/2020 14:34,Not agree,Not agree
2020/07/29,GU,354,,,3,0,5,,,0,0,7/30/2020 14:42,Not agree,Not agree
2020/07/30,GU,356,,,2,0,5,,,0,0,7/31/2020 14:35,Not agree,Not agree
2020/07/31,GU,356,,,0,0,5,,,0,0,8/1/2020 14:38,Not agree,Not agree
2020/08/01,GU,356,,,0,0,5,,,0,0,8/2/2020 14:54,Not agree,Not agree
2020/08/02,GU,368,,,12,0,5,,,0,0,8/3/2020 14:31,Not agree,Not agree
2020/08/03,GU,375,,,7,0,5,,,0,0,8/4/2020 14:09,Not agree,Not agree
2020/08/04,GU,389,,,14,0,5,,,0,0,8/5/2020 14:13,Not agree,Not agree
2020/08/05,GU,397,,,8,0,5,,,0,0,8/6/2020 14:12,Not agree,Not agree
2020/08/06,GU,411,,,14,0,5,,,0,0,8/7/2020 23:57,Not agree,Not agree
2020/08/07,GU,411,,,0,0,5,,,0,0,8/8/2020 14:58,Not agree,Not agree
2020/08/08,GU,411,,,0,0,5,,,0,0,8/9/2020 14:03,Not agree,Not agree
2020/08/09,GU,418,,,7,0,5,,,0,0,8/10/2020 14:23,Not agree,Not agree
2020/08/10,GU,434,,,16,0,5,,,0,0,8/11/2020 14:16,Not agree,Not agree
2020/08/11,GU,449,,,15,0,5,,,0,0,8/12/2020 13:50,Not agree,Not agree
2020/08/12,GU,477,,,28,0,5,,,0,0,8/13/2020 14:12,Not agree,Not agree
2020/08/13,GU,502,,,25,0,5,,,0,0,8/14/2020 14:30,Not agree,Not agree
2020/08/14,GU,502,,,0,0,5,,,0,0,8/15/2020 14:02,Not agree,Not agree
2020/08/15,GU,502,,,0,0,5,,,0,0,8/16/2020 14:57,Not agree,Not agree
2020/08/16,GU,558,,,56,0,5,,,0,0,8/17/2020 14:26,Not agree,Not agree
2020/08/17,GU,577,,,19,0,5,,,0,0,8/18/2020 14:26,Not agree,Not agree
2020/08/18,GU,599,,,22,0,5,,,0,0,8/19/2020 14:23,Not agree,Not agree
2020/08/19,GU,599,,,0,0,5,,,0,0,8/20/2020 15:11,Not agree,Not agree
2020/08/20,GU,767,,,168,0,6,,,1,0,8/21/2020 14:27,Not agree,Not agree
2020/08/21,GU,767,,,0,0,6,,,0,0,8/22/2020 14:21,Not agree,Not agree
2020/08/22,GU,767,,,0,0,6,,,0,0,8/23/2020 14:15,Not agree,Not agree
2020/08/23,GU,907,,,140,0,7,,,1,0,8/24/2020 13:54,Not agree,Not agree
2020/08/24,GU,984,,,77,0,7,,,0,0,8/25/2020 14:02,Not agree,Not agree
2020/08/25,GU,984,,,0,0,7,,,0,0,8/26/2020 13:51,Not agree,Not agree
2020/08/26,GU,1232,,,248,0,9,,,2,0,8/27/2020 13:42,Not agree,Not agree
2020/08/27,GU,1240,,,8,0,9,,,0,0,8/28/2020 13:43,Not agree,Not agree
2020/08/28,GU,1287,,,47,0,10,,,1,0,8/29/2020 13:42,Not agree,Not agree
2020/08/29,GU,1287,,,0,0,10,,,0,0,8/30/2020 14:49,Not agree,Not agree
2020/08/30,GU,1395,,,108,0,10,,,0,0,8/31/2020 14:05,Not agree,Not agree
2020/08/31,GU,1447,,,52,0,13,,,3,0,9/1/2020 14:09,Not agree,Not agree
2020/09/01,GU,1447,,,0,0,13,,,0,0,9/2/2020 13:49,Not agree,Not agree
2020/09/02,GU,1560,,,113,-8,13,,,0,0,9/3/2020 14:18,Not agree,Not agree
2020/09/03,GU,1619,,,59,0,13,,,0,0,9/4/2020 13:36,Not agree,Not agree
2020/09/04,GU,1619,,,0,0,14,,,1,0,9/5/2020 14:09,Not agree,Not agree
2020/09/05,GU,1619,,,0,0,14,,,0,0,9/6/2020 14:09,Not agree,Not agree
2020/09/06,GU,1619,,,0,0,14,,,0,0,9/7/2020 13:37,Not agree,Not agree
2020/09/07,GU,1619,,,0,0,14,,,0,0,9/8/2020 14:47,Not agree,Not agree
2020/09/08,GU,1713,,,94,0,19,,,5,0,9/9/2020 13:47,Not agree,Not agree
2020/09/09,GU,1846,,,133,0,21,,,2,0,9/10/2020 14:02,Not agree,Not agree
2020/09/10,GU,1863,,,17,0,23,,,2,0,9/11/2020 13:51,Not agree,Not agree
2020/09/11,GU,1863,,,0,0,23,,,0,0,9/12/2020 14:12,Not agree,Not agree
2020/09/12,GU,1863,,,0,0,23,,,0,0,9/13/2020 16:17,Not agree,Not agree
2020/09/13,GU,1863,,,0,0,23,,,0,0,9/14/2020 14:01,Not agree,Not agree
2020/09/14,GU,1927,,,64,0,26,,,3,0,9/15/2020 14:03,Not agree,Not agree
2020/09/15,GU,1966,,,39,0,28,,,2,0,9/16/2020 13:53,Not agree,Not agree
2020/09/16,GU,2045,,,79,0,30,,,2,0,9/17/2020 13:45,Not agree,Not agree
2020/09/17,GU,2074,,,29,0,31,,,1,0,9/18/2020 13:48,Not agree,Not agree
2020/09/18,GU,2074,,,0,0,31,,,0,0,9/19/2020 14:00,Not agree,Not agree
2020/09/19,GU,2074,,,0,0,31,,,0,0,9/20/2020 13:53,Not agree,Not agree
2020/09/20,GU,2074,,,0,0,31,,,0,0,9/21/2020 13:47,Not agree,Not agree
2020/09/21,GU,2147,,,73,0,35,,,4,0,9/22/2020 13:51,Not agree,Not agree
2020/09/22,GU,2190,,,43,0,37,,,2,0,9/23/2020 13:51,Not agree,Not agree
2020/09/23,GU,2263,,,73,0,38,,,1,0,9/24/2020 13:54,Not agree,Not agree
2020/09/24,GU,2286,,,23,0,39,,,1,0,9/25/2020 13:54,Not agree,Not agree
2020/09/25,GU,2286,,,0,0,39,,,0,0,9/26/2020 13:46,Not agree,Not agree
2020/01/22,VI,0,,,0,,0,,,0,,3/26/2020 16:22,,
2020/01/23,VI,0,,,0,,0,,,0,,3/26/2020 16:22,,
2020/01/24,VI,0,,,0,,0,,,0,,3/26/2020 16:22,,
2020/01/25,VI,0,,,0,,0,,,0,,3/26/2020 16:22,,
2020/01/26,VI,0,,,0,,0,,,0,,3/26/2020 16:22,,
2020/01/27,VI,0,,,0,,0,,,0,,3/26/2020 16:22,,
2020/01/28,VI,0,,,0,,0,,,0,,3/26/2020 16:22,,
2020/01/29,VI,0,,,0,,0,,,0,,3/26/2020 16:22,,
2020/01/30,VI,0,,,0,,0,,,0,,3/26/2020 16:22,,
2020/01/31,VI,0,,,0,,0,,,0,,3/26/2020 16:22,,
2020/02/01,VI,0,,,0,,0,,,0,,3/26/2020 16:22,,
2020/02/02,VI,0,,,0,,0,,,0,,3/26/2020 16:22,,
2020/02/03,VI,0,,,0,,0,,,0,,3/26/2020 16:22,,
2020/02/04,VI,0,,,0,,0,,,0,,3/26/2020 16:22,,
2020/02/05,VI,0,,,0,,0,,,0,,3/26/2020 16:22,,
2020/02/06,VI,0,,,0,,0,,,0,,3/26/2020 16:22,,
2020/02/07,VI,0,,,0,,0,,,0,,3/26/2020 16:22,,
2020/02/08,VI,0,,,0,,0,,,0,,3/26/2020 16:22,,
2020/02/09,VI,0,,,0,,0,,,0,,3/26/2020 16:22,,
2020/02/10,VI,0,,,0,,0,,,0,,3/26/2020 16:22,,
2020/02/11,VI,0,,,0,,0,,,0,,3/26/2020 16:22,,
2020/02/12,VI,0,,,0,,0,,,0,,3/26/2020 16:22,,
2020/02/13,VI,0,,,0,,0,,,0,,3/26/2020 16:22,,
2020/02/14,VI,0,,,0,,0,,,0,,3/26/2020 16:22,,
2020/02/15,VI,0,,,0,,0,,,0,,3/26/2020 16:22,,
2020/02/16,VI,0,,,0,,0,,,0,,3/26/2020 16:22,,
2020/02/17,VI,0,,,0,,0,,,0,,3/26/2020 16:22,,
2020/02/18,VI,0,,,0,,0,,,0,,3/26/2020 16:22,,
2020/02/19,VI,0,,,0,,0,,,0,,3/26/2020 16:22,,
2020/02/20,VI,0,,,0,,0,,,0,,3/26/2020 16:22,,
2020/02/21,VI,0,,,0,,0,,,0,,3/26/2020 16:22,,
2020/02/22,VI,0,,,0,,0,,,0,,3/26/2020 16:22,,
2020/02/23,VI,0,,,0,,0,,,0,,3/26/2020 16:22,,
2020/02/24,VI,0,,,0,,0,,,0,,3/26/2020 16:22,,
2020/02/25,VI,0,,,0,,0,,,0,,3/26/2020 16:22,,
2020/02/26,VI,0,,,0,,0,,,0,,3/26/2020 16:22,,
2020/02/27,VI,0,,,0,,0,,,0,,3/26/2020 16:22,,
2020/02/28,VI,0,,,0,,0,,,0,,3/26/2020 16:22,,
2020/02/29,VI,0,,,0,,0,,,0,,3/26/2020 16:22,,
2020/03/01,VI,0,,,0,,0,,,0,,3/26/2020 16:22,,
2020/03/02,VI,0,,,0,,0,,,0,,3/26/2020 16:22,,
2020/03/03,VI,0,,,0,,0,,,0,,3/26/2020 16:22,,
2020/03/04,VI,0,,,0,,0,,,0,,3/26/2020 16:22,,
2020/03/05,VI,0,,,0,,0,,,0,,3/26/2020 16:22,,
2020/03/06,VI,0,,,0,,0,,,0,,3/26/2020 16:22,,
2020/03/07,VI,0,,,0,,0,,,0,,3/26/2020 16:22,,
2020/03/08,VI,0,,,0,,0,,,0,,3/26/2020 16:22,,
2020/03/09,VI,0,,,0,,0,,,0,,3/26/2020 16:22,,
2020/03/10,VI,0,,,0,,0,,,0,,3/26/2020 16:22,,
2020/03/11,VI,0,,,0,,0,,,0,,3/26/2020 16:22,,
2020/03/12,VI,0,,,0,,0,,,0,,3/26/2020 16:22,,
2020/03/13,VI,0,,,0,,0,,,0,,3/26/2020 16:22,,
2020/03/14,VI,0,,,0,,0,,,0,,3/26/2020 16:22,,
2020/03/15,VI,1,,,1,,0,,,0,,3/26/2020 16:22,,
2020/03/16,VI,2,,,1,,0,,,0,,3/26/2020 16:22,,
2020/03/17,VI,2,,,0,,0,,,0,,3/26/2020 16:22,,
2020/03/18,VI,3,,,1,,0,,,0,,3/26/2020 16:22,,
2020/03/19,VI,3,,,0,,0,,,0,,3/26/2020 16:22,,
2020/03/20,VI,6,,,3,,0,,,0,,3/26/2020 16:22,,
2020/03/21,VI,6,,,0,,0,,,0,,3/26/2020 16:22,,
2020/03/22,VI,17,,,11,,0,,,0,,3/26/2020 16:22,,
2020/03/23,VI,17,,,0,,0,,,0,,3/26/2020 16:22,,
2020/03/24,VI,17,,,0,,0,,,0,,3/26/2020 16:22,,
2020/03/25,VI,17,,,0,,0,,,0,,3/26/2020 16:22,,
2020/03/26,VI,17,,,0,,0,,,0,,3/26/2020 16:22,,
2020/03/27,VI,19,,,2,,0,,,0,,3/26/2020 16:22,,
2020/03/28,VI,23,,,4,,0,,,0,,3/28/2020 16:22,,
2020/03/29,VI,23,,,0,,0,,,0,,3/28/2020 16:22,,
2020/03/30,VI,30,,,7,,0,,,0,,3/29/2020 16:22,,
2020/03/31,VI,30,,,0,,0,,,0,,3/30/2020 16:22,,
2020/04/01,VI,30,,,0,,0,,,0,,3/31/2020 16:22,,
2020/04/02,VI,37,,,7,,0,,,0,,4/1/2020 16:22,,
2020/04/03,VI,40,,,3,,0,,,0,,4/3/2020 16:22,,
2020/04/04,VI,42,,,2,,0,,,0,,4/3/2020 16:22,,
2020/04/05,VI,42,,,0,,1,,,1,,4/4/2020 16:22,,
2020/04/06,VI,43,,,1,,1,,,0,,4/5/2020 16:22,,
2020/04/07,VI,45,,,2,,1,,,0,,4/7/2020 16:22,,
2020/04/08,VI,45,,,0,,1,,,0,,4/7/2020 16:22,,
2020/04/09,VI,50,,,5,,1,,,0,,4/8/2020 16:22,,
2020/04/10,VI,50,,,0,,1,,,0,,4/9/2020 16:22,,
2020/04/11,VI,51,,,1,,1,,,0,,4/10/2020 16:22,,
2020/04/12,VI,51,,,0,,1,,,0,,4/11/2020 16:22,,
2020/04/13,VI,51,,,0,,1,,,0,,4/12/2020 16:22,,
2020/04/14,VI,51,,,0,,1,,,0,,4/13/2020 16:22,,
2020/04/15,VI,51,,,0,,1,,,0,,4/15/2020 16:22,,
2020/04/16,VI,53,,,2,,1,,,0,,4/16/2020 16:22,,
2020/04/17,VI,54,,,1,,2,,,1,,4/17/2020 16:22,,
2020/04/18,VI,54,,,0,,3,,,1,,4/18/2020 16:22,,
2020/04/19,VI,53,,,-1,0,3,,,0,0,4/19/2020 16:22,,
2020/04/20,VI,54,,,1,,3,,,0,,4/20/2020 16:22,,
2020/04/21,VI,54,,,0,0,3,,,0,0,4/21/2020 16:22,,
2020/04/22,VI,54,,,0,0,3,,,0,0,4/22/2020 16:22,,
2020/04/23,VI,54,,,0,0,3,,,0,0,5/25/2020 15:38,,
2020/04/24,VI,54,,,0,0,3,,,0,0,5/25/2020 15:38,,
2020/04/25,VI,55,,,1,0,3,,,0,0,5/25/2020 15:38,,
2020/04/26,VI,57,,,2,0,4,,,1,0,5/25/2020 15:38,,
2020/04/27,VI,59,,,2,0,4,,,0,0,5/25/2020 15:38,,
2020/04/28,VI,59,,,0,0,4,,,0,0,4/29/2020 18:12,,
2020/04/29,VI,66,,,7,0,4,,,0,0,4/30/2020 16:07,,
2020/04/30,VI,66,,,0,0,4,,,0,0,5/1/2020 21:00,,
2020/05/01,VI,66,,,0,0,4,,,0,0,5/2/2020 15:47,,
2020/05/02,VI,66,,,0,0,4,,,0,0,5/3/2020 15:36,,
2020/05/03,VI,66,,,0,0,4,,,0,0,5/4/2020 22:49,,
2020/05/04,VI,66,,,0,0,4,,,0,0,5/5/2020 17:25,,
2020/05/05,VI,66,,,0,0,4,,,0,0,5/6/2020 16:23,,
2020/05/06,VI,66,,,0,0,4,,,0,0,5/7/2020 22:59,,
2020/05/07,VI,68,,,2,0,4,,,0,0,5/8/2020 21:26,,
2020/05/08,VI,68,,,0,0,4,,,0,0,5/9/2020 21:26,,
2020/05/09,VI,69,,,1,0,4,,,0,0,5/10/2020 21:26,,
2020/05/10,VI,69,,,0,0,4,,,0,0,5/11/2020 21:26,,
2020/05/11,VI,69,,,0,0,5,,,1,0,5/12/2020 17:26,,
2020/05/12,VI,69,,,0,0,6,,,1,0,5/13/2020 15:26,,
2020/05/13,VI,69,,,0,0,6,,,0,0,5/14/2020 17:25,,
2020/05/14,VI,69,,,0,0,6,,,0,0,5/15/2020 16:11,,
2020/05/15,VI,69,,,0,0,6,,,0,0,5/16/2020 15:46,,
2020/05/16,VI,69,,,0,0,6,,,0,0,5/17/2020 15:27,,
2020/05/17,VI,69,,,0,0,6,,,0,0,5/18/2020 16:01,,
2020/05/18,VI,69,,,0,0,6,,,0,0,5/19/2020 15:45,,
2020/05/19,VI,69,,,0,0,6,,,0,0,5/20/2020 15:28,,
2020/05/20,VI,69,,,0,0,6,,,0,0,5/21/2020 15:41,,
2020/05/21,VI,69,,,0,0,6,,,0,0,5/22/2020 15:31,,
2020/05/22,VI,69,,,0,0,6,,,0,0,5/23/2020 17:58,,
2020/05/23,VI,69,,,0,0,6,,,0,0,5/24/2020 14:15,,
2020/05/24,VI,69,,,0,0,6,,,0,0,5/25/2020 14:12,,
2020/05/25,VI,69,,,0,0,6,,,0,0,5/26/2020 14:23,,
2020/05/26,VI,69,,,0,0,6,,,0,0,5/27/2020 15:37,,
2020/05/27,VI,69,,,0,0,6,,,0,0,5/28/2020 15:12,,
2020/05/28,VI,69,,,0,0,6,,,0,0,5/29/2020 14:19,,
2020/05/29,VI,69,,,0,0,6,,,0,0,5/30/2020 15:47,,
2020/05/30,VI,69,,,0,0,6,,,0,0,5/31/2020 14:43,,
2020/05/31,VI,69,,,0,0,6,,,0,0,6/1/2020 14:17,,
2020/06/01,VI,70,,,1,0,6,,,0,0,6/2/2020 14:16,,
2020/06/02,VI,70,,,0,0,6,,,0,0,6/3/2020 14:11,,
2020/06/03,VI,70,,,0,0,6,,,0,0,6/4/2020 15:03,,
2020/06/04,VI,71,,,1,0,6,,,0,0,6/5/2020 15:17,,
2020/06/05,VI,71,,,0,0,6,,,0,0,6/6/2020 14:31,,
2020/06/06,VI,71,,,0,0,6,,,0,0,6/7/2020 14:23,,
2020/06/07,VI,71,,,0,0,6,,,0,0,6/8/2020 14:55,,
2020/06/08,VI,71,,,0,0,6,,,0,0,6/9/2020 16:49,,
2020/06/09,VI,71,,,0,0,6,,,0,0,6/10/2020 20:56,,
2020/06/10,VI,72,,,1,0,6,,,0,0,6/11/2020 14:48,,
2020/06/11,VI,72,,,0,0,6,,,0,0,6/12/2020 14:17,,
2020/06/12,VI,72,,,0,0,6,,,0,0,6/13/2020 17:46,,
2020/06/13,VI,72,,,0,0,6,,,0,0,6/14/2020 14:19,,
2020/06/14,VI,72,,,0,0,6,,,0,0,6/15/2020 14:33,,
2020/06/15,VI,73,,,1,0,6,,,0,0,6/16/2020 14:10,,
2020/06/16,VI,73,,,0,0,6,,,0,0,6/17/2020 15:06,,
2020/06/17,VI,73,,,0,0,6,,,0,0,6/18/2020 17:16,,
2020/06/18,VI,73,,,0,0,6,,,0,0,6/19/2020 15:01,,
2020/06/19,VI,74,,,1,0,6,,,0,0,6/20/2020 14:15,,
2020/06/20,VI,74,,,0,0,6,,,0,0,6/21/2020 14:32,,
2020/06/21,VI,76,,,2,0,6,,,0,0,6/22/2020 15:24,,
2020/06/22,VI,76,,,0,0,6,,,0,0,6/23/2020 14:28,,
2020/06/23,VI,76,,,0,0,6,,,0,0,6/24/2020 15:03,,
2020/06/24,VI,80,,,4,0,6,,,0,0,6/25/2020 14:07,,
2020/06/25,VI,81,,,1,0,6,,,0,0,6/26/2020 19:18,,
2020/06/26,VI,81,,,0,0,6,,,0,0,6/27/2020 17:51,,
2020/06/27,VI,81,,,0,0,6,,,0,0,6/28/2020 14:59,,
2020/06/28,VI,81,,,0,0,6,,,0,0,6/29/2020 14:37,,
2020/06/29,VI,84,,,3,0,6,,,0,0,6/30/2020 15:27,,
2020/06/30,VI,90,,,6,0,6,,,0,0,7/1/2020 15:45,,
2020/07/01,VI,92,,,2,0,6,,,0,0,7/2/2020 15:10,,
2020/07/02,VI,98,,,6,0,6,,,0,0,7/3/2020 15:01,,
2020/07/03,VI,111,,,13,0,6,,,0,0,7/4/2020 15:30,,
2020/07/04,VI,111,,,0,0,6,,,0,0,7/5/2020 15:00,,
2020/07/05,VI,112,,,1,0,6,,,0,0,7/6/2020 15:16,,
2020/07/06,VI,116,,,4,0,6,,,0,0,7/7/2020 14:58,,
2020/07/07,VI,122,,,6,0,6,,,0,0,7/8/2020 14:12,,
2020/07/08,VI,144,,,22,0,6,,,0,0,7/9/2020 15:14,,
2020/07/09,VI,153,,,9,0,6,,,0,0,7/10/2020 15:35,,
2020/07/10,VI,167,,,14,0,6,,,0,0,7/11/2020 18:25,,
2020/07/11,VI,181,,,14,0,6,,,0,0,7/12/2020 15:13,,
2020/07/12,VI,181,,,0,0,6,,,0,0,7/13/2020 15:19,,
2020/07/13,VI,206,,,25,0,6,,,0,0,7/14/2020 15:13,,
2020/07/14,VI,206,,,0,0,6,,,0,0,7/15/2020 15:05,,
2020/07/15,VI,249,,,43,0,6,,,0,0,7/16/2020 14:22,,
2020/07/16,VI,263,,,14,0,6,,,0,0,7/17/2020 14:31,,
2020/07/17,VI,283,,,20,0,6,,,0,0,7/18/2020 16:14,,
2020/07/18,VI,283,,,0,0,6,,,0,0,7/19/2020 15:05,,
2020/07/19,VI,297,,,14,0,6,,,0,0,7/20/2020 14:35,,
2020/07/20,VI,308,,,11,0,6,,,0,0,7/21/2020 14:50,,
2020/07/21,VI,308,,,0,0,6,,,0,0,7/22/2020 14:51,,
2020/07/22,VI,336,,,28,0,7,,,1,0,7/23/2020 14:48,,
2020/07/23,VI,342,,,6,0,7,,,0,0,7/24/2020 14:18,,
2020/07/24,VI,352,,,10,0,7,,,0,0,7/25/2020 17:40,,
2020/07/25,VI,361,,,9,0,7,,,0,0,7/26/2020 15:17,,
2020/07/26,VI,361,,,0,0,7,,,0,0,7/27/2020 14:16,,
2020/07/27,VI,375,,,14,0,7,,,0,0,7/28/2020 14:21,,
2020/07/28,VI,385,,,10,0,8,,,1,0,7/29/2020 14:34,,
2020/07/29,VI,398,,,13,0,8,,,0,0,7/30/2020 14:42,,
2020/07/30,VI,406,,,8,0,8,,,0,0,7/31/2020 14:35,,
2020/07/31,VI,421,,,15,0,8,,,0,0,8/1/2020 14:38,,
2020/08/01,VI,438,,,17,0,8,,,0,0,8/2/2020 14:54,,
2020/08/02,VI,438,,,0,0,8,,,0,0,8/3/2020 14:31,,
2020/08/03,VI,463,,,25,0,8,,,0,0,8/4/2020 14:09,,
2020/08/04,VI,481,,,18,0,8,,,0,0,8/5/2020 14:13,,
2020/08/05,VI,501,,,20,0,9,,,1,0,8/6/2020 14:12,,
2020/08/06,VI,522,,,21,0,9,,,0,0,8/7/2020 23:57,,
2020/08/07,VI,528,,,6,0,9,,,0,0,8/8/2020 14:58,,
2020/08/08,VI,528,,,0,0,9,,,0,0,8/9/2020 14:03,,
2020/08/09,VI,547,,,19,0,9,,,0,0,8/10/2020 14:23,,
2020/08/10,VI,576,,,29,0,9,,,0,0,8/11/2020 14:16,,
2020/08/11,VI,639,,,63,0,9,,,0,0,8/12/2020 13:50,,
2020/08/12,VI,639,,,0,0,9,,,0,0,8/13/2020 14:12,,
2020/08/13,VI,704,,,65,0,9,,,0,0,8/14/2020 14:30,,
2020/08/14,VI,734,,,30,0,9,,,0,0,8/15/2020 14:02,,
2020/08/15,VI,734,,,0,0,9,,,0,0,8/16/2020 14:57,,
2020/08/16,VI,741,,,7,0,9,,,0,0,8/17/2020 14:26,,
2020/08/17,VI,760,,,19,0,9,,,0,0,8/18/2020 14:26,,
2020/08/18,VI,796,,,36,0,9,,,0,0,8/19/2020 14:23,,
2020/08/19,VI,828,,,32,0,9,,,0,0,8/20/2020 15:11,,
2020/08/20,VI,869,,,41,0,10,,,1,0,8/21/2020 14:27,,
2020/08/21,VI,932,,,63,0,10,,,0,0,8/22/2020 14:21,,
2020/08/22,VI,932,,,0,0,10,,,0,0,8/23/2020 14:15,,
2020/08/23,VI,984,,,52,0,11,,,1,0,8/24/2020 13:54,,
2020/08/24,VI,998,,,14,0,12,,,1,0,8/25/2020 14:02,,
2020/08/25,VI,1030,,,32,0,14,,,2,0,8/26/2020 13:51,,
2020/08/26,VI,1052,,,22,0,14,,,0,0,8/27/2020 13:42,,
2020/08/27,VI,1075,,,23,0,14,,,0,0,8/28/2020 13:43,,
2020/08/28,VI,1118,,,43,0,14,,,0,0,8/29/2020 13:42,,
2020/08/29,VI,1129,,,11,0,14,,,0,0,8/30/2020 14:49,,
2020/08/30,VI,1134,,,5,0,14,,,0,0,8/31/2020 14:05,,
2020/08/31,VI,1139,,,5,0,15,,,1,0,9/1/2020 14:09,,
2020/09/01,VI,1143,,,4,0,15,,,0,0,9/2/2020 13:49,,
2020/09/02,VI,1144,,,1,0,15,,,0,0,9/3/2020 14:18,,
2020/09/03,VI,1150,,,6,0,16,,,1,0,9/4/2020 13:36,,
2020/09/04,VI,1167,,,17,0,16,,,0,0,9/5/2020 14:09,,
2020/09/05,VI,1181,,,14,0,17,,,1,0,9/6/2020 14:09,,
2020/09/06,VI,1190,,,9,0,17,,,0,0,9/7/2020 13:37,,
2020/09/07,VI,1191,,,1,0,18,,,1,0,9/8/2020 14:47,,
2020/09/08,VI,1191,,,0,0,18,,,0,0,9/9/2020 13:47,,
2020/09/09,VI,1197,,,6,0,18,,,0,0,9/10/2020 14:02,,
2020/09/10,VI,1201,,,4,0,18,,,0,0,9/11/2020 13:51,,
2020/09/11,VI,1211,,,10,0,19,,,1,0,9/12/2020 14:12,,
2020/09/12,VI,1220,,,9,0,19,,,0,0,9/13/2020 16:17,,
2020/09/13,VI,1221,,,1,0,19,,,0,0,9/14/2020 14:01,,
2020/09/14,VI,1221,,,0,0,19,,,0,0,9/15/2020 14:03,,
2020/09/15,VI,1232,,,11,0,19,,,0,0,9/16/2020 13:53,,
2020/09/16,VI,1238,,,6,0,19,,,0,0,9/17/2020 13:45,,
2020/09/17,VI,1242,,,4,0,19,,,0,0,9/18/2020 13:48,,
2020/09/18,VI,1242,,,0,0,19,,,0,0,9/19/2020 14:00,,
2020/09/19,VI,1257,,,15,0,19,,,0,0,9/20/2020 13:53,,
2020/09/20,VI,1269,,,12,0,19,,,0,0,9/21/2020 13:47,,
2020/09/21,VI,1276,,,7,0,19,,,0,0,9/22/2020 13:51,,
2020/09/22,VI,1278,,,2,0,19,,,0,0,9/23/2020 13:51,,
2020/09/23,VI,1290,,,12,0,19,,,0,0,9/24/2020 13:54,,
2020/09/24,VI,1290,,,0,0,19,,,0,0,9/25/2020 13:54,,
2020/09/25,VI,1296,,,6,0,19,,,0,0,9/26/2020 13:46,,
2020/01/22,MP,0,,,0,,0,,,0,,3/26/2020 16:22,Agree,Agree
2020/01/23,MP,0,,,0,,0,,,0,,3/26/2020 16:22,Agree,Agree
2020/01/24,MP,0,,,0,,0,,,0,,3/26/2020 16:22,Agree,Agree
2020/01/25,MP,0,,,0,,0,,,0,,3/26/2020 16:22,Agree,Agree
2020/01/26,MP,0,,,0,,0,,,0,,3/26/2020 16:22,Agree,Agree
2020/01/27,MP,0,,,0,,0,,,0,,3/26/2020 16:22,Agree,Agree
2020/01/28,MP,0,,,0,,0,,,0,,3/26/2020 16:22,Agree,Agree
2020/01/29,MP,0,,,0,,0,,,0,,3/26/2020 16:22,Agree,Agree
2020/01/30,MP,0,,,0,,0,,,0,,3/26/2020 16:22,Agree,Agree
2020/01/31,MP,0,,,0,,0,,,0,,3/26/2020 16:22,Agree,Agree
2020/02/01,MP,0,,,0,,0,,,0,,3/26/2020 16:22,Agree,Agree
2020/02/02,MP,0,,,0,,0,,,0,,3/26/2020 16:22,Agree,Agree
2020/02/03,MP,0,,,0,,0,,,0,,3/26/2020 16:22,Agree,Agree
2020/02/04,MP,0,,,0,,0,,,0,,3/26/2020 16:22,Agree,Agree
2020/02/05,MP,0,,,0,,0,,,0,,3/26/2020 16:22,Agree,Agree
2020/02/06,MP,0,,,0,,0,,,0,,3/26/2020 16:22,Agree,Agree
2020/02/07,MP,0,,,0,,0,,,0,,3/26/2020 16:22,Agree,Agree
2020/02/08,MP,0,,,0,,0,,,0,,3/26/2020 16:22,Agree,Agree
2020/02/09,MP,0,,,0,,0,,,0,,3/26/2020 16:22,Agree,Agree
2020/02/10,MP,0,,,0,,0,,,0,,3/26/2020 16:22,Agree,Agree
2020/02/11,MP,0,,,0,,0,,,0,,3/26/2020 16:22,Agree,Agree
2020/02/12,MP,0,,,0,,0,,,0,,3/26/2020 16:22,Agree,Agree
2020/02/13,MP,0,,,0,,0,,,0,,3/26/2020 16:22,Agree,Agree
2020/02/14,MP,0,,,0,,0,,,0,,3/26/2020 16:22,Agree,Agree
2020/02/15,MP,0,,,0,,0,,,0,,3/26/2020 16:22,Agree,Agree
2020/02/16,MP,0,,,0,,0,,,0,,3/26/2020 16:22,Agree,Agree
2020/02/17,MP,0,,,0,,0,,,0,,3/26/2020 16:22,Agree,Agree
2020/02/18,MP,0,,,0,,0,,,0,,3/26/2020 16:22,Agree,Agree
2020/02/19,MP,0,,,0,,0,,,0,,3/26/2020 16:22,Agree,Agree
2020/02/20,MP,0,,,0,,0,,,0,,3/26/2020 16:22,Agree,Agree
2020/02/21,MP,0,,,0,,0,,,0,,3/26/2020 16:22,Agree,Agree
2020/02/22,MP,0,,,0,,0,,,0,,3/26/2020 16:22,Agree,Agree
2020/02/23,MP,0,,,0,,0,,,0,,3/26/2020 16:22,Agree,Agree
2020/02/24,MP,0,,,0,,0,,,0,,3/26/2020 16:22,Agree,Agree
2020/02/25,MP,0,,,0,,0,,,0,,3/26/2020 16:22,Agree,Agree
2020/02/26,MP,0,,,0,,0,,,0,,3/26/2020 16:22,Agree,Agree
2020/02/27,MP,0,,,0,,0,,,0,,3/26/2020 16:22,Agree,Agree
2020/02/28,MP,0,,,0,,0,,,0,,3/26/2020 16:22,Agree,Agree
2020/02/29,MP,0,,,0,,0,,,0,,3/26/2020 16:22,Agree,Agree
2020/03/01,MP,0,,,0,,0,,,0,,3/26/2020 16:22,Agree,Agree
2020/03/02,MP,0,,,0,,0,,,0,,3/26/2020 16:22,Agree,Agree
2020/03/03,MP,0,,,0,,0,,,0,,3/26/2020 16:22,Agree,Agree
2020/03/04,MP,0,,,0,,0,,,0,,3/26/2020 16:22,Agree,Agree
2020/03/05,MP,0,,,0,,0,,,0,,3/26/2020 16:22,Agree,Agree
2020/03/06,MP,0,,,0,,0,,,0,,3/26/2020 16:22,Agree,Agree
2020/03/07,MP,0,,,0,,0,,,0,,3/26/2020 16:22,Agree,Agree
2020/03/08,MP,0,,,0,,0,,,0,,3/26/2020 16:22,Agree,Agree
2020/03/09,MP,0,,,0,,0,,,0,,3/26/2020 16:22,Agree,Agree
2020/03/10,MP,0,,,0,,0,,,0,,3/26/2020 16:22,Agree,Agree
2020/03/11,MP,0,,,0,,0,,,0,,3/26/2020 16:22,Agree,Agree
2020/03/12,MP,0,,,0,,0,,,0,,3/26/2020 16:22,Agree,Agree
2020/03/13,MP,0,,,0,,0,,,0,,3/26/2020 16:22,Agree,Agree
2020/03/14,MP,0,,,0,,0,,,0,,3/26/2020 16:22,Agree,Agree
2020/03/15,MP,0,,,0,,0,,,0,,3/26/2020 16:22,Agree,Agree
2020/03/16,MP,0,,,0,,0,,,0,,3/26/2020 16:22,Agree,Agree
2020/03/17,MP,0,,,0,,0,,,0,,3/26/2020 16:22,Agree,Agree
2020/03/18,MP,0,,,0,,0,,,0,,3/26/2020 16:22,Agree,Agree
2020/03/19,MP,0,,,0,,0,,,0,,3/26/2020 16:22,Agree,Agree
2020/03/20,MP,0,,,0,,0,,,0,,3/26/2020 16:22,Agree,Agree
2020/03/21,MP,0,,,0,,0,,,0,,3/26/2020 16:22,Agree,Agree
2020/03/22,MP,0,,,0,,0,,,0,,3/26/2020 16:22,Agree,Agree
2020/03/23,MP,0,,,0,,0,,,0,,3/26/2020 16:22,Agree,Agree
2020/03/24,MP,0,,,0,,0,,,0,,3/26/2020 16:22,Agree,Agree
2020/03/25,MP,0,,,0,,0,,,0,,3/26/2020 16:22,Agree,Agree
2020/03/26,MP,0,,,0,,0,,,0,,3/26/2020 16:22,Agree,Agree
2020/03/27,MP,0,,,0,,0,,,0,,3/26/2020 16:22,Agree,Agree
2020/03/28,MP,2,,,2,,0,,,0,,3/28/2020 16:22,Agree,Agree
2020/03/29,MP,2,,,0,,0,,,0,,3/28/2020 16:22,Agree,Agree
2020/03/30,MP,2,,,0,,0,,,0,,3/29/2020 16:22,Agree,Agree
2020/03/31,MP,2,,,0,,0,,,0,,3/30/2020 16:22,Agree,Agree
2020/04/01,MP,8,,,6,,0,,,0,,3/31/2020 16:22,Agree,Agree
2020/04/02,MP,8,,,0,,0,,,0,,4/1/2020 16:22,Agree,Agree
2020/04/03,MP,8,,,0,,1,,,1,,4/3/2020 16:22,Agree,Agree
2020/04/04,MP,8,,,0,,1,,,0,,4/3/2020 16:22,Agree,Agree
2020/04/05,MP,8,,,0,,0,,,-1,,4/4/2020 16:22,Agree,Agree
2020/04/06,MP,8,,,0,,0,,,0,,4/5/2020 16:22,Agree,Agree
2020/04/07,MP,8,,,0,,0,,,0,,4/7/2020 16:22,Agree,Agree
2020/04/08,MP,11,,,3,,2,,,2,,4/7/2020 16:22,Agree,Agree
2020/04/09,MP,11,,,0,,2,,,0,,4/8/2020 16:22,Agree,Agree
2020/04/10,MP,11,,,0,,2,,,0,,4/9/2020 16:22,Agree,Agree
2020/04/11,MP,11,,,0,,2,,,0,,4/10/2020 16:22,Agree,Agree
2020/04/12,MP,11,,,0,,2,,,0,,4/11/2020 16:22,Agree,Agree
2020/04/13,MP,11,,,0,,2,,,0,,4/12/2020 16:22,Agree,Agree
2020/04/14,MP,13,,,2,,2,,,0,,4/13/2020 16:22,Agree,Agree
2020/04/15,MP,13,,,0,,2,,,0,,4/15/2020 16:22,Agree,Agree
2020/04/16,MP,13,,,0,,2,,,0,,4/16/2020 16:22,Agree,Agree
2020/04/17,MP,14,,,1,,2,,,0,,4/17/2020 16:22,Agree,Agree
2020/04/18,MP,14,,,0,,2,,,0,,4/18/2020 16:22,Agree,Agree
2020/04/19,MP,14,14,0,0,0,2,2,0,0,0,4/19/2020 16:22,Agree,Agree
2020/04/20,MP,14,,,0,,0,0,0,-2,0,4/20/2020 16:22,Agree,Agree
2020/04/21,MP,14,14,0,0,0,2,2,0,2,0,4/21/2020 16:22,Agree,Agree
2020/04/22,MP,14,14,0,0,0,2,2,0,0,0,4/22/2020 16:22,Agree,Agree
2020/04/23,MP,14,14,0,0,0,2,2,0,0,0,5/25/2020 15:38,Agree,Agree
2020/04/24,MP,14,14,0,0,0,2,2,0,0,0,5/25/2020 15:38,Agree,Agree
2020/04/25,MP,14,14,0,0,0,2,2,0,0,0,5/25/2020 15:38,Agree,Agree
2020/04/26,MP,14,14,0,0,0,2,2,0,0,0,5/25/2020 15:38,Agree,Agree
2020/04/27,MP,14,14,0,0,0,2,2,0,0,0,5/25/2020 15:38,Agree,Agree
2020/04/28,MP,14,14,0,0,0,2,2,0,0,0,4/29/2020 18:12,Agree,Agree
2020/04/29,MP,14,14,0,0,0,2,2,0,0,0,4/30/2020 16:07,Agree,Agree
2020/04/30,MP,14,14,0,0,0,2,2,0,0,0,5/1/2020 21:00,Agree,Agree
2020/05/01,MP,14,14,0,0,0,2,2,0,0,0,5/2/2020 15:47,Agree,Agree
2020/05/02,MP,14,14,0,0,0,2,2,0,0,0,5/3/2020 15:36,Agree,Agree
2020/05/03,MP,14,14,0,0,0,2,2,0,0,0,5/4/2020 22:49,Agree,Agree
2020/05/04,MP,14,14,0,0,0,2,2,0,0,0,5/5/2020 17:25,Agree,Agree
2020/05/05,MP,15,15,0,1,0,2,2,0,0,0,5/6/2020 16:23,Agree,Agree
2020/05/06,MP,15,15,0,0,0,2,2,0,0,0,5/7/2020 22:59,Agree,Agree
2020/05/07,MP,15,15,0,0,0,2,2,0,0,0,5/8/2020 21:26,Agree,Agree
2020/05/08,MP,16,16,0,1,0,2,2,0,0,0,5/9/2020 21:26,Agree,Agree
2020/05/09,MP,16,16,0,0,0,2,2,0,0,0,5/10/2020 21:26,Agree,Agree
2020/05/10,MP,16,16,0,0,0,2,2,0,0,0,5/11/2020 21:26,Agree,Agree
2020/05/11,MP,19,19,0,3,0,2,2,0,0,0,5/12/2020 17:26,Agree,Agree
2020/05/12,MP,19,19,0,0,0,2,2,0,0,0,5/13/2020 15:26,Agree,Agree
2020/05/13,MP,19,19,0,0,0,2,2,0,0,0,5/14/2020 17:25,Agree,Agree
2020/05/14,MP,19,19,0,0,0,2,2,0,0,0,5/15/2020 16:11,Agree,Agree
2020/05/15,MP,21,21,0,2,0,2,2,0,0,0,5/16/2020 15:46,Agree,Agree
2020/05/16,MP,21,21,0,0,0,2,2,0,0,0,5/17/2020 15:27,Agree,Agree
2020/05/17,MP,21,21,0,0,0,2,2,0,0,0,5/18/2020 16:01,Agree,Agree
2020/05/18,MP,21,21,0,0,0,2,2,0,0,0,5/19/2020 15:45,Agree,Agree
2020/05/19,MP,21,21,0,0,0,2,2,0,0,0,5/20/2020 15:28,Agree,Agree
2020/05/20,MP,22,22,0,1,0,2,2,0,0,0,5/21/2020 15:41,Agree,Agree
2020/05/21,MP,22,22,0,0,0,2,2,0,0,0,5/22/2020 15:31,Agree,Agree
2020/05/22,MP,22,22,0,0,0,2,2,0,0,0,5/23/2020 17:58,Agree,Agree
2020/05/23,MP,22,22,0,0,0,2,2,0,0,0,5/24/2020 14:15,Agree,Agree
2020/05/24,MP,22,22,0,0,0,2,2,0,0,0,5/25/2020 14:12,Agree,Agree
2020/05/25,MP,22,22,0,0,0,2,2,0,0,0,5/26/2020 14:23,Agree,Agree
2020/05/26,MP,22,22,0,0,0,2,2,0,0,0,5/27/2020 15:37,Agree,Agree
2020/05/27,MP,22,22,0,0,0,2,2,0,0,0,5/28/2020 15:12,Agree,Agree
2020/05/28,MP,22,22,0,0,0,2,2,0,0,0,5/29/2020 14:19,Agree,Agree
2020/05/29,MP,22,22,0,0,0,2,2,0,0,0,5/30/2020 15:47,Agree,Agree
2020/05/30,MP,22,22,0,0,0,2,2,0,0,0,5/31/2020 14:43,Agree,Agree
2020/05/31,MP,22,22,0,0,0,2,2,0,0,0,6/1/2020 14:17,Agree,Agree
2020/06/01,MP,22,22,0,0,0,2,2,0,0,0,6/2/2020 14:16,Agree,Agree
2020/06/02,MP,23,23,0,1,0,2,2,0,0,0,6/3/2020 14:11,Agree,Agree
2020/06/03,MP,26,26,0,3,0,2,2,0,0,0,6/4/2020 15:03,Agree,Agree
2020/06/04,MP,26,26,0,0,0,2,2,0,0,0,6/5/2020 15:17,Agree,Agree
2020/06/05,MP,26,26,0,0,0,2,2,0,0,0,6/6/2020 14:31,Agree,Agree
2020/06/06,MP,27,27,0,1,0,2,2,0,0,0,6/7/2020 14:23,Agree,Agree
2020/06/07,MP,28,28,0,1,0,2,2,0,0,0,6/8/2020 14:55,Agree,Agree
2020/06/08,MP,28,28,0,0,0,2,2,0,0,0,6/9/2020 16:49,Agree,Agree
2020/06/09,MP,30,30,0,2,0,2,2,0,0,0,6/10/2020 20:56,Agree,Agree
2020/06/10,MP,30,30,0,0,0,2,2,0,0,0,6/11/2020 14:48,Agree,Agree
2020/06/11,MP,30,30,0,0,0,2,2,0,0,0,6/12/2020 14:17,Agree,Agree
2020/06/12,MP,30,30,0,0,0,2,2,0,0,0,6/13/2020 17:46,Agree,Agree
2020/06/13,MP,30,30,0,0,0,2,2,0,0,0,6/14/2020 14:19,Agree,Agree
2020/06/14,MP,30,30,0,0,0,2,2,0,0,0,6/15/2020 14:33,Agree,Agree
2020/06/15,MP,30,30,0,0,0,2,2,0,0,0,6/16/2020 14:10,Agree,Agree
2020/06/16,MP,30,30,0,0,0,2,2,0,0,0,6/17/2020 15:06,Agree,Agree
2020/06/17,MP,30,30,0,0,0,2,2,0,0,0,6/18/2020 17:16,Agree,Agree
2020/06/18,MP,30,30,0,0,0,2,2,0,0,0,6/19/2020 15:01,Agree,Agree
2020/06/19,MP,30,30,0,0,0,2,2,0,0,0,6/20/2020 14:15,Agree,Agree
2020/06/20,MP,30,30,0,0,0,2,2,0,0,0,6/21/2020 14:32,Agree,Agree
2020/06/21,MP,30,30,0,0,0,2,2,0,0,0,6/22/2020 15:24,Agree,Agree
2020/06/22,MP,30,30,0,0,0,2,2,0,0,0,6/23/2020 14:28,Agree,Agree
2020/06/23,MP,30,30,0,0,0,2,2,0,0,0,6/24/2020 15:03,Agree,Agree
2020/06/24,MP,30,30,0,0,0,2,2,0,0,0,6/25/2020 14:07,Agree,Agree
2020/06/25,MP,30,30,0,0,0,2,2,0,0,0,6/26/2020 19:18,Agree,Agree
2020/06/26,MP,30,30,0,0,0,2,2,0,0,0,6/27/2020 17:51,Agree,Agree
2020/06/27,MP,30,30,0,0,0,2,2,0,0,0,6/28/2020 14:59,Agree,Agree
2020/06/28,MP,30,30,0,0,0,2,2,0,0,0,6/29/2020 14:37,Agree,Agree
2020/06/29,MP,30,30,0,0,0,2,2,0,0,0,6/30/2020 15:27,Agree,Agree
2020/06/30,MP,30,30,0,0,0,2,2,0,0,0,7/1/2020 15:45,Agree,Agree
2020/07/01,MP,30,30,0,0,0,2,2,0,0,0,7/2/2020 15:10,Agree,Agree
2020/07/02,MP,31,31,0,1,0,2,2,0,0,0,7/3/2020 15:01,Agree,Agree
2020/07/03,MP,31,31,0,0,0,2,2,0,0,0,7/4/2020 15:30,Agree,Agree
2020/07/04,MP,31,31,0,0,0,2,2,0,0,0,7/5/2020 15:00,Agree,Agree
2020/07/05,MP,31,31,0,0,0,2,2,0,0,0,7/6/2020 15:16,Agree,Agree
2020/07/06,MP,31,31,0,0,0,2,2,0,0,0,7/7/2020 14:58,Agree,Agree
2020/07/07,MP,31,31,0,0,0,2,2,0,0,0,7/8/2020 14:12,Agree,Agree
2020/07/08,MP,31,31,0,0,0,2,2,0,0,0,7/9/2020 15:14,Agree,Agree
2020/07/09,MP,31,31,0,0,0,2,2,0,0,0,7/10/2020 15:35,Agree,Agree
2020/07/10,MP,31,31,0,0,0,2,2,0,0,0,7/11/2020 18:25,Agree,Agree
2020/07/11,MP,33,33,0,2,0,2,2,0,0,0,7/12/2020 15:13,Agree,Agree
2020/07/12,MP,33,33,0,0,0,2,2,0,0,0,7/13/2020 15:19,Agree,Agree
2020/07/13,MP,33,33,0,0,0,2,2,0,0,0,7/14/2020 15:13,Agree,Agree
2020/07/14,MP,36,36,0,3,0,2,2,0,0,0,7/15/2020 15:05,Agree,Agree
2020/07/15,MP,36,36,0,0,0,2,2,0,0,0,7/16/2020 14:22,Agree,Agree
2020/07/16,MP,37,37,0,1,0,2,2,0,0,0,7/17/2020 14:31,Agree,Agree
2020/07/17,MP,37,37,0,0,0,2,2,0,0,0,7/18/2020 16:14,Agree,Agree
2020/07/18,MP,37,37,0,0,0,2,2,0,0,0,7/19/2020 15:05,Agree,Agree
2020/07/19,MP,37,37,0,0,0,2,2,0,0,0,7/20/2020 14:35,Agree,Agree
2020/07/20,MP,38,38,0,1,0,2,2,0,0,0,7/21/2020 14:50,Agree,Agree
2020/07/21,MP,38,38,0,0,0,2,2,0,0,0,7/22/2020 14:51,Agree,Agree
2020/07/22,MP,38,38,0,0,0,2,2,0,0,0,7/23/2020 14:48,Agree,Agree
2020/07/23,MP,38,38,0,0,0,2,2,0,0,0,7/24/2020 14:18,Agree,Agree
2020/07/24,MP,38,38,0,0,0,2,2,0,0,0,7/25/2020 17:40,Agree,Agree
2020/07/25,MP,40,40,0,2,0,2,2,0,0,0,7/26/2020 15:17,Agree,Agree
2020/07/26,MP,40,40,0,0,0,2,2,0,0,0,7/27/2020 14:16,Agree,Agree
2020/07/27,MP,40,40,0,0,0,2,2,0,0,0,7/28/2020 14:21,Agree,Agree
2020/07/28,MP,40,40,0,0,0,2,2,0,0,0,7/29/2020 14:34,Agree,Agree
2020/07/29,MP,42,42,0,2,0,2,2,0,0,0,7/30/2020 14:42,Agree,Agree
2020/07/30,MP,42,42,0,0,0,2,2,0,0,0,7/31/2020 14:35,Agree,Agree
2020/07/31,MP,42,42,0,0,0,2,2,0,0,0,8/1/2020 14:38,Agree,Agree
2020/08/01,MP,45,45,0,3,0,2,2,0,0,0,8/2/2020 14:54,Agree,Agree
2020/08/02,MP,46,46,0,1,0,2,2,0,0,0,8/3/2020 14:31,Agree,Agree
2020/08/03,MP,46,46,0,0,0,2,2,0,0,0,8/4/2020 14:09,Agree,Agree
2020/08/04,MP,46,46,0,0,0,2,2,0,0,0,8/5/2020 14:13,Agree,Agree
2020/08/05,MP,47,47,0,1,0,2,2,0,0,0,8/6/2020 14:12,Agree,Agree
2020/08/06,MP,47,47,0,0,0,2,2,0,0,0,8/7/2020 23:57,Agree,Agree
2020/08/07,MP,48,48,0,1,0,2,2,0,0,0,8/8/2020 14:58,Agree,Agree
2020/08/08,MP,48,48,0,0,0,2,2,0,0,0,8/9/2020 14:03,Agree,Agree
2020/08/09,MP,48,48,0,0,0,2,2,0,0,0,8/10/2020 14:23,Agree,Agree
2020/08/10,MP,49,49,0,1,0,2,2,0,0,0,8/11/2020 14:16,Agree,Agree
2020/08/11,MP,49,49,0,0,0,2,2,0,0,0,8/12/2020 13:50,Agree,Agree
2020/08/12,MP,49,49,0,0,0,2,2,0,0,0,8/13/2020 14:12,Agree,Agree
2020/08/13,MP,50,50,0,1,0,2,2,0,0,0,8/14/2020 14:30,Agree,Agree
2020/08/14,MP,50,50,0,0,0,2,2,0,0,0,8/15/2020 14:02,Agree,Agree
2020/08/15,MP,50,50,0,0,0,2,2,0,0,0,8/16/2020 14:57,Agree,Agree
2020/08/16,MP,53,53,0,3,0,2,2,0,0,0,8/17/2020 14:26,Agree,Agree
2020/08/17,MP,54,54,0,1,0,2,2,0,0,0,8/18/2020 14:26,Agree,Agree
2020/08/18,MP,54,54,0,0,0,2,2,0,0,0,8/19/2020 14:23,Agree,Agree
2020/08/19,MP,54,54,0,0,0,2,2,0,0,0,8/20/2020 15:11,Agree,Agree
2020/08/20,MP,54,54,0,0,0,2,2,0,0,0,8/21/2020 14:27,Agree,Agree
2020/08/21,MP,54,54,0,0,0,2,2,0,0,0,8/22/2020 14:21,Agree,Agree
2020/08/22,MP,54,54,0,0,0,2,2,0,0,0,8/23/2020 14:15,Agree,Agree
2020/08/23,MP,54,54,0,0,0,2,2,0,0,0,8/24/2020 13:54,Agree,Agree
2020/08/24,MP,54,54,0,0,0,2,2,0,0,0,8/25/2020 14:02,Agree,Agree
2020/08/25,MP,54,54,0,0,0,2,2,0,0,0,8/26/2020 13:51,Agree,Agree
2020/08/26,MP,54,54,0,0,0,2,2,0,0,0,8/27/2020 13:42,Agree,Agree
2020/08/27,MP,54,54,0,0,0,2,2,0,0,0,8/28/2020 13:43,Agree,Agree
2020/08/28,MP,56,56,0,2,0,2,2,0,0,0,8/29/2020 13:42,Agree,Agree
2020/08/29,MP,56,56,0,0,0,2,2,0,0,0,8/30/2020 14:49,Agree,Agree
2020/08/30,MP,56,56,0,0,0,2,2,0,0,0,8/31/2020 14:05,Agree,Agree
2020/08/31,MP,56,56,0,0,0,2,2,0,0,0,9/1/2020 14:09,Agree,Agree
2020/09/01,MP,57,57,0,1,0,2,2,0,0,0,9/2/2020 13:49,Agree,Agree
2020/09/02,MP,57,57,0,0,0,2,2,0,0,0,9/3/2020 14:18,Agree,Agree
2020/09/03,MP,57,57,0,0,0,2,2,0,0,0,9/4/2020 13:36,Agree,Agree
2020/09/04,MP,58,58,0,1,0,2,2,0,0,0,9/5/2020 14:09,Agree,Agree
2020/09/05,MP,58,58,0,0,0,2,2,0,0,0,9/6/2020 14:09,Agree,Agree
2020/09/06,MP,58,58,0,0,0,2,2,0,0,0,9/7/2020 13:37,Agree,Agree
2020/09/07,MP,59,59,0,1,0,2,2,0,0,0,9/8/2020 14:47,Agree,Agree
2020/09/08,MP,59,59,0,0,0,2,2,0,0,0,9/9/2020 13:47,Agree,Agree
2020/09/09,MP,59,59,0,0,0,2,2,0,0,0,9/10/2020 14:02,Agree,Agree
2020/09/10,MP,59,59,0,0,0,2,2,0,0,0,9/11/2020 13:51,Agree,Agree
2020/09/11,MP,60,60,0,1,0,2,2,0,0,0,9/12/2020 14:12,Agree,Agree
2020/09/12,MP,60,60,0,0,0,2,2,0,0,0,9/13/2020 16:17,Agree,Agree
2020/09/13,MP,61,61,0,1,0,2,2,0,0,0,9/14/2020 14:01,Agree,Agree
2020/09/14,MP,61,61,0,0,0,2,2,0,0,0,9/15/2020 14:03,Agree,Agree
2020/09/15,MP,61,61,0,0,0,2,2,0,0,0,9/16/2020 13:53,Agree,Agree
2020/09/16,MP,62,62,0,1,0,2,2,0,0,0,9/17/2020 13:45,Agree,Agree
2020/09/17,MP,62,62,0,0,0,2,2,0,0,0,9/18/2020 13:48,Agree,Agree
2020/09/18,MP,62,62,0,0,0,2,2,0,0,0,9/19/2020 14:00,Agree,Agree
2020/09/19,MP,68,68,0,6,0,2,2,0,0,0,9/20/2020 13:53,Agree,Agree
2020/09/20,MP,69,69,0,1,0,2,2,0,0,0,9/21/2020 13:47,Agree,Agree
2020/09/21,MP,69,69,0,0,0,2,2,0,0,0,9/22/2020 13:51,Agree,Agree
2020/09/22,MP,69,69,0,0,0,2,2,0,0,0,9/23/2020 13:51,Agree,Agree
2020/09/23,MP,69,69,0,0,0,2,2,0,0,0,9/24/2020 13:54,Agree,Agree
2020/09/24,MP,69,69,0,0,0,2,2,0,0,0,9/25/2020 13:54,Agree,Agree
2020/09/25,MP,69,69,0,0,0,2,2,0,0,0,9/26/2020 13:46,Agree,Agree
2020/01/22,FSM,0,,,0,,0,,,0,,3/26/2020 16:22,Agree,Agree
2020/01/23,FSM,0,,,0,,0,,,0,,3/26/2020 16:22,Agree,Agree
2020/01/24,FSM,0,,,0,,0,,,0,,3/26/2020 16:22,Agree,Agree
2020/01/25,FSM,0,,,0,,0,,,0,,3/26/2020 16:22,Agree,Agree
2020/01/26,FSM,0,,,0,,0,,,0,,3/26/2020 16:22,Agree,Agree
2020/01/27,FSM,0,,,0,,0,,,0,,3/26/2020 16:22,Agree,Agree
2020/01/28,FSM,0,,,0,,0,,,0,,3/26/2020 16:22,Agree,Agree
2020/01/29,FSM,0,,,0,,0,,,0,,3/26/2020 16:22,Agree,Agree
2020/01/30,FSM,0,,,0,,0,,,0,,3/26/2020 16:22,Agree,Agree
2020/01/31,FSM,0,,,0,,0,,,0,,3/26/2020 16:22,Agree,Agree
2020/02/01,FSM,0,,,0,,0,,,0,,3/26/2020 16:22,Agree,Agree
2020/02/02,FSM,0,,,0,,0,,,0,,3/26/2020 16:22,Agree,Agree
2020/02/03,FSM,0,,,0,,0,,,0,,3/26/2020 16:22,Agree,Agree
2020/02/04,FSM,0,,,0,,0,,,0,,3/26/2020 16:22,Agree,Agree
2020/02/05,FSM,0,,,0,,0,,,0,,3/26/2020 16:22,Agree,Agree
2020/02/06,FSM,0,,,0,,0,,,0,,3/26/2020 16:22,Agree,Agree
2020/02/07,FSM,0,,,0,,0,,,0,,3/26/2020 16:22,Agree,Agree
2020/02/08,FSM,0,,,0,,0,,,0,,3/26/2020 16:22,Agree,Agree
2020/02/09,FSM,0,,,0,,0,,,0,,3/26/2020 16:22,Agree,Agree
2020/02/10,FSM,0,,,0,,0,,,0,,3/26/2020 16:22,Agree,Agree
2020/02/11,FSM,0,,,0,,0,,,0,,3/26/2020 16:22,Agree,Agree
2020/02/12,FSM,0,,,0,,0,,,0,,3/26/2020 16:22,Agree,Agree
2020/02/13,FSM,0,,,0,,0,,,0,,3/26/2020 16:22,Agree,Agree
2020/02/14,FSM,0,,,0,,0,,,0,,3/26/2020 16:22,Agree,Agree
2020/02/15,FSM,0,,,0,,0,,,0,,3/26/2020 16:22,Agree,Agree
2020/02/16,FSM,0,,,0,,0,,,0,,3/26/2020 16:22,Agree,Agree
2020/02/17,FSM,0,,,0,,0,,,0,,3/26/2020 16:22,Agree,Agree
2020/02/18,FSM,0,,,0,,0,,,0,,3/26/2020 16:22,Agree,Agree
2020/02/19,FSM,0,,,0,,0,,,0,,3/26/2020 16:22,Agree,Agree
2020/02/20,FSM,0,,,0,,0,,,0,,3/26/2020 16:22,Agree,Agree
2020/02/21,FSM,0,,,0,,0,,,0,,3/26/2020 16:22,Agree,Agree
2020/02/22,FSM,0,,,0,,0,,,0,,3/26/2020 16:22,Agree,Agree
2020/02/23,FSM,0,,,0,,0,,,0,,3/26/2020 16:22,Agree,Agree
2020/02/24,FSM,0,,,0,,0,,,0,,3/26/2020 16:22,Agree,Agree
2020/02/25,FSM,0,,,0,,0,,,0,,3/26/2020 16:22,Agree,Agree
2020/02/26,FSM,0,,,0,,0,,,0,,3/26/2020 16:22,Agree,Agree
2020/02/27,FSM,0,,,0,,0,,,0,,3/26/2020 16:22,Agree,Agree
2020/02/28,FSM,0,,,0,,0,,,0,,3/26/2020 16:22,Agree,Agree
2020/02/29,FSM,0,,,0,,0,,,0,,3/26/2020 16:22,Agree,Agree
2020/03/01,FSM,0,,,0,,0,,,0,,3/26/2020 16:22,Agree,Agree
2020/03/02,FSM,0,,,0,,0,,,0,,3/26/2020 16:22,Agree,Agree
2020/03/03,FSM,0,,,0,,0,,,0,,3/26/2020 16:22,Agree,Agree
2020/03/04,FSM,0,,,0,,0,,,0,,3/26/2020 16:22,Agree,Agree
2020/03/05,FSM,0,,,0,,0,,,0,,3/26/2020 16:22,Agree,Agree
2020/03/06,FSM,0,,,0,,0,,,0,,3/26/2020 16:22,Agree,Agree
2020/03/07,FSM,0,,,0,,0,,,0,,3/26/2020 16:22,Agree,Agree
2020/03/08,FSM,0,,,0,,0,,,0,,3/26/2020 16:22,Agree,Agree
2020/03/09,FSM,0,,,0,,0,,,0,,3/26/2020 16:22,Agree,Agree
2020/03/10,FSM,0,,,0,,0,,,0,,3/26/2020 16:22,Agree,Agree
2020/03/11,FSM,0,,,0,,0,,,0,,3/26/2020 16:22,Agree,Agree
2020/03/12,FSM,0,,,0,,0,,,0,,3/26/2020 16:22,Agree,Agree
2020/03/13,FSM,0,,,0,,0,,,0,,3/26/2020 16:22,Agree,Agree
2020/03/14,FSM,0,,,0,,0,,,0,,3/26/2020 16:22,Agree,Agree
2020/03/15,FSM,0,,,0,,0,,,0,,3/26/2020 16:22,Agree,Agree
2020/03/16,FSM,0,,,0,,0,,,0,,3/26/2020 16:22,Agree,Agree
2020/03/17,FSM,0,,,0,,0,,,0,,3/26/2020 16:22,Agree,Agree
2020/03/18,FSM,0,,,0,,0,,,0,,3/26/2020 16:22,Agree,Agree
2020/03/19,FSM,0,,,0,,0,,,0,,3/26/2020 16:22,Agree,Agree
2020/03/20,FSM,0,,,0,,0,,,0,,3/26/2020 16:22,Agree,Agree
2020/03/21,FSM,0,,,0,,0,,,0,,3/26/2020 16:22,Agree,Agree
2020/03/22,FSM,0,,,0,,0,,,0,,3/26/2020 16:22,Agree,Agree
2020/03/23,FSM,0,,,0,,0,,,0,,3/26/2020 16:22,Agree,Agree
2020/03/24,FSM,0,,,0,,0,,,0,,3/26/2020 16:22,Agree,Agree
2020/03/25,FSM,0,,,0,,0,,,0,,3/26/2020 16:22,Agree,Agree
2020/03/26,FSM,0,,,0,,0,,,0,,3/26/2020 16:22,Agree,Agree
2020/03/27,FSM,0,,,0,,0,,,0,,3/26/2020 16:22,Agree,Agree
2020/03/28,FSM,0,,,0,,0,,,0,,3/28/2020 16:22,Agree,Agree
2020/03/29,FSM,0,,,0,,0,,,0,,3/28/2020 16:22,Agree,Agree
2020/03/30,FSM,0,,,0,,0,,,0,,3/29/2020 16:22,Agree,Agree
2020/03/31,FSM,0,,,0,,0,,,0,,3/30/2020 16:22,Agree,Agree
2020/04/01,FSM,0,,,0,,0,,,0,,3/31/2020 16:22,Agree,Agree
2020/04/02,FSM,0,,,0,,0,,,0,,4/1/2020 16:22,Agree,Agree
2020/04/03,FSM,0,,,0,,0,,,0,,4/3/2020 16:22,Agree,Agree
2020/04/04,FSM,0,,,0,,0,,,0,,4/3/2020 16:22,Agree,Agree
2020/04/05,FSM,0,,,0,,0,,,0,,4/4/2020 16:22,Agree,Agree
2020/04/06,FSM,0,,,0,,0,,,0,,4/5/2020 16:22,Agree,Agree
2020/04/07,FSM,0,,,0,,0,,,0,,4/7/2020 16:22,Agree,Agree
2020/04/08,FSM,0,,,0,,0,,,0,,4/7/2020 16:22,Agree,Agree
2020/04/09,FSM,0,,,0,,0,,,0,,4/8/2020 16:22,Agree,Agree
2020/04/10,FSM,0,,,0,,0,,,0,,4/9/2020 16:22,Agree,Agree
2020/04/11,FSM,0,,,0,,0,,,0,,4/10/2020 16:22,Agree,Agree
2020/04/12,FSM,0,,,0,,0,,,0,,4/11/2020 16:22,Agree,Agree
2020/04/13,FSM,0,,,0,,0,,,0,,4/12/2020 16:22,Agree,Agree
2020/04/14,FSM,0,,,0,,0,,,0,,4/13/2020 16:22,Agree,Agree
2020/04/15,FSM,0,,,0,,0,,,0,,4/15/2020 16:22,Agree,Agree
2020/04/16,FSM,0,,,0,,0,,,0,,4/16/2020 16:22,Agree,Agree
2020/04/17,FSM,0,,,0,,0,,,0,,4/17/2020 16:22,Agree,Agree
2020/04/18,FSM,0,,,0,,0,,,0,,4/18/2020 16:22,Agree,Agree
2020/04/19,FSM,0,0,0,0,0,0,0,0,0,0,4/19/2020 16:22,Agree,Agree
2020/04/20,FSM,0,,,0,,0,,,0,,4/20/2020 16:22,Agree,Agree
2020/04/21,FSM,0,0,0,0,0,0,0,0,0,0,4/21/2020 16:22,Agree,Agree
2020/04/22,FSM,0,0,0,0,0,0,0,0,0,0,4/22/2020 16:22,Agree,Agree
2020/04/23,FSM,0,0,0,0,0,0,0,0,0,0,5/25/2020 15:38,Agree,Agree
2020/04/24,FSM,0,0,0,0,0,0,0,0,0,0,5/25/2020 15:38,Agree,Agree
2020/04/25,FSM,0,0,0,0,0,0,0,0,0,0,5/25/2020 15:38,Agree,Agree
2020/04/26,FSM,0,0,0,0,0,0,0,0,0,0,5/25/2020 15:38,Agree,Agree
2020/04/27,FSM,0,0,0,0,0,0,0,0,0,0,5/25/2020 15:38,Agree,Agree
2020/04/28,FSM,0,0,0,0,0,0,0,0,0,0,4/29/2020 18:12,Agree,Agree
2020/04/29,FSM,0,0,0,0,0,0,0,0,0,0,4/30/2020 16:07,Agree,Agree
2020/04/30,FSM,0,0,0,0,0,0,0,0,0,0,5/1/2020 21:00,Agree,Agree
2020/05/01,FSM,0,0,0,0,0,0,0,0,0,0,5/2/2020 15:47,Agree,Agree
2020/05/02,FSM,0,0,0,0,0,0,0,0,0,0,5/3/2020 15:36,Agree,Agree
2020/05/03,FSM,0,0,0,0,0,0,0,0,0,0,5/4/2020 22:49,Agree,Agree
2020/05/04,FSM,0,0,0,0,0,0,0,0,0,0,5/5/2020 17:25,Agree,Agree
2020/05/05,FSM,0,0,0,0,0,0,0,0,0,0,5/6/2020 16:23,Agree,Agree
2020/05/06,FSM,0,0,0,0,0,0,0,0,0,0,5/7/2020 22:59,Agree,Agree
2020/05/07,FSM,0,0,0,0,0,0,0,0,0,0,5/8/2020 21:26,Agree,Agree
2020/05/08,FSM,0,0,0,0,0,0,0,0,0,0,5/9/2020 21:26,Agree,Agree
2020/05/09,FSM,0,0,0,0,0,0,0,0,0,0,5/10/2020 21:26,Agree,Agree
2020/05/10,FSM,0,0,0,0,0,0,0,0,0,0,5/11/2020 21:26,Agree,Agree
2020/05/11,FSM,0,0,0,0,0,0,0,0,0,0,5/12/2020 17:26,Agree,Agree
2020/05/12,FSM,0,0,0,0,0,0,0,0,0,0,5/13/2020 15:26,Agree,Agree
2020/05/13,FSM,0,0,0,0,0,0,0,0,0,0,5/14/2020 17:25,Agree,Agree
2020/05/14,FSM,0,0,0,0,0,0,0,0,0,0,5/15/2020 16:11,Agree,Agree
2020/05/15,FSM,0,0,0,0,0,0,0,0,0,0,5/16/2020 15:46,Agree,Agree
2020/05/16,FSM,0,0,0,0,0,0,0,0,0,0,5/17/2020 15:27,Agree,Agree
2020/05/17,FSM,0,0,0,0,0,0,0,0,0,0,5/18/2020 16:01,Agree,Agree
2020/05/18,FSM,0,0,0,0,0,0,0,0,0,0,5/19/2020 15:45,Agree,Agree
2020/05/19,FSM,0,0,0,0,0,0,0,0,0,0,5/20/2020 15:28,Agree,Agree
2020/05/20,FSM,0,0,0,0,0,0,0,0,0,0,5/21/2020 15:41,Agree,Agree
2020/05/21,FSM,0,0,0,0,0,0,0,0,0,0,5/22/2020 15:31,Agree,Agree
2020/05/22,FSM,0,0,0,0,0,0,0,0,0,0,5/23/2020 17:58,Agree,Agree
2020/05/23,FSM,0,0,0,0,0,0,0,0,0,0,5/24/2020 14:15,Agree,Agree
2020/05/24,FSM,0,0,0,0,0,0,0,0,0,0,5/25/2020 14:12,Agree,Agree
2020/05/25,FSM,0,0,0,0,0,0,0,0,0,0,5/26/2020 14:23,Agree,Agree
2020/05/26,FSM,0,0,0,0,0,0,0,0,0,0,5/27/2020 15:37,Agree,Agree
2020/05/27,FSM,0,0,0,0,0,0,0,0,0,0,5/28/2020 15:12,Agree,Agree
2020/05/28,FSM,0,0,0,0,0,0,0,0,0,0,5/29/2020 14:19,Agree,Agree
2020/05/29,FSM,0,0,0,0,0,0,0,0,0,0,5/30/2020 15:47,Agree,Agree
2020/05/30,FSM,0,0,0,0,0,0,0,0,0,0,5/31/2020 14:43,Agree,Agree
2020/05/31,FSM,0,0,0,0,0,0,0,0,0,0,6/1/2020 14:17,Agree,Agree
2020/06/01,FSM,0,0,0,0,0,0,0,0,0,0,6/2/2020 14:16,Agree,Agree
2020/06/02,FSM,0,0,0,0,0,0,0,0,0,0,6/3/2020 14:11,Agree,Agree
2020/06/03,FSM,0,0,0,0,0,0,0,0,0,0,6/4/2020 15:03,Agree,Agree
2020/06/04,FSM,0,0,0,0,0,0,0,0,0,0,6/5/2020 15:17,Agree,Agree
2020/06/05,FSM,0,0,0,0,0,0,0,0,0,0,6/6/2020 14:31,Agree,Agree
2020/06/06,FSM,0,0,0,0,0,0,0,0,0,0,6/7/2020 14:23,Agree,Agree
2020/06/07,FSM,0,0,0,0,0,0,0,0,0,0,6/8/2020 14:55,Agree,Agree
2020/06/08,FSM,0,0,0,0,0,0,0,0,0,0,6/9/2020 16:49,Agree,Agree
2020/06/09,FSM,0,0,0,0,0,0,0,0,0,0,6/10/2020 20:56,Agree,Agree
2020/06/10,FSM,0,0,0,0,0,0,0,0,0,0,6/11/2020 14:48,Agree,Agree
2020/06/11,FSM,0,0,0,0,0,0,0,0,0,0,6/12/2020 14:17,Agree,Agree
2020/06/12,FSM,0,0,0,0,0,0,0,0,0,0,6/13/2020 17:46,Agree,Agree
2020/06/13,FSM,0,0,0,0,0,0,0,0,0,0,6/14/2020 14:19,Agree,Agree
2020/06/14,FSM,0,0,0,0,0,0,0,0,0,0,6/15/2020 14:33,Agree,Agree
2020/06/15,FSM,0,0,0,0,0,0,0,0,0,0,6/16/2020 14:10,Agree,Agree
2020/06/16,FSM,0,0,0,0,0,0,0,0,0,0,6/17/2020 15:06,Agree,Agree
2020/06/17,FSM,0,0,0,0,0,0,0,0,0,0,6/18/2020 17:16,Agree,Agree
2020/06/18,FSM,0,0,0,0,0,0,0,0,0,0,6/19/2020 15:01,Agree,Agree
2020/06/19,FSM,0,0,0,0,0,0,0,0,0,0,6/20/2020 14:15,Agree,Agree
2020/06/20,FSM,0,0,0,0,0,0,0,0,0,0,6/21/2020 14:32,Agree,Agree
2020/06/21,FSM,0,0,0,0,0,0,0,0,0,0,6/22/2020 15:24,Agree,Agree
2020/06/22,FSM,0,0,0,0,0,0,0,0,0,0,6/23/2020 14:28,Agree,Agree
2020/06/23,FSM,0,0,0,0,0,0,0,0,0,0,6/24/2020 15:03,Agree,Agree
2020/06/24,FSM,0,0,0,0,0,0,0,0,0,0,6/25/2020 14:07,Agree,Agree
2020/06/25,FSM,0,0,0,0,0,0,0,0,0,0,6/26/2020 19:18,Agree,Agree
2020/06/26,FSM,0,0,0,0,0,0,0,0,0,0,6/27/2020 17:51,Agree,Agree
2020/06/27,FSM,0,0,0,0,0,0,0,0,0,0,6/28/2020 14:59,Agree,Agree
2020/06/28,FSM,0,0,0,0,0,0,0,0,0,0,6/29/2020 14:37,Agree,Agree
2020/06/29,FSM,0,0,0,0,0,0,0,0,0,0,6/30/2020 15:27,Agree,Agree
2020/06/30,FSM,0,0,0,0,0,0,0,0,0,0,7/1/2020 15:45,Agree,Agree
2020/07/01,FSM,0,0,0,0,0,0,0,0,0,0,7/2/2020 15:10,Agree,Agree
2020/07/02,FSM,0,0,0,0,0,0,0,0,0,0,7/3/2020 15:01,Agree,Agree
2020/07/03,FSM,0,0,0,0,0,0,0,0,0,0,7/4/2020 15:30,Agree,Agree
2020/07/04,FSM,0,0,0,0,0,0,0,0,0,0,7/5/2020 15:00,Agree,Agree
2020/07/05,FSM,0,0,0,0,0,0,0,0,0,0,7/6/2020 15:16,Agree,Agree
2020/07/06,FSM,0,0,0,0,0,0,0,0,0,0,7/7/2020 14:58,Agree,Agree
2020/07/07,FSM,0,0,0,0,0,0,0,0,0,0,7/8/2020 14:12,Agree,Agree
2020/07/08,FSM,0,0,0,0,0,0,0,0,0,0,7/9/2020 15:14,Agree,Agree
2020/07/09,FSM,0,0,0,0,0,0,0,0,0,0,7/10/2020 15:35,Agree,Agree
2020/07/10,FSM,0,0,0,0,0,0,0,0,0,0,7/11/2020 18:25,Agree,Agree
2020/07/11,FSM,0,0,0,0,0,0,0,0,0,0,7/12/2020 15:13,Agree,Agree
2020/07/12,FSM,0,0,0,0,0,0,0,0,0,0,7/13/2020 15:19,Agree,Agree
2020/07/13,FSM,0,0,0,0,0,0,0,0,0,0,7/14/2020 15:13,Agree,Agree
2020/07/14,FSM,0,0,0,0,0,0,0,0,0,0,7/15/2020 15:05,Agree,Agree
2020/07/15,FSM,0,0,0,0,0,0,0,0,0,0,7/16/2020 14:22,Agree,Agree
2020/07/16,FSM,0,0,0,0,0,0,0,0,0,0,7/17/2020 14:31,Agree,Agree
2020/07/17,FSM,0,0,0,0,0,0,0,0,0,0,7/18/2020 16:14,Agree,Agree
2020/07/18,FSM,0,0,0,0,0,0,0,0,0,0,7/19/2020 15:05,Agree,Agree
2020/07/19,FSM,0,0,0,0,0,0,0,0,0,0,7/20/2020 14:35,Agree,Agree
2020/07/20,FSM,0,0,0,0,0,0,0,0,0,0,7/21/2020 14:50,Agree,Agree
2020/07/21,FSM,0,0,0,0,0,0,0,0,0,0,7/22/2020 14:51,Agree,Agree
2020/07/22,FSM,0,0,0,0,0,0,0,0,0,0,7/23/2020 14:48,Agree,Agree
2020/07/23,FSM,0,0,0,0,0,0,0,0,0,0,7/24/2020 14:18,Agree,Agree
2020/07/24,FSM,0,0,0,0,0,0,0,0,0,0,7/25/2020 17:40,Agree,Agree
2020/07/25,FSM,0,0,0,0,0,0,0,0,0,0,7/26/2020 15:17,Agree,Agree
2020/07/26,FSM,0,0,0,0,0,0,0,0,0,0,7/27/2020 14:16,Agree,Agree
2020/07/27,FSM,0,0,0,0,0,0,0,0,0,0,7/28/2020 14:21,Agree,Agree
2020/07/28,FSM,0,0,0,0,0,0,0,0,0,0,7/29/2020 14:34,Agree,Agree
2020/07/29,FSM,0,0,0,0,0,0,0,0,0,0,7/30/2020 14:42,Agree,Agree
2020/07/30,FSM,0,0,0,0,0,0,0,0,0,0,7/31/2020 14:35,Agree,Agree
2020/07/31,FSM,0,0,0,0,0,0,0,0,0,0,8/1/2020 14:38,Agree,Agree
2020/08/01,FSM,0,0,0,0,0,0,0,0,0,0,8/2/2020 14:54,Agree,Agree
2020/08/02,FSM,0,0,0,0,0,0,0,0,0,0,8/3/2020 14:31,Agree,Agree
2020/08/03,FSM,0,0,0,0,0,0,0,0,0,0,8/4/2020 14:09,Agree,Agree
2020/08/04,FSM,0,0,0,0,0,0,0,0,0,0,8/5/2020 14:13,Agree,Agree
2020/08/05,FSM,0,0,0,0,0,0,0,0,0,0,8/6/2020 14:12,Agree,Agree
2020/08/06,FSM,0,0,0,0,0,0,0,0,0,0,8/7/2020 23:57,Agree,Agree
2020/08/07,FSM,0,0,0,0,0,0,0,0,0,0,8/8/2020 14:58,Agree,Agree
2020/08/08,FSM,0,0,0,0,0,0,0,0,0,0,8/9/2020 14:03,Agree,Agree
2020/08/09,FSM,0,0,0,0,0,0,0,0,0,0,8/10/2020 14:23,Agree,Agree
2020/08/10,FSM,0,0,0,0,0,0,0,0,0,0,8/11/2020 14:16,Agree,Agree
2020/08/11,FSM,0,0,0,0,0,0,0,0,0,0,8/12/2020 13:50,Agree,Agree
2020/08/12,FSM,0,0,0,0,0,0,0,0,0,0,8/13/2020 14:12,Agree,Agree
2020/08/13,FSM,0,0,0,0,0,0,0,0,0,0,8/14/2020 14:30,Agree,Agree
2020/08/14,FSM,0,0,0,0,0,0,0,0,0,0,8/15/2020 14:02,Agree,Agree
2020/08/15,FSM,0,0,0,0,0,0,0,0,0,0,8/16/2020 14:57,Agree,Agree
2020/08/16,FSM,0,0,0,0,0,0,0,0,0,0,8/17/2020 14:26,Agree,Agree
2020/08/17,FSM,0,0,0,0,0,0,0,0,0,0,8/18/2020 14:26,Agree,Agree
2020/08/18,FSM,0,0,0,0,0,0,0,0,0,0,8/19/2020 14:23,Agree,Agree
2020/08/19,FSM,0,0,0,0,0,0,0,0,0,0,8/20/2020 15:11,Agree,Agree
2020/08/20,FSM,0,0,0,0,0,0,0,0,0,0,8/21/2020 14:27,Agree,Agree
2020/08/21,FSM,0,0,0,0,0,0,0,0,0,0,8/22/2020 14:21,Agree,Agree
2020/08/22,FSM,0,0,0,0,0,0,0,0,0,0,8/23/2020 14:15,Agree,Agree
2020/08/23,FSM,0,0,0,0,0,0,0,0,0,0,8/24/2020 13:54,Agree,Agree
2020/08/24,FSM,0,0,0,0,0,0,0,0,0,0,8/25/2020 14:02,Agree,Agree
2020/08/25,FSM,0,0,0,0,0,0,0,0,0,0,8/26/2020 13:51,Agree,Agree
2020/08/26,FSM,0,0,0,0,0,0,0,0,0,0,8/27/2020 13:42,Agree,Agree
2020/08/27,FSM,0,0,0,0,0,0,0,0,0,0,8/28/2020 13:43,Agree,Agree
2020/08/28,FSM,0,0,0,0,0,0,0,0,0,0,8/29/2020 13:42,Agree,Agree
2020/08/29,FSM,0,0,0,0,0,0,0,0,0,0,8/30/2020 14:49,Agree,Agree
2020/08/30,FSM,0,0,0,0,0,0,0,0,0,0,8/31/2020 14:05,Agree,Agree
2020/08/31,FSM,0,0,0,0,0,0,0,0,0,0,9/1/2020 14:09,Agree,Agree
2020/09/01,FSM,0,0,0,0,0,0,0,0,0,0,9/2/2020 13:49,Agree,Agree
2020/09/02,FSM,0,0,0,0,0,0,0,0,0,0,9/3/2020 14:18,Agree,Agree
2020/09/03,FSM,0,0,0,0,0,0,0,0,0,0,9/4/2020 13:36,Agree,Agree
2020/09/04,FSM,0,0,0,0,0,0,0,0,0,0,9/5/2020 14:09,Agree,Agree
2020/09/05,FSM,0,0,0,0,0,0,0,0,0,0,9/6/2020 14:09,Agree,Agree
2020/09/06,FSM,0,0,0,0,0,0,0,0,0,0,9/7/2020 13:37,Agree,Agree
2020/09/07,FSM,0,0,0,0,0,0,0,0,0,0,9/8/2020 14:47,Agree,Agree
2020/09/08,FSM,0,0,0,0,0,0,0,0,0,0,9/9/2020 13:47,Agree,Agree
2020/09/09,FSM,0,0,0,0,0,0,0,0,0,0,9/10/2020 14:02,Agree,Agree
2020/09/10,FSM,0,0,0,0,0,0,0,0,0,0,9/11/2020 13:51,Agree,Agree
2020/09/11,FSM,0,0,0,0,0,0,0,0,0,0,9/12/2020 14:12,Agree,Agree
2020/09/12,FSM,0,0,0,0,0,0,0,0,0,0,9/13/2020 16:17,Agree,Agree
2020/09/13,FSM,0,0,0,0,0,0,0,0,0,0,9/14/2020 14:01,Agree,Agree
2020/09/14,FSM,0,0,0,0,0,0,0,0,0,0,9/15/2020 14:03,Agree,Agree
2020/09/15,FSM,0,0,0,0,0,0,0,0,0,0,9/16/2020 13:53,Agree,Agree
2020/09/16,FSM,0,0,0,0,0,0,0,0,0,0,9/17/2020 13:45,Agree,Agree
2020/09/17,FSM,0,0,0,0,0,0,0,0,0,0,9/18/2020 13:48,Agree,Agree
2020/09/18,FSM,0,0,0,0,0,0,0,0,0,0,9/19/2020 14:00,Agree,Agree
2020/09/19,FSM,0,0,0,0,0,0,0,0,0,0,9/20/2020 13:53,Agree,Agree
2020/09/20,FSM,0,0,0,0,0,0,0,0,0,0,9/21/2020 13:47,Agree,Agree
2020/09/21,FSM,0,0,0,0,0,0,0,0,0,0,9/22/2020 13:51,Agree,Agree
2020/09/22,FSM,0,0,0,0,0,0,0,0,0,0,9/23/2020 13:51,Agree,Agree
2020/09/23,FSM,0,0,0,0,0,0,0,0,0,0,9/24/2020 13:54,Agree,Agree
2020/09/24,FSM,0,0,0,0,0,0,0,0,0,0,9/25/2020 13:54,Agree,Agree
2020/09/25,FSM,0,0,0,0,0,0,0,0,0,0,9/26/2020 13:46,Agree,Agree
2020/01/22,PW,0,,,0,,0,,,0,,3/26/2020 16:22,,
2020/01/23,PW,0,,,0,,0,,,0,,3/26/2020 16:22,,
2020/01/24,PW,0,,,0,,0,,,0,,3/26/2020 16:22,,
2020/01/25,PW,0,,,0,,0,,,0,,3/26/2020 16:22,,
2020/01/26,PW,0,,,0,,0,,,0,,3/26/2020 16:22,,
2020/01/27,PW,0,,,0,,0,,,0,,3/26/2020 16:22,,
2020/01/28,PW,0,,,0,,0,,,0,,3/26/2020 16:22,,
2020/01/29,PW,0,,,0,,0,,,0,,3/26/2020 16:22,,
2020/01/30,PW,0,,,0,,0,,,0,,3/26/2020 16:22,,
2020/01/31,PW,0,,,0,,0,,,0,,3/26/2020 16:22,,
2020/02/01,PW,0,,,0,,0,,,0,,3/26/2020 16:22,,
2020/02/02,PW,0,,,0,,0,,,0,,3/26/2020 16:22,,
2020/02/03,PW,0,,,0,,0,,,0,,3/26/2020 16:22,,
2020/02/04,PW,0,,,0,,0,,,0,,3/26/2020 16:22,,
2020/02/05,PW,0,,,0,,0,,,0,,3/26/2020 16:22,,
2020/02/06,PW,0,,,0,,0,,,0,,3/26/2020 16:22,,
2020/02/07,PW,0,,,0,,0,,,0,,3/26/2020 16:22,,
2020/02/08,PW,0,,,0,,0,,,0,,3/26/2020 16:22,,
2020/02/09,PW,0,,,0,,0,,,0,,3/26/2020 16:22,,
2020/02/10,PW,0,,,0,,0,,,0,,3/26/2020 16:22,,
2020/02/11,PW,0,,,0,,0,,,0,,3/26/2020 16:22,,
2020/02/12,PW,0,,,0,,0,,,0,,3/26/2020 16:22,,
2020/02/13,PW,0,,,0,,0,,,0,,3/26/2020 16:22,,
2020/02/14,PW,0,,,0,,0,,,0,,3/26/2020 16:22,,
2020/02/15,PW,0,,,0,,0,,,0,,3/26/2020 16:22,,
2020/02/16,PW,0,,,0,,0,,,0,,3/26/2020 16:22,,
2020/02/17,PW,0,,,0,,0,,,0,,3/26/2020 16:22,,
2020/02/18,PW,0,,,0,,0,,,0,,3/26/2020 16:22,,
2020/02/19,PW,0,,,0,,0,,,0,,3/26/2020 16:22,,
2020/02/20,PW,0,,,0,,0,,,0,,3/26/2020 16:22,,
2020/02/21,PW,0,,,0,,0,,,0,,3/26/2020 16:22,,
2020/02/22,PW,0,,,0,,0,,,0,,3/26/2020 16:22,,
2020/02/23,PW,0,,,0,,0,,,0,,3/26/2020 16:22,,
2020/02/24,PW,0,,,0,,0,,,0,,3/26/2020 16:22,,
2020/02/25,PW,0,,,0,,0,,,0,,3/26/2020 16:22,,
2020/02/26,PW,0,,,0,,0,,,0,,3/26/2020 16:22,,
2020/02/27,PW,0,,,0,,0,,,0,,3/26/2020 16:22,,
2020/02/28,PW,0,,,0,,0,,,0,,3/26/2020 16:22,,
2020/02/29,PW,0,,,0,,0,,,0,,3/26/2020 16:22,,
2020/03/01,PW,0,,,0,,0,,,0,,3/26/2020 16:22,,
2020/03/02,PW,0,,,0,,0,,,0,,3/26/2020 16:22,,
2020/03/03,PW,0,,,0,,0,,,0,,3/26/2020 16:22,,
2020/03/04,PW,0,,,0,,0,,,0,,3/26/2020 16:22,,
2020/03/05,PW,0,,,0,,0,,,0,,3/26/2020 16:22,,
2020/03/06,PW,0,,,0,,0,,,0,,3/26/2020 16:22,,
2020/03/07,PW,0,,,0,,0,,,0,,3/26/2020 16:22,,
2020/03/08,PW,0,,,0,,0,,,0,,3/26/2020 16:22,,
2020/03/09,PW,0,,,0,,0,,,0,,3/26/2020 16:22,,
2020/03/10,PW,0,,,0,,0,,,0,,3/26/2020 16:22,,
2020/03/11,PW,0,,,0,,0,,,0,,3/26/2020 16:22,,
2020/03/12,PW,0,,,0,,0,,,0,,3/26/2020 16:22,,
2020/03/13,PW,0,,,0,,0,,,0,,3/26/2020 16:22,,
2020/03/14,PW,0,,,0,,0,,,0,,3/26/2020 16:22,,
2020/03/15,PW,0,,,0,,0,,,0,,3/26/2020 16:22,,
2020/03/16,PW,0,,,0,,0,,,0,,3/26/2020 16:22,,
2020/03/17,PW,0,,,0,,0,,,0,,3/26/2020 16:22,,
2020/03/18,PW,0,,,0,,0,,,0,,3/26/2020 16:22,,
2020/03/19,PW,0,,,0,,0,,,0,,3/26/2020 16:22,,
2020/03/20,PW,0,,,0,,0,,,0,,3/26/2020 16:22,,
2020/03/21,PW,0,,,0,,0,,,0,,3/26/2020 16:22,,
2020/03/22,PW,0,,,0,,0,,,0,,3/26/2020 16:22,,
2020/03/23,PW,0,,,0,,0,,,0,,3/26/2020 16:22,,
2020/03/24,PW,0,,,0,,0,,,0,,3/26/2020 16:22,,
2020/03/25,PW,0,,,0,,0,,,0,,3/26/2020 16:22,,
2020/03/26,PW,0,,,0,,0,,,0,,3/26/2020 16:22,,
2020/03/27,PW,0,,,0,,0,,,0,,3/26/2020 16:22,,
2020/03/28,PW,0,,,0,,0,,,0,,3/28/2020 16:22,,
2020/03/29,PW,0,,,0,,0,,,0,,3/28/2020 16:22,,
2020/03/30,PW,0,,,0,,0,,,0,,3/29/2020 16:22,,
2020/03/31,PW,0,,,0,,0,,,0,,3/30/2020 16:22,,
2020/04/01,PW,0,,,0,,0,,,0,,3/31/2020 16:22,,
2020/04/02,PW,0,,,0,,0,,,0,,4/1/2020 16:22,,
2020/04/03,PW,0,,,0,,0,,,0,,4/3/2020 16:22,,
2020/04/04,PW,0,,,0,,0,,,0,,4/3/2020 16:22,,
2020/04/05,PW,0,,,0,,0,,,0,,4/4/2020 16:22,,
2020/04/06,PW,0,,,0,,0,,,0,,4/5/2020 16:22,,
2020/04/07,PW,0,,,0,,0,,,0,,4/7/2020 16:22,,
2020/04/08,PW,0,,,0,,0,,,0,,4/7/2020 16:22,,
2020/04/09,PW,0,,,0,,0,,,0,,4/8/2020 16:22,,
2020/04/10,PW,0,,,0,,0,,,0,,4/9/2020 16:22,,
2020/04/11,PW,0,,,0,,0,,,0,,4/10/2020 16:22,,
2020/04/12,PW,0,,,0,,0,,,0,,4/11/2020 16:22,,
2020/04/13,PW,0,,,0,,0,,,0,,4/12/2020 16:22,,
2020/04/14,PW,0,,,0,,0,,,0,,4/13/2020 16:22,,
2020/04/15,PW,0,,,0,,0,,,0,,4/15/2020 16:22,,
2020/04/16,PW,0,,,0,,0,,,0,,4/16/2020 16:22,,
2020/04/17,PW,0,,,0,,0,,,0,,4/17/2020 16:22,,
2020/04/18,PW,0,,,0,,0,,,0,,4/18/2020 16:22,,
2020/04/19,PW,0,,,0,0,0,,,0,0,4/19/2020 16:22,,
2020/04/20,PW,0,,,0,,0,,,0,,4/20/2020 16:22,,
2020/04/21,PW,0,,,0,0,0,,,0,0,4/21/2020 16:22,,
2020/04/22,PW,0,,,0,0,0,,,0,0,4/22/2020 16:22,,
2020/04/23,PW,0,,,0,0,0,,,0,0,5/25/2020 15:38,,
2020/04/24,PW,0,,,0,0,0,,,0,0,5/25/2020 15:38,,
2020/04/25,PW,0,,,0,0,0,,,0,0,5/25/2020 15:38,,
2020/04/26,PW,0,,,0,0,0,,,0,0,5/25/2020 15:38,,
2020/04/27,PW,0,,,0,0,0,,,0,0,5/25/2020 15:38,,
2020/04/28,PW,0,,,0,0,0,,,0,0,4/29/2020 18:12,,
2020/04/29,PW,0,,,0,0,0,,,0,0,4/30/2020 16:07,,
2020/04/30,PW,0,,,0,0,0,,,0,0,5/1/2020 21:00,,
2020/05/01,PW,0,,,0,0,0,,,0,0,5/2/2020 15:47,,
2020/05/02,PW,0,,,0,0,0,,,0,0,5/3/2020 15:36,,
2020/05/03,PW,0,,,0,0,0,,,0,0,5/4/2020 22:49,,
2020/05/04,PW,0,,,0,0,0,,,0,0,5/5/2020 17:25,,
2020/05/05,PW,0,,,0,0,0,,,0,0,5/6/2020 16:23,,
2020/05/06,PW,0,,,0,0,0,,,0,0,5/7/2020 22:59,,
2020/05/07,PW,0,,,0,0,0,,,0,0,5/8/2020 21:26,,
2020/05/08,PW,0,,,0,0,0,,,0,0,5/9/2020 21:26,,
2020/05/09,PW,0,,,0,0,0,,,0,0,5/10/2020 21:26,,
2020/05/10,PW,0,,,0,0,0,,,0,0,5/11/2020 21:26,,
2020/05/11,PW,0,,,0,0,0,,,0,0,5/12/2020 17:26,,
2020/05/12,PW,0,,,0,0,0,,,0,0,5/13/2020 15:26,,
2020/05/13,PW,0,,,0,0,0,,,0,0,5/14/2020 17:25,,
2020/05/14,PW,0,,,0,0,0,,,0,0,5/15/2020 16:11,,
2020/05/15,PW,0,,,0,0,0,,,0,0,5/16/2020 15:46,,
2020/05/16,PW,0,,,0,0,0,,,0,0,5/17/2020 15:27,,
2020/05/17,PW,0,,,0,0,0,,,0,0,5/18/2020 16:01,,
2020/05/18,PW,0,,,0,0,0,,,0,0,5/19/2020 15:45,,
2020/05/19,PW,0,,,0,0,0,,,0,0,5/20/2020 15:28,,
2020/05/20,PW,0,,,0,0,0,,,0,0,5/21/2020 15:41,,
2020/05/21,PW,0,,,0,0,0,,,0,0,5/22/2020 15:31,,
2020/05/22,PW,0,,,0,0,0,,,0,0,5/23/2020 17:58,,
2020/05/23,PW,0,,,0,0,0,,,0,0,5/24/2020 14:15,,
2020/05/24,PW,0,,,0,0,0,,,0,0,5/25/2020 14:12,,
2020/05/25,PW,0,,,0,0,0,,,0,0,5/26/2020 14:23,,
2020/05/26,PW,0,,,0,0,0,,,0,0,5/27/2020 15:37,,
2020/05/27,PW,0,,,0,0,0,,,0,0,5/28/2020 15:12,,
2020/05/28,PW,0,,,0,0,0,,,0,0,5/29/2020 14:19,,
2020/05/29,PW,0,,,0,0,0,,,0,0,5/30/2020 15:47,,
2020/05/30,PW,0,,,0,0,0,,,0,0,5/31/2020 14:43,,
2020/05/31,PW,0,,,0,0,0,,,0,0,6/1/2020 14:17,,
2020/06/01,PW,0,,,0,0,0,,,0,0,6/2/2020 14:16,,
2020/06/02,PW,0,,,0,0,0,,,0,0,6/3/2020 14:11,,
2020/06/03,PW,0,,,0,0,0,,,0,0,6/4/2020 15:03,,
2020/06/04,PW,0,,,0,0,0,,,0,0,6/5/2020 15:17,,
2020/06/05,PW,0,,,0,0,0,,,0,0,6/6/2020 14:31,,
2020/06/06,PW,0,,,0,0,0,,,0,0,6/7/2020 14:23,,
2020/06/07,PW,0,,,0,0,0,,,0,0,6/8/2020 14:55,,
2020/06/08,PW,0,,,0,0,0,,,0,0,6/9/2020 16:49,,
2020/06/09,PW,0,,,0,0,0,,,0,0,6/10/2020 20:56,,
2020/06/10,PW,0,,,0,0,0,,,0,0,6/11/2020 14:48,,
2020/06/11,PW,0,,,0,0,0,,,0,0,6/12/2020 14:17,,
2020/06/12,PW,0,,,0,0,0,,,0,0,6/13/2020 17:46,,
2020/06/13,PW,0,,,0,0,0,,,0,0,6/14/2020 14:19,,
2020/06/14,PW,0,,,0,0,0,,,0,0,6/15/2020 14:33,,
2020/06/15,PW,0,,,0,0,0,,,0,0,6/16/2020 14:10,,
2020/06/16,PW,0,,,0,0,0,,,0,0,6/17/2020 15:06,,
2020/06/17,PW,0,,,0,0,0,,,0,0,6/18/2020 17:16,,
2020/06/18,PW,0,,,0,0,0,,,0,0,6/19/2020 15:01,,
2020/06/19,PW,0,,,0,0,0,,,0,0,6/20/2020 14:15,,
2020/06/20,PW,0,,,0,0,0,,,0,0,6/21/2020 14:32,,
2020/06/21,PW,0,,,0,0,0,,,0,0,6/22/2020 15:24,,
2020/06/22,PW,0,,,0,0,0,,,0,0,6/23/2020 14:28,,
2020/06/23,PW,0,,,0,0,0,,,0,0,6/24/2020 15:03,,
2020/06/24,PW,0,,,0,0,0,,,0,0,6/25/2020 14:07,,
2020/06/25,PW,0,,,0,0,0,,,0,0,6/26/2020 19:18,,
2020/06/26,PW,0,,,0,0,0,,,0,0,6/27/2020 17:51,,
2020/06/27,PW,0,,,0,0,0,,,0,0,6/28/2020 14:59,,
2020/06/28,PW,0,,,0,0,0,,,0,0,6/29/2020 14:37,,
2020/06/29,PW,0,,,0,0,0,,,0,0,6/30/2020 15:27,,
2020/06/30,PW,0,,,0,0,0,,,0,0,7/1/2020 15:45,,
2020/07/01,PW,0,,,0,0,0,,,0,0,7/2/2020 15:10,,
2020/07/02,PW,0,,,0,0,0,,,0,0,7/3/2020 15:01,,
2020/07/03,PW,0,,,0,0,0,,,0,0,7/4/2020 15:30,,
2020/07/04,PW,0,,,0,0,0,,,0,0,7/5/2020 15:00,,
2020/07/05,PW,0,,,0,0,0,,,0,0,7/6/2020 15:16,,
2020/07/06,PW,0,,,0,0,0,,,0,0,7/7/2020 14:58,,
2020/07/07,PW,0,,,0,0,0,,,0,0,7/8/2020 14:12,,
2020/07/08,PW,0,,,0,0,0,,,0,0,7/9/2020 15:14,,
2020/07/09,PW,0,,,0,0,0,,,0,0,7/10/2020 15:35,,
2020/07/10,PW,0,,,0,0,0,,,0,0,7/11/2020 18:25,,
2020/07/11,PW,0,,,0,0,0,,,0,0,7/12/2020 15:13,,
2020/07/12,PW,0,,,0,0,0,,,0,0,7/13/2020 15:19,,
2020/07/13,PW,0,,,0,0,0,,,0,0,7/14/2020 15:13,,
2020/07/14,PW,0,,,0,0,0,,,0,0,7/15/2020 15:05,,
2020/07/15,PW,0,,,0,0,0,,,0,0,7/16/2020 14:22,,
2020/07/16,PW,0,,,0,0,0,,,0,0,7/17/2020 14:31,,
2020/07/17,PW,0,,,0,0,0,,,0,0,7/18/2020 16:14,,
2020/07/18,PW,0,,,0,0,0,,,0,0,7/19/2020 15:05,,
2020/07/19,PW,0,,,0,0,0,,,0,0,7/20/2020 14:35,,
2020/07/20,PW,0,,,0,0,0,,,0,0,7/21/2020 14:50,,
2020/07/21,PW,0,,,0,0,0,,,0,0,7/22/2020 14:51,,
2020/07/22,PW,0,,,0,0,0,,,0,0,7/23/2020 14:48,,
2020/07/23,PW,0,,,0,0,0,,,0,0,7/24/2020 14:18,,
2020/07/24,PW,0,,,0,0,0,,,0,0,7/25/2020 17:40,,
2020/07/25,PW,0,,,0,0,0,,,0,0,7/26/2020 15:17,,
2020/07/26,PW,0,,,0,0,0,,,0,0,7/27/2020 14:16,,
2020/07/27,PW,0,,,0,0,0,,,0,0,7/28/2020 14:21,,
2020/07/28,PW,0,,,0,0,0,,,0,0,7/29/2020 14:34,,
2020/07/29,PW,0,,,0,0,0,,,0,0,7/30/2020 14:42,,
2020/07/30,PW,0,,,0,0,0,,,0,0,7/31/2020 14:35,,
2020/07/31,PW,0,,,0,0,0,,,0,0,8/1/2020 14:38,,
2020/08/01,PW,0,,,0,0,0,,,0,0,8/2/2020 14:54,,
2020/08/02,PW,0,,,0,0,0,,,0,0,8/3/2020 14:31,,
2020/08/03,PW,0,,,0,0,0,,,0,0,8/4/2020 14:09,,
2020/08/04,PW,0,,,0,0,0,,,0,0,8/5/2020 14:13,,
2020/08/05,PW,0,,,0,0,0,,,0,0,8/6/2020 14:12,,
2020/08/06,PW,0,,,0,0,0,,,0,0,8/7/2020 23:57,,
2020/08/07,PW,0,,,0,0,0,,,0,0,8/8/2020 14:58,,
2020/08/08,PW,0,,,0,0,0,,,0,0,8/9/2020 14:03,,
2020/08/09,PW,0,,,0,0,0,,,0,0,8/10/2020 14:23,,
2020/08/10,PW,0,,,0,0,0,,,0,0,8/11/2020 14:16,,
2020/08/11,PW,0,,,0,0,0,,,0,0,8/12/2020 13:50,,
2020/08/12,PW,0,,,0,0,0,,,0,0,8/13/2020 14:12,,
2020/08/13,PW,0,,,0,0,0,,,0,0,8/14/2020 14:30,,
2020/08/14,PW,0,,,0,0,0,,,0,0,8/15/2020 14:02,,
2020/08/15,PW,0,,,0,0,0,,,0,0,8/16/2020 14:57,,
2020/08/16,PW,0,,,0,0,0,,,0,0,8/17/2020 14:26,,
2020/08/17,PW,0,,,0,0,0,,,0,0,8/18/2020 14:26,,
2020/08/18,PW,0,,,0,0,0,,,0,0,8/19/2020 14:23,,
2020/08/19,PW,0,,,0,0,0,,,0,0,8/20/2020 15:11,,
2020/08/20,PW,0,,,0,0,0,,,0,0,8/21/2020 14:27,,
2020/08/21,PW,0,,,0,0,0,,,0,0,8/22/2020 14:21,,
2020/08/22,PW,0,,,0,0,0,,,0,0,8/23/2020 14:15,,
2020/08/23,PW,0,,,0,0,0,,,0,0,8/24/2020 13:54,,
2020/08/24,PW,0,,,0,0,0,,,0,0,8/25/2020 14:02,,
2020/08/25,PW,0,,,0,0,0,,,0,0,8/26/2020 13:51,,
2020/08/26,PW,0,,,0,0,0,,,0,0,8/27/2020 13:42,,
2020/08/27,PW,0,,,0,0,0,,,0,0,8/28/2020 13:43,,
2020/08/28,PW,0,,,0,0,0,,,0,0,8/29/2020 13:42,,
2020/08/29,PW,0,,,0,0,0,,,0,0,8/30/2020 14:49,,
2020/08/30,PW,0,,,0,0,0,,,0,0,8/31/2020 14:05,,
2020/08/31,PW,0,,,0,0,0,,,0,0,9/1/2020 14:09,,
2020/09/01,PW,0,,,0,0,0,,,0,0,9/2/2020 13:49,,
2020/09/02,PW,0,,,0,0,0,,,0,0,9/3/2020 14:18,,
2020/09/03,PW,0,,,0,0,0,,,0,0,9/4/2020 13:36,,
2020/09/04,PW,0,,,0,0,0,,,0,0,9/5/2020 14:09,,
2020/09/05,PW,0,,,0,0,0,,,0,0,9/6/2020 14:09,,
2020/09/06,PW,0,,,0,0,0,,,0,0,9/7/2020 13:37,,
2020/09/07,PW,0,,,0,0,0,,,0,0,9/8/2020 14:47,,
2020/09/08,PW,0,,,0,0,0,,,0,0,9/9/2020 13:47,,
2020/09/09,PW,0,,,0,0,0,,,0,0,9/10/2020 14:02,,
2020/09/10,PW,0,,,0,0,0,,,0,0,9/11/2020 13:51,,
2020/09/11,PW,0,,,0,0,0,,,0,0,9/12/2020 14:12,,
2020/09/12,PW,0,,,0,0,0,,,0,0,9/13/2020 16:17,,
2020/09/13,PW,0,,,0,0,0,,,0,0,9/14/2020 14:01,,
2020/09/14,PW,0,,,0,0,0,,,0,0,9/15/2020 14:03,,
2020/09/15,PW,0,,,0,0,0,,,0,0,9/16/2020 13:53,,
2020/09/16,PW,0,,,0,0,0,,,0,0,9/17/2020 13:45,,
2020/09/17,PW,0,,,0,0,0,,,0,0,9/18/2020 13:48,,
2020/09/18,PW,0,,,0,0,0,,,0,0,9/19/2020 14:00,,
2020/09/19,PW,0,,,0,0,0,,,0,0,9/20/2020 13:53,,
2020/09/20,PW,0,,,0,0,0,,,0,0,9/21/2020 13:47,,
2020/09/21,PW,0,,,0,0,0,,,0,0,9/22/2020 13:51,,
2020/09/22,PW,0,,,0,0,0,,,0,0,9/23/2020 13:51,,
2020/09/23,PW,0,,,0,0,0,,,0,0,9/24/2020 13:54,,
2020/09/24,PW,0,,,0,0,0,,,0,0,9/25/2020 13:54,,
2020/09/25,PW,0,,,0,0,0,,,0,0,9/26/2020 13:46,,
